000000 375 1242 1 172.621 212.365 202.281 67.6962 0.947283
000000 375 1242 1 886.418 208.867 166.273 87.6903 0.936275
000000 375 1242 1 504.213 195.425 142.085 50.989 0.897711
000000 375 1242 1 1186.41 189.858 111.187 55.8554 0.859281
000000 375 1242 1 972.808 177.426 134.024 51.9682 0.816482
000001 375 1242 1 916.325 207.09 169.296 88.3301 0.928024
000001 375 1242 1 1208.95 192.432 66.1071 61.4028 0.909118
000001 375 1242 1 473.646 196.675 156.637 55.4413 0.885042
000001 375 1242 1 113.956 217.75 226.717 72.7054 0.878815
000001 375 1242 1 999.899 178.368 128.632 58.1078 0.870879
000002 375 1242 1 936.852 206.376 167.652 89.066 0.936038
000002 375 1242 1 81.9967 215.808 163.993 72.0251 0.892699
000002 375 1242 1 448.2 196.328 162.876 58.9745 0.876321
000002 375 1242 1 1224.0 178.773 27.8584 41.9394 0.608089
000003 375 1242 1 407.794 196.657 179.712 59.7966 0.941676
000003 375 1242 1 47.1386 213.786 94.2772 80.0929 0.923786
000003 375 1242 1 972.147 197.763 176.848 93.8563 0.898398
000003 375 1242 1 1224.31 177.164 29.1611 40.3561 0.685019
000004 375 1242 1 372.367 195.015 196.625 65.7048 0.960331
000004 375 1242 1 1000.22 198.704 182.032 94.2715 0.897647
000005 375 1242 1 327.422 196.38 212.741 69.6221 0.933973
000005 375 1242 1 1033.25 201.568 197.488 98.7149 0.916776
000005 375 1242 1 951.498 175.756 172.355 63.026 0.794822
000005 375 1242 1 1224.34 176.092 35.3115 39.8082 0.733124
000006 375 1242 1 275.923 199.386 238.517 72.0614 0.908813
000006 375 1242 1 1066.22 204.884 201.059 101.017 0.890451
000006 375 1242 1 1216.47 178.602 51.0553 43.9133 0.878374
000006 375 1242 1 937.139 179.117 178.917 61.8871 0.852611
000007 375 1242 1 1099.92 208.332 205.684 101.699 0.927434
000007 375 1242 1 212.539 204.385 255.821 81.8012 0.927237
000007 375 1242 1 1209.2 179.244 65.5907 60.8941 0.876065
000007 375 1242 1 918.619 181.376 169.703 62.1464 0.856693
000008 375 1242 1 1131.61 207.881 213.556 108.383 0.958506
000008 375 1242 1 143.768 212.678 273.919 91.7521 0.948518
000008 375 1242 1 887.874 186.142 174.573 65.6789 0.923076
000008 375 1242 1 1207.1 180.087 68.6582 56.8362 0.770545
000009 375 1242 1 104.236 213.194 208.472 96.2832 0.944333
000009 375 1242 1 1146.79 208.901 190.429 107.007 0.939992
000009 375 1242 1 856.708 186.745 174.815 65.6906 0.917834
000010 375 1242 1 1157.64 209.989 166.289 104.165 0.930643
000010 375 1242 1 826.316 185.933 177.073 70.4348 0.920263
000010 375 1242 1 59.5827 214.527 119.165 104.351 0.878925
000011 375 1242 1 1167.07 211.641 149.857 102.151 0.916889
000011 375 1242 1 793.791 187.292 183.24 69.5877 0.897123
000012 375 1242 1 754.739 193.24 189.858 74.068 0.8954
000012 375 1242 1 1178.83 212.208 126.343 97.8314 0.895184
000012 375 1242 1 1127.11 186.386 140.858 58.6459 0.818743
000013 375 1242 1 706.752 197.317 192.79 80.6409 0.923361
000013 375 1242 1 1184.0 215.934 115.33 103.313 0.892917
000013 375 1242 1 1085.47 194.0 132.72 58.8596 0.877562
000014 375 1242 1 1051.78 197.884 142.751 61.2166 0.895472
000014 375 1242 1 1189.57 218.316 104.861 104.37 0.861659
000014 375 1242 1 661.269 202.226 204.185 89.7599 0.797941
000015 375 1242 1 612.043 205.645 211.022 90.2702 0.919572
000015 375 1242 1 1014.01 198.469 139.205 60.8194 0.887226
000015 375 1242 1 1191.61 226.914 100.773 108.348 0.819666
000016 375 1242 1 550.238 210.321 215.119 87.7982 0.919334
000016 375 1242 1 971.166 201.702 143.355 60.2893 0.864587
000016 375 1242 1 1192.85 224.7 98.3098 91.7581 0.782546
000017 375 1242 1 495.267 214.237 227.722 101.648 0.952393
000017 375 1242 1 926.578 207.526 139.88 63.3201 0.898613
000017 375 1242 1 1130.92 205.993 119.97 45.6048 0.860559
000017 375 1242 1 1191.81 224.711 100.38 101.416 0.801282
000018 375 1242 1 425.125 216.774 247.484 112.9 0.899606
000018 375 1242 1 884.294 208.795 141.182 64.7169 0.886049
000018 375 1242 1 1085.56 205.572 115.648 45.2184 0.855907
000018 375 1242 1 1190.86 223.746 102.272 100.515 0.845433
000019 375 1242 1 1047.74 205.825 113.292 44.4124 0.881629
000019 375 1242 1 839.049 209.543 139.394 67.0653 0.879854
000019 375 1242 1 1181.72 214.7 105.5 72.5237 0.857235
000019 375 1242 1 1148.94 202.043 82.3435 38.954 0.790837
000019 375 1242 1 331.272 228.627 275.92 120.971 0.711002
000020 375 1242 1 793.855 208.43 153.199 69.56 0.922699
000020 375 1242 1 1004.86 204.352 111.557 42.889 0.852962
000020 375 1242 1 1178.62 214.833 114.568 78.3481 0.852891
000020 375 1242 1 1127.45 198.819 93.9517 39.2499 0.829161
000021 375 1242 1 747.182 211.575 155.632 73.911 0.917916
000021 375 1242 1 1175.13 217.997 133.739 89.724 0.910971
000021 375 1242 1 969.229 203.702 106.064 46.8636 0.889249
000021 375 1242 1 1083.42 197.648 85.332 36.2762 0.845649
000022 375 1242 1 700.427 216.03 168.271 78.7797 0.907404
000022 375 1242 1 1164.57 221.504 142.918 87.7521 0.886072
000022 375 1242 1 931.214 204.386 105.581 47.6289 0.867198
000022 375 1242 1 1111.68 199.565 72.9631 35.2858 0.840672
000022 375 1242 1 1047.3 200.232 78.6584 33.914 0.795078
000023 375 1242 1 647.338 218.328 171.325 81.6257 0.941044
000023 375 1242 1 893.221 205.011 109.163 47.8442 0.88326
000023 375 1242 1 1144.13 222.473 133.542 84.5454 0.881274
000023 375 1242 1 1067.16 200.47 62.645 30.9853 0.854226
000023 375 1242 1 1014.77 203.066 82.64 34.6683 0.834633
000024 375 1242 1 594.435 225.005 185.011 85.0669 0.940836
000024 375 1242 1 854.739 210.178 107.616 48.0707 0.917571
000024 375 1242 1 1119.41 224.907 131.326 79.1042 0.862976
000024 375 1242 1 1214.36 207.874 46.0376 39.9265 0.857421
000024 375 1242 1 968.418 204.661 71.5579 34.0691 0.809003
000024 375 1242 1 1031.8 205.123 62.1494 31.4223 0.730229
000024 375 1242 1 1066.27 197.256 37.125 24.2857 0.670307
000025 375 1242 1 531.215 229.707 206.316 98.2297 0.940358
000025 375 1242 1 817.271 212.852 111.435 48.0254 0.884783
000025 375 1242 1 1179.15 209.712 64.7908 34.8788 0.882573
000025 375 1242 1 1092.35 225.827 112.756 74.2188 0.879383
000025 375 1242 1 934.952 204.719 72.0942 35.36 0.86779
000025 375 1242 1 987.619 202.931 53.2318 30.3326 0.721247
000025 375 1242 1 1033.07 201.908 41.5598 26.7368 0.670873
000026 375 1242 1 463.077 233.169 236.083 115.315 0.929272
000026 375 1242 1 771.474 210.282 110.604 54.3713 0.917283
000026 375 1242 1 1059.23 222.956 101.837 72.388 0.88237
000026 375 1242 1 1133.26 205.343 58.1279 34.6718 0.853621
000026 375 1242 1 951.053 203.476 50.8256 31.3392 0.790207
000026 375 1242 1 891.851 204.217 75.4647 35.3066 0.789357
000026 375 1242 1 984.279 197.35 38.2247 26.9987 0.729485
000027 375 1242 1 724.514 209.098 112.313 54.6328 0.906058
000027 375 1242 1 1025.27 215.414 97.207 72.9662 0.905246
000027 375 1242 1 351.068 242.109 277.178 122.631 0.862453
000027 375 1242 1 855.387 202.563 75.4561 33.5956 0.814321
000027 375 1242 1 1086.11 203.245 49.0996 34.4256 0.778372
000027 375 1242 1 952.187 195.05 36.8015 28.2206 0.776206
000027 375 1242 1 906.698 201.871 52.9952 28.5896 0.764633
000028 375 1242 1 241.818 247.809 281.415 152.268 0.901403
000028 375 1242 1 993.785 214.413 88.059 72.5679 0.89717
000028 375 1242 1 677.856 212.216 123.154 58.8905 0.875787
000028 375 1242 1 1044.68 202.382 40.5674 29.4459 0.80412
000028 375 1242 1 810.156 202.953 72.8679 34.9744 0.792371
000028 375 1242 1 868.757 201.976 48.3849 31.0986 0.789765
000028 375 1242 1 902.188 196.958 39.4299 26.3755 0.716981
000029 375 1242 1 164.311 262.001 328.622 181.377 0.957196
000029 375 1242 1 629.4 212.628 132.764 59.971 0.90805
000029 375 1242 1 959.74 213.129 81.077 68.7913 0.897442
000029 375 1242 1 774.395 203.833 68.7349 37.3597 0.851198
000029 375 1242 1 825.267 203.236 51.0404 32.7104 0.800773
000029 375 1242 1 874.381 195.721 39.7589 26.1926 0.78491
000029 375 1242 1 1002.71 202.663 37.8542 28.7361 0.774923
000030 375 1242 1 106.32 262.72 212.641 180.097 0.937024
000030 375 1242 1 923.027 212.674 72.1412 63.2918 0.860202
000030 375 1242 1 731.219 203.731 70.3817 37.9719 0.857302
000030 375 1242 1 577.363 217.718 151.153 72.3351 0.848018
000030 375 1242 1 788.604 201.475 49.7754 31.5696 0.808961
000030 375 1242 1 840.087 194.449 35.8174 23.75 0.760781
000030 375 1242 1 958.488 202.981 34.96 28.0201 0.674583
000031 375 1242 1 514.719 218.382 150.057 72.3959 0.912664
000031 375 1242 1 886.976 212.58 66.7151 60.1764 0.883531
000031 375 1242 1 692.94 203.453 72.6859 37.1304 0.845242
000031 375 1242 1 743.655 201.188 47.1133 32.455 0.799701
000031 375 1242 1 917.276 200.888 31.179 25.5759 0.74812
000031 375 1242 1 792.03 193.694 34.4928 25.4926 0.662858
000032 375 1242 1 451.128 222.701 176.202 82.3361 0.960872
000032 375 1242 1 852.494 212.149 64.2097 56.381 0.897043
000032 375 1242 1 647.764 204.064 70.6531 36.945 0.872277
000032 375 1242 1 707.774 200.342 47.364 32.1681 0.826655
000032 375 1242 1 870.909 197.409 35.2721 27.6156 0.782833
000032 375 1242 1 738.223 194.534 35.2738 24.9424 0.724892
000033 375 1242 1 373.276 228.834 207.141 91.6769 0.930616
000033 375 1242 1 815.281 209.37 60.5787 53.3163 0.884174
000033 375 1242 1 664.443 199.675 51.5719 32.9846 0.844896
000033 375 1242 1 598.6 202.349 71.48 33.6291 0.823275
000033 375 1242 1 711.181 190.44 35.4678 24.7438 0.690811
000034 375 1242 1 287.483 239.306 254.885 116.18 0.931608
000034 375 1242 1 559.97 204.588 82.662 40.7469 0.854821
000034 375 1242 1 783.49 208.076 57.9717 54.9242 0.853754
000034 375 1242 1 626.617 199.351 51.5994 33.6606 0.811364
000034 375 1242 1 660.678 191.608 35.0746 26.4636 0.739159
000035 375 1242 1 745.101 207.295 56.6125 51.503 0.877998
000035 375 1242 1 513.663 206.098 90.1334 44.9861 0.868318
000035 375 1242 1 138.659 256.331 272.655 119.286 0.847666
000035 375 1242 1 585.623 199.567 57.1915 35.1873 0.836578
000035 375 1242 1 628.891 191.911 38.2285 27.0053 0.757789
000036 375 1242 1 126.405 255.719 242.002 150.1 0.948737
000036 375 1242 1 470.107 205.073 101.807 47.4363 0.876671
000036 375 1242 1 714.802 206.697 56.9668 51.9261 0.865976
000036 375 1242 1 545.586 200.81 57.952 36.77 0.855805
000036 375 1242 1 580.842 193.019 39.0769 28.5203 0.79085
000036 375 1242 1 610.62 189.495 33.7571 23.0036 0.694558
000037 375 1242 1 687.425 202.149 55.2233 49.8062 0.892837
000037 375 1242 1 429.639 208.928 105.044 52.4994 0.89112
000037 375 1242 1 512.7 201.322 58.0944 37.9078 0.860591
000037 375 1242 1 67.0696 265.222 130.605 147.21 0.818974
000037 375 1242 1 548.851 195.031 40.2936 31.0157 0.806159
000037 375 1242 1 583.056 191.085 34.2177 24.7084 0.759719
000038 375 1242 1 388.893 213.224 118.75 59.9619 0.91122
000038 375 1242 1 484.909 203.127 64.8002 38.7676 0.875873
000038 375 1242 1 665.152 206.304 52.2314 49.0674 0.867456
000038 375 1242 1 515.595 197.381 43.0104 30.9954 0.789898
000038 375 1242 1 547.621 191.905 34.5808 25.6464 0.739901
000038 375 1242 1 563.984 189.161 31.3757 22.6339 0.712539
000038 375 1242 1 978.058 238.412 70.6639 29.7031 0.63109
000039 375 1242 1 354.159 216.74 132.874 59.6971 0.90335
000039 375 1242 1 456.1 203.778 65.726 39.503 0.858882
000039 375 1242 1 644.479 202.451 53.3121 47.2771 0.858744
000039 375 1242 1 497.775 199.757 46.149 32.197 0.791733
000039 375 1242 1 531.917 192.995 36.3563 25.2903 0.782795
000040 375 1242 1 431.849 206.07 73.4299 43.321 0.89318
000040 375 1242 1 627.266 202.431 54.319 46.6561 0.873873
000040 375 1242 1 303.777 219.135 147.165 70.285 0.854079
000040 375 1242 1 469.822 200.491 48.8564 33.34 0.805832
000040 375 1242 1 515.191 193.186 34.704 24.2127 0.766556
000041 375 1242 1 256.322 225.99 168.629 79.3297 0.952197
000041 375 1242 1 405.754 206.664 73.9387 42.791 0.898707
000041 375 1242 1 615.679 201.847 51.8696 46.3394 0.879769
000041 375 1242 1 450.898 202.479 51.0421 35.5474 0.825813
000041 375 1242 1 484.135 197.011 37.1907 27.6231 0.766107
000042 375 1242 1 384.732 209.555 81.6286 47.8556 0.89833
000042 375 1242 1 211.226 231.409 198.985 84.4159 0.868065
000042 375 1242 1 608.148 203.537 52.1626 44.8559 0.824472
000042 375 1242 1 435.498 203.046 56.5829 36.5627 0.818963
000042 375 1242 1 469.994 196.517 41.7442 28.0728 0.784172
000043 375 1242 1 159.542 241.556 235.514 101.584 0.945194
000043 375 1242 1 365.757 212.437 86.8144 49.7065 0.882858
000043 375 1242 1 423.822 204.457 59.7604 38.852 0.869762
000043 375 1242 1 596.297 203.018 51.0431 44.2012 0.834204
000043 375 1242 1 467.875 198.293 41.8908 28.4496 0.814455
000044 375 1242 1 113.877 249.084 223.428 112.77 0.937248
000044 375 1242 1 345.305 216.694 100.946 55.942 0.885556
000044 375 1242 1 415.22 204.67 63.1614 39.1912 0.85675
000044 375 1242 1 592.018 203.314 51.8202 44.2151 0.850505
000044 375 1242 1 452.684 200.2 43.0869 28.6395 0.792977
000045 375 1242 1 92.7216 257.921 185.443 124.716 0.944747
000045 375 1242 1 327.95 218.509 105.682 59.292 0.90645
000045 375 1242 1 401.612 206.932 67.1538 41.8394 0.892217
000045 375 1242 1 592.214 205.99 48.7949 43.8662 0.827671
000045 375 1242 1 449.676 202.049 45.4221 30.706 0.796534
000045 375 1242 1 470.928 198.574 36.4196 24.4131 0.704771
000046 375 1242 1 66.8789 272.514 133.758 117.289 0.909238
000046 375 1242 1 306.976 222.786 113.995 62.8976 0.909218
000046 375 1242 1 390.265 208.41 78.6531 43.5022 0.854099
000046 375 1242 1 588.006 206.289 47.806 45.9246 0.848149
000046 375 1242 1 438.959 203.374 47.8569 33.1555 0.817303
000046 375 1242 1 470.835 199.473 33.679 24.2545 0.718984
000047 375 1242 1 279.791 227.553 132.125 68.828 0.902115
000047 375 1242 1 381.989 210.614 80.3774 43.9391 0.858503
000047 375 1242 1 586.905 202.333 47.479 43.2402 0.845119
000047 375 1242 1 435.75 203.963 46.6813 33.7025 0.809684
000047 375 1242 1 467.897 201.024 35.3859 25.1427 0.741863
000047 375 1242 1 45.7066 279.09 82.2837 145.611 0.672801
000047 375 1242 2 962.527 100.049 55.6598 178.443 0.606552
000048 375 1242 1 249.163 229.897 144.613 70.3634 0.899596
000048 375 1242 1 369.573 211.457 84.0284 48.4287 0.881043
000048 375 1242 1 591.503 201.194 45.932 41.6927 0.853695
000048 375 1242 1 432.425 203.565 48.8408 32.854 0.791148
000048 375 1242 1 464.32 200.837 40.0039 26.0147 0.765457
000049 375 1242 1 216.564 235.093 168.449 79.4853 0.923024
000049 375 1242 1 587.132 200.324 45.8628 42.7117 0.864947
000049 375 1242 1 359.825 210.334 95.0127 52.005 0.810866
000049 375 1242 1 423.883 203.078 47.8844 35.0229 0.810065
000049 375 1242 1 464.498 200.523 35.5522 25.007 0.743136
000050 375 1242 1 175.656 243.274 187.714 86.7462 0.936045
000050 375 1242 1 344.733 214.71 99.4037 53.6573 0.881094
000050 375 1242 1 590.87 200.752 45.4298 40.9024 0.865637
000050 375 1242 1 419.107 204.792 49.1865 33.656 0.841465
000050 375 1242 1 463.945 201.92 40.4485 24.6407 0.729417
000051 375 1242 1 124.974 254.534 232.994 106.834 0.928545
000051 375 1242 1 325.143 217.425 111.354 52.9702 0.885187
000051 375 1242 1 591.245 201.565 45.4016 38.6448 0.866691
000051 375 1242 1 408.757 208.224 51.5201 35.9727 0.823705
000051 375 1242 1 145.955 224.867 130.541 51.8086 0.765369
000051 375 1242 1 453.215 205.308 38.5599 25.9805 0.689765
000052 375 1242 1 96.8565 263.332 193.713 121.793 0.966571
000052 375 1242 1 305.919 222.489 118.173 63.8329 0.907024
000052 375 1242 1 406.575 208.746 58.1625 36.6461 0.875209
000052 375 1242 1 590.97 201.449 44.0839 37.8991 0.872447
000052 375 1242 1 452.434 202.775 44.305 26.7111 0.740108
000053 375 1242 1 73.4216 263.893 138.996 125.891 0.910641
000053 375 1242 1 280.345 225.656 125.24 69.3621 0.897684
000053 375 1242 1 394.297 207.772 60.6697 39.4215 0.885227
000053 375 1242 1 591.167 199.768 43.3721 39.8119 0.878042
000053 375 1242 1 450.09 204.816 44.7878 26.9623 0.759133
000054 375 1242 1 254.915 229.535 154.586 80.7757 0.935428
000054 375 1242 1 386.517 206.995 66.5931 39.0415 0.894761
000054 375 1242 1 587.89 198.436 43.1477 38.0333 0.868936
000054 375 1242 1 45.071 262.841 90.142 157.132 0.835718
000054 375 1242 1 447.96 203.216 48.9714 27.881 0.780477
000055 375 1242 1 223.446 229.959 168.423 86.6571 0.953368
000055 375 1242 1 377.264 207.832 71.1307 44.4648 0.882593
000055 375 1242 1 591.598 198.462 42.9097 39.37 0.864798
000055 375 1242 1 440.924 204.994 48.6814 29.3892 0.762924
000056 375 1242 1 175.944 241.046 204.901 97.5686 0.92488
000056 375 1242 1 591.676 201.199 41.7267 39.1255 0.887524
000056 375 1242 1 365.512 212.843 80.02 48.6848 0.88235
000056 375 1242 1 439.646 203.309 45.1034 28.5809 0.784762
000057 375 1242 1 130.236 247.466 232.322 109.523 0.946782
000057 375 1242 1 346.777 215.185 87.851 55.3384 0.874292
000057 375 1242 1 590.959 203.242 39.4331 37.5638 0.871983
000057 375 1242 1 435.708 206.161 52.7437 30.3221 0.842924
000058 375 1242 1 332.389 217.885 95.5815 58.8677 0.924157
000058 375 1242 1 100.455 257.667 198.999 126.043 0.922849
000058 375 1242 1 591.866 203.495 38.3066 37.0673 0.855664
000058 375 1242 1 431.034 205.78 56.8834 32.2711 0.83965
000059 375 1242 1 70.2668 259.397 140.534 125.085 0.926381
000059 375 1242 1 310.432 216.538 105.326 65.5524 0.917233
000059 375 1242 1 592.162 202.797 38.9991 37.318 0.876799
000059 375 1242 1 423.971 206.426 58.8206 30.8885 0.833256
000060 375 1242 1 288.131 217.146 120.504 68.7039 0.917733
000060 375 1242 1 594.397 201.334 39.5081 36.4897 0.889199
000060 375 1242 1 419.169 203.545 56.8934 33.4601 0.875596
000060 375 1242 1 42.8111 266.927 85.6223 172.168 0.848244
000061 375 1242 1 595.839 198.894 38.0853 39.1648 0.901758
000061 375 1242 1 264.123 222.06 136.901 79.9308 0.877923
000061 375 1242 1 414.489 203.554 63.2592 34.3738 0.856977
000062 375 1242 1 230.61 227.035 154.787 84.4527 0.943446
000062 375 1242 1 597.03 197.557 38.6189 37.1328 0.886794
000062 375 1242 1 405.789 204.233 64.0818 36.9094 0.88192
000063 375 1242 1 190.901 228.42 183.184 94.501 0.931163
000063 375 1242 1 597.338 195.981 40.5238 37.0804 0.879611
000063 375 1242 1 398.084 204.518 72.8551 38.9304 0.850346
000064 375 1242 1 130.057 241.789 224.582 112.712 0.949145
000064 375 1242 1 389.066 207.013 77.0811 39.7578 0.878474
000064 375 1242 1 598.89 196.222 40.0847 36.5096 0.876727
000065 375 1242 1 99.4776 257.749 198.955 128.762 0.910484
000065 375 1242 1 376.076 211.898 84.0731 45.7778 0.867523
000065 375 1242 1 602.198 198.143 37.9197 37.2885 0.865435
000066 375 1242 1 365.94 216.345 97.8151 50.0024 0.892111
000066 375 1242 1 603.299 199.24 36.1943 35.6047 0.862615
000066 375 1242 1 77.5456 270.807 155.091 141.27 0.74672
000067 375 1242 1 351.206 216.27 106.76 54.7033 0.898225
000067 375 1242 1 43.6052 259.905 79.4667 135.571 0.858657
000067 375 1242 1 604.822 195.687 36.4023 35.9631 0.845239
000068 375 1242 1 328.384 214.416 119.571 59.1235 0.87949
000068 375 1242 1 606.037 191.446 35.2935 34.9915 0.846408
000069 375 1242 1 307.404 213.433 133.991 63.459 0.931534
000069 375 1242 1 606.159 188.563 34.3787 34.5531 0.845441
000070 375 1242 1 279.626 221.546 154.326 69.9711 0.889837
000070 375 1242 1 606.381 187.156 33.8337 33.003 0.831953
000071 375 1242 1 246.889 231.613 176.629 74.054 0.943846
000071 375 1242 1 606.28 193.942 36.2325 33.8705 0.854798
000072 375 1242 1 207.253 243.197 222.512 89.2636 0.938156
000072 375 1242 1 606.489 199.148 35.5477 33.2829 0.848715
000073 375 1242 1 140.975 252.977 276.133 108.232 0.908734
000073 375 1242 1 606.196 198.542 35.3574 32.6156 0.84415
000074 375 1242 1 118.464 261.402 236.928 123.599 0.962579
000074 375 1242 1 606.454 197.082 35.4609 33.0537 0.841765
000075 375 1242 1 90.3294 262.372 180.659 116.902 0.857001
000075 375 1242 1 604.496 193.743 33.2322 32.1198 0.821745
000076 375 1242 1 604.348 191.966 32.4193 29.8936 0.82189
000077 375 1242 1 602.769 194.584 35.3381 30.6992 0.829087
000077 375 1242 1 448.581 184.175 28.1019 20.1646 0.613733
000078 375 1242 1 601.446 194.142 33.1246 31.1567 0.841188
000079 375 1242 1 600.29 192.774 33.1216 31.2892 0.842113
000080 375 1242 1 598.909 192.841 32.5537 30.3996 0.843584
000081 375 1242 1 596.523 189.71 31.5399 29.2756 0.822299
000082 375 1242 1 596.569 187.824 32.3632 30.4121 0.782771
000083 375 1242 1 592.697 185.349 32.4197 29.6052 0.815231
000084 375 1242 1 591.0 185.003 31.1528 29.359 0.821469
000084 375 1242 1 436.3 174.399 32.6569 21.4143 0.651827
000085 375 1242 1 590.122 186.947 30.4586 28.877 0.798959
000086 375 1242 1 588.73 188.371 29.2659 28.8901 0.767372
000086 375 1242 1 419.01 180.559 38.5063 25.476 0.639662
000087 375 1242 1 588.629 186.886 27.9517 27.4193 0.748212
000088 375 1242 1 588.589 190.881 27.7931 28.473 0.790268
000089 375 1242 1 589.542 192.367 30.34 28.541 0.781141
000090 375 1242 1 588.728 191.773 28.8188 29.2007 0.769485
000091 375 1242 1 587.82 191.186 27.603 27.8537 0.762767
000092 375 1242 1 588.249 193.259 28.9817 28.3174 0.791585
000093 375 1242 1 588.718 195.013 29.0676 28.0499 0.797906
000094 375 1242 1 588.356 198.445 28.6727 25.11 0.769025
000095 375 1242 1 589.486 198.049 29.2455 25.752 0.789124
000096 375 1242 1 590.471 195.274 30.1707 26.0099 0.811919
000097 375 1242 1 590.107 193.92 30.7521 27.1293 0.825767
000098 375 1242 1 589.692 193.899 29.2955 27.644 0.819634
000099 375 1242 1 590.313 192.997 30.2422 27.8837 0.832548
000100 375 1242 1 591.679 191.195 27.8103 26.5618 0.806587
000101 375 1242 1 594.29 190.656 28.8264 28.6815 0.832396
000102 375 1242 1 593.501 189.801 29.4343 29.3754 0.832684
000102 375 1242 3 662.904 186.209 20.6456 35.3726 0.703887
000103 375 1242 1 596.669 189.998 28.8267 28.0859 0.829676
000104 375 1242 1 595.875 188.998 28.8796 27.2614 0.821621
000105 375 1242 1 596.889 187.594 30.1455 27.3039 0.801278
000105 375 1242 3 681.608 191.721 18.7218 39.6456 0.729999
000106 375 1242 1 598.702 187.437 28.743 26.729 0.784436
000107 375 1242 1 599.508 185.766 29.8186 26.7217 0.723802
000107 375 1242 3 693.864 192.611 28.7714 49.4515 0.793004
000108 375 1242 1 600.354 189.233 31.4602 26.414 0.693247
000108 375 1242 3 702.249 192.645 30.7333 57.8276 0.707008
000109 375 1242 1 600.334 188.857 29.25 25.6414 0.662115
000109 375 1242 3 713.835 185.848 32.7606 67.305 0.769637
000110 375 1242 1 600.154 187.526 28.0242 26.1978 0.696515
000110 375 1242 3 724.232 190.74 37.9038 74.861 0.866214
000111 375 1242 1 599.344 185.365 29.7064 27.7812 0.7199
000111 375 1242 3 739.057 193.802 40.9994 82.5507 0.892875
000112 375 1242 1 599.412 185.333 29.4734 26.4976 0.687222
000112 375 1242 3 758.375 199.795 45.5109 98.996 0.88595
000113 375 1242 1 599.813 186.495 27.9668 25.8775 0.741465
000113 375 1242 3 787.047 198.593 45.202 103.166 0.758693
000114 375 1242 1 599.881 187.261 28.4869 25.8438 0.769628
000114 375 1242 1 466.631 188.282 30.8411 21.1089 0.673419
000114 375 1242 1 486.789 187.065 29.9335 21.3018 0.659622
000114 375 1242 3 816.953 205.357 62.1427 127.27 0.872802
000115 375 1242 1 599.871 191.291 26.7448 27.4509 0.814295
000115 375 1242 1 456.363 192.732 29.6533 21.7378 0.758538
000115 375 1242 1 485.314 190.004 27.5778 20.8983 0.712711
000115 375 1242 3 866.514 214.465 90.7252 163.099 0.851623
000116 375 1242 1 599.391 192.093 28.1571 27.4897 0.822969
000116 375 1242 1 482.643 193.219 31.0457 22.5713 0.771644
000116 375 1242 1 452.383 192.884 29.4802 21.5459 0.734048
000116 375 1242 2 911.564 219.659 75.0115 173.153 0.641681
000117 375 1242 1 600.004 190.142 25.6786 25.825 0.780351
000117 375 1242 1 478.22 191.959 34.5694 23.8747 0.765948
000117 375 1242 1 451.088 191.475 34.3242 23.0716 0.737254
000117 375 1242 3 1035.03 231.76 194.039 236.128 0.698682
000118 375 1242 1 470.545 192.506 39.5684 25.2766 0.788242
000118 375 1242 1 441.071 191.465 35.0504 24.0848 0.786448
000118 375 1242 1 598.575 189.797 26.6396 25.1528 0.777711
000118 375 1242 3 1178.94 237.705 124.888 274.591 0.721374
000119 375 1242 1 464.041 194.291 43.2213 30.4581 0.819783
000119 375 1242 1 598.846 190.904 27.5251 26.0841 0.803775
000120 375 1242 1 599.965 190.874 28.3411 26.4809 0.806664
000120 375 1242 1 452.923 197.462 49.7156 30.4789 0.788028
000121 375 1242 1 599.735 192.356 27.7162 28.1545 0.820486
000121 375 1242 1 440.136 199.54 58.676 34.5457 0.809757
000121 375 1242 1 418.903 193.008 43.2354 25.8281 0.76751
000122 375 1242 1 599.131 191.316 29.3323 27.0322 0.819651
000122 375 1242 1 428.043 199.588 58.7025 35.4807 0.796953
000123 375 1242 1 417.624 196.087 67.6141 36.7361 0.829079
000123 375 1242 1 599.523 187.61 31.7916 28.0089 0.811383
000124 375 1242 1 404.768 198.249 68.3702 43.0391 0.860872
000124 375 1242 1 598.334 186.597 30.5973 29.277 0.777655
000125 375 1242 1 382.144 200.094 75.4496 46.6991 0.889207
000125 375 1242 1 600.378 186.626 32.3721 28.1548 0.795184
000125 375 1242 1 490.19 189.599 34.5775 24.6604 0.644784
000126 375 1242 1 360.942 204.463 91.3955 53.8037 0.892234
000126 375 1242 1 601.667 187.572 30.4402 28.6428 0.799054
000126 375 1242 1 484.448 186.458 29.8555 24.6167 0.716941
000127 375 1242 1 325.913 209.255 107.755 64.5714 0.890586
000127 375 1242 1 603.148 186.416 28.9735 28.2458 0.74403
000127 375 1242 1 479.905 187.719 32.472 24.7658 0.738187
000128 375 1242 1 285.325 215.817 143.795 75.3057 0.848495
000128 375 1242 1 479.537 187.951 40.7501 29.09 0.796129
000128 375 1242 1 603.621 186.051 30.5774 27.1712 0.74148
000129 375 1242 1 226.469 225.555 182.723 86.0097 0.96569
000129 375 1242 1 471.588 188.319 44.0811 34.0881 0.834713
000129 375 1242 1 290.889 199.349 101.69 56.6837 0.820117
000129 375 1242 1 604.497 186.725 29.4041 28.1767 0.736223
000130 375 1242 1 144.325 230.191 228.462 102.819 0.936832
000130 375 1242 1 257.398 201.842 118.206 71.1714 0.89005
000130 375 1242 1 462.36 188.997 37.5786 32.1232 0.788399
000130 375 1242 1 605.666 185.251 29.3876 27.4646 0.682694
000131 375 1242 1 82.3446 244.659 164.689 128.254 0.931518
000131 375 1242 1 216.471 212.005 139.964 81.0636 0.909761
000131 375 1242 1 453.872 190.514 43.5258 35.0361 0.733996
000131 375 1242 1 605.018 189.417 29.3599 28.1025 0.689774
000132 375 1242 1 164.135 213.666 164.387 91.4687 0.92435
000132 375 1242 1 448.299 189.396 56.7687 43.0646 0.858369
000132 375 1242 1 605.033 185.785 27.0708 26.7096 0.689753
000133 375 1242 1 100.579 226.677 195.776 106.915 0.908892
000133 375 1242 1 441.785 189.455 63.9636 40.7254 0.759306
000133 375 1242 1 604.474 188.688 28.8154 25.7423 0.714822
000134 375 1242 1 66.7231 229.746 133.446 130.501 0.901978
000134 375 1242 1 429.163 192.087 70.3729 48.5036 0.838455
000134 375 1242 1 604.372 189.915 26.7963 23.9357 0.665367
000135 375 1242 1 413.923 196.302 80.0974 53.727 0.8721
000135 375 1242 1 604.049 187.227 26.4581 26.6538 0.761011
000135 375 1242 1 494.991 192.092 26.3541 19.851 0.656376
000136 375 1242 1 397.16 199.855 93.1437 60.4185 0.836684
000136 375 1242 1 604.187 192.09 27.1587 26.002 0.771681
000136 375 1242 1 287.62 197.869 32.0229 15.2303 0.624963
000136 375 1242 1 489.456 197.618 24.3603 19.0895 0.605714
000137 375 1242 1 369.595 200.27 106.974 70.6224 0.897871
000137 375 1242 1 606.736 193.326 28.6943 28.0403 0.752703
000137 375 1242 1 485.164 197.333 27.3542 20.9597 0.742194
000138 375 1242 1 603.893 193.453 28.2423 26.9473 0.78143
000138 375 1242 1 337.949 208.447 119.634 69.079 0.727872
000138 375 1242 1 480.169 202.652 30.3926 24.2108 0.718464
000139 375 1242 1 300.742 209.206 139.669 78.5565 0.835496
000139 375 1242 1 603.984 194.506 27.6644 26.7433 0.788997
000139 375 1242 1 474.623 201.796 30.0862 22.8335 0.684235
000140 375 1242 1 604.217 193.694 28.6025 27.0898 0.780731
000140 375 1242 1 466.229 201.121 32.8311 25.3401 0.733976
000141 375 1242 1 177.681 227.214 227.085 129.431 0.792197
000141 375 1242 1 457.691 201.113 37.1341 26.4982 0.789705
000141 375 1242 1 603.907 193.657 28.8079 27.4772 0.774831
000142 375 1242 1 130.13 232.344 253.68 178.542 0.965361
000142 375 1242 1 604.367 193.939 28.7141 26.5015 0.792382
000142 375 1242 1 451.284 202.782 43.0277 27.4793 0.785866
000143 375 1242 1 439.386 201.422 42.6949 29.6816 0.827694
000143 375 1242 1 604.36 190.735 28.2305 28.3184 0.789556
000143 375 1242 1 486.392 190.678 25.7134 21.1636 0.706561
000144 375 1242 1 432.498 199.283 51.5677 29.0645 0.793653
000144 375 1242 1 604.407 186.776 28.0909 28.0397 0.737083
000145 375 1242 1 415.156 199.727 59.5327 32.1935 0.83628
000145 375 1242 1 604.966 189.168 28.3966 28.6587 0.70008
000146 375 1242 1 399.589 201.631 62.7865 35.7648 0.861341
000146 375 1242 1 604.372 189.103 28.2056 28.5116 0.708737
000147 375 1242 1 382.014 203.826 71.1602 40.4403 0.845065
000147 375 1242 1 603.482 189.092 30.0482 28.8913 0.749496
000147 375 1242 1 468.405 187.83 31.9324 23.6539 0.736354
000148 375 1242 1 358.085 207.64 80.5679 44.3098 0.913458
000148 375 1242 1 463.785 191.517 34.1291 25.076 0.795218
000148 375 1242 1 603.95 189.35 30.1906 27.1471 0.696043
000149 375 1242 1 329.507 215.738 103.615 49.2456 0.898313
000149 375 1242 1 454.026 194.844 36.0414 26.945 0.824712
000149 375 1242 1 604.407 185.868 29.974 26.3414 0.717243
000149 375 1242 1 219.765 198.811 29.5926 17.9303 0.674925
000149 375 1242 1 469.929 191.057 29.2997 23.234 0.667132
000150 375 1242 1 293.763 223.888 117.432 58.9474 0.917439
000150 375 1242 1 441.609 201.242 43.291 28.4793 0.807006
000150 375 1242 1 604.841 189.897 28.881 27.7778 0.770814
000150 375 1242 1 480.83 190.658 24.7243 20.8966 0.650269
000151 375 1242 1 243.132 231.886 159.926 71.0387 0.938899
000151 375 1242 1 436.54 200.319 46.5628 30.2447 0.836641
000151 375 1242 1 603.566 187.656 30.9457 26.3998 0.755145
000151 375 1242 1 480.346 192.018 25.3966 21.8914 0.70055
000152 375 1242 1 180.221 232.863 187.745 80.4934 0.901387
000152 375 1242 1 422.294 197.453 46.6809 32.5215 0.849752
000152 375 1242 1 601.414 188.457 30.2344 26.9002 0.71033
000153 375 1242 1 109.946 247.945 205.763 102.829 0.955583
000153 375 1242 1 410.563 196.457 56.7934 35.525 0.822812
000153 375 1242 1 602.299 185.779 30.457 29.4734 0.765389
000153 375 1242 1 568.102 181.183 21.9562 19.7915 0.655849
000153 375 1242 1 187.619 189.325 29.9509 18.4393 0.602854
000154 375 1242 1 57.1488 248.994 114.298 117.607 0.867894
000154 375 1242 1 393.69 202.039 63.4047 37.7 0.860167
000154 375 1242 1 601.907 186.497 30.2181 27.3202 0.728928
000154 375 1242 1 182.325 191.772 34.523 17.6231 0.657557
000154 375 1242 1 566.334 181.741 20.9979 18.6337 0.639415
000155 375 1242 1 372.616 205.652 68.5344 43.8359 0.900304
000155 375 1242 1 462.924 187.723 31.822 23.8441 0.717713
000155 375 1242 1 174.776 201.099 37.3931 19.122 0.702992
000155 375 1242 1 602.23 189.263 30.4731 25.5261 0.671388
000156 375 1242 1 354.747 208.267 84.9017 44.421 0.923825
000156 375 1242 1 456.422 191.313 36.6166 26.7972 0.836867
000156 375 1242 1 600.661 185.208 28.556 25.8793 0.675411
000157 375 1242 1 325.645 217.68 105.82 54.4959 0.908742
000157 375 1242 1 452.15 194.931 40.0479 28.9843 0.844752
000157 375 1242 1 602.504 186.163 28.7174 25.8035 0.710169
000158 375 1242 1 287.927 227.506 117.422 61.0391 0.886111
000158 375 1242 1 442.691 200.421 42.9585 29.7044 0.818488
000158 375 1242 1 603.641 189.042 30.8186 26.5301 0.749802
000158 375 1242 1 155.867 203.956 38.0376 19.8212 0.646086
000159 375 1242 1 228.207 235.767 158.19 73.3272 0.944446
000159 375 1242 1 435.305 200.579 47.021 30.4947 0.836915
000159 375 1242 1 604.896 190.701 28.7655 26.9021 0.741105
000159 375 1242 1 146.072 203.483 38.2585 23.7749 0.714395
000160 375 1242 1 156.419 247.473 205.583 95.8475 0.888118
000160 375 1242 1 424.476 199.066 51.6136 33.6653 0.841727
000160 375 1242 1 604.361 187.175 28.465 27.147 0.734837
000161 375 1242 1 94.7472 258.417 189.494 116.185 0.969555
000161 375 1242 1 416.4 198.286 50.0848 36.2766 0.835929
000161 375 1242 1 605.358 185.897 29.2695 26.414 0.685465
000161 375 1242 1 127.737 200.833 50.6172 19.3165 0.673166
000162 375 1242 1 48.9624 254.857 97.9248 133.185 0.908127
000162 375 1242 1 403.523 200.896 59.9212 38.7384 0.890618
000162 375 1242 1 604.729 186.588 30.5596 27.471 0.740309
000162 375 1242 1 118.029 203.852 41.7849 23.5377 0.701701
000162 375 1242 2 32.3787 169.595 33.0489 69.8021 0.604019
000163 375 1242 1 386.736 205.946 66.5484 41.5605 0.899254
000163 375 1242 1 604.246 189.712 30.5386 28.7256 0.767588
000163 375 1242 1 465.731 185.859 28.0609 23.025 0.655805
000163 375 1242 1 102.846 201.469 46.0327 24.3918 0.60828
000164 375 1242 1 367.217 208.352 76.2416 48.6499 0.902576
000164 375 1242 1 605.576 190.846 29.9773 27.6317 0.767855
000164 375 1242 1 562.054 186.745 22.8674 20.7202 0.609252
000165 375 1242 1 344.421 209.1 85.9341 51.4196 0.870489
000165 375 1242 1 458.498 191.204 32.8956 30.7573 0.815925
000165 375 1242 1 604.986 189.595 30.631 27.8038 0.775945
000165 375 1242 1 86.4817 206.741 42.3278 24.7904 0.610102
000166 375 1242 1 313.258 211.667 101.941 62.6051 0.883215
000166 375 1242 1 453.249 192.388 36.8405 31.634 0.798312
000166 375 1242 1 603.599 189.048 32.0233 28.1869 0.765734
000166 375 1242 1 560.063 186.52 26.7969 23.3273 0.654895
000166 375 1242 1 76.0159 206.56 46.9606 25.1944 0.619293
000167 375 1242 1 276.489 215.517 121.022 67.9379 0.919629
000167 375 1242 1 448.034 193.249 45.9008 34.9547 0.845355
000167 375 1242 1 604.134 190.768 29.2782 28.4044 0.757827
000167 375 1242 1 559.565 187.724 27.3094 23.1448 0.691594
000167 375 1242 1 62.4091 201.227 45.6021 25.377 0.668252
000168 375 1242 1 229.481 223.207 163.808 82.7954 0.952733
000168 375 1242 1 437.873 190.661 47.9228 33.9044 0.859121
000168 375 1242 1 49.3771 203.742 49.5747 30.0366 0.797393
000168 375 1242 1 603.429 189.057 29.0858 27.9219 0.75931
000168 375 1242 1 557.942 187.331 26.7725 24.2589 0.709653
000169 375 1242 1 157.763 230.869 203.956 102.173 0.933306
000169 375 1242 1 430.338 187.17 57.2728 35.8929 0.840882
000169 375 1242 1 34.4998 201.165 50.1474 27.8117 0.755381
000169 375 1242 1 601.909 188.028 29.1072 27.3459 0.704642
000169 375 1242 1 558.645 187.548 26.2887 24.9226 0.665937
000170 375 1242 1 94.3411 246.436 188.682 132.428 0.974421
000170 375 1242 1 419.933 187.336 62.0174 35.5904 0.876942
000170 375 1242 1 599.384 186.436 30.098 26.9239 0.743919
000170 375 1242 1 556.379 186.951 30.4485 25.7119 0.712555
000171 375 1242 1 406.495 190.636 66.6067 39.6873 0.897868
000171 375 1242 1 52.1172 249.108 104.234 134.98 0.879459
000171 375 1242 1 599.392 187.521 31.4229 27.0724 0.72774
000171 375 1242 1 556.028 184.634 30.0475 25.839 0.664317
000172 375 1242 1 393.401 195.535 74.5916 46.5802 0.92362
000172 375 1242 1 554.426 189.936 32.6981 28.1871 0.833073
000172 375 1242 1 597.503 187.006 30.354 26.8707 0.76071
000173 375 1242 1 374.88 199.101 79.4674 54.0407 0.901799
000173 375 1242 1 549.827 191.539 35.5629 27.9788 0.828537
000173 375 1242 1 471.437 192.66 30.5301 22.2221 0.778164
000173 375 1242 1 595.561 187.971 30.1219 27.1855 0.765066
000174 375 1242 1 356.014 202.679 89.959 58.5618 0.903799
000174 375 1242 1 548.027 191.72 34.6161 30.4058 0.833415
000174 375 1242 1 465.578 192.511 33.8178 22.4358 0.787775
000174 375 1242 1 594.439 187.885 31.0035 27.2826 0.769306
000175 375 1242 1 333.199 204.901 100.472 55.1149 0.878296
000175 375 1242 1 545.434 191.784 35.7313 31.4553 0.849776
000175 375 1242 1 463.015 191.171 38.671 24.4835 0.79386
000175 375 1242 1 593.86 186.528 27.8605 26.7354 0.72833
000176 375 1242 1 304.272 207.14 117.701 69.7654 0.865329
000176 375 1242 1 543.19 191.079 37.583 33.5724 0.861134
000176 375 1242 1 452.053 190.984 37.7024 23.3643 0.79721
000176 375 1242 1 594.163 186.795 29.5797 29.291 0.761594
000177 375 1242 1 538.38 193.304 38.6755 35.407 0.862105
000177 375 1242 1 267.486 207.117 138.791 80.5755 0.835729
000177 375 1242 1 441.029 193.425 36.9295 23.4464 0.761456
000177 375 1242 1 593.441 186.587 28.3549 28.1845 0.737495
000178 375 1242 1 210.712 214.494 146.245 79.7459 0.932683
000178 375 1242 1 538.149 194.453 37.0463 35.5931 0.847241
000178 375 1242 1 435.239 195.634 40.8248 24.8902 0.814038
000178 375 1242 1 592.927 187.046 29.7494 28.0949 0.746937
000179 375 1242 1 133.929 226.213 151.073 100.363 0.915318
000179 375 1242 1 536.229 196.516 38.8363 34.1826 0.855308
000179 375 1242 1 590.738 187.566 29.1104 27.6294 0.780858
000179 375 1242 1 424.606 199.994 44.0179 26.608 0.776236
000179 375 1242 3 644.374 186.089 33.6881 33.4294 0.779384
000180 375 1242 1 101.206 229.466 189.553 134.023 0.930646
000180 375 1242 1 532.771 199.416 43.0646 38.539 0.882761
000180 375 1242 1 589.725 190.492 28.933 27.9517 0.794328
000180 375 1242 1 416.648 205.551 49.7478 31.2087 0.741571
000180 375 1242 3 643.409 188.908 32.5736 29.668 0.63083
000181 375 1242 1 531.32 206.091 46.8636 41.1728 0.811512
000181 375 1242 1 590.782 196.291 29.6492 27.6583 0.802759
000181 375 1242 1 401.711 208.041 51.8418 30.1232 0.782639
000181 375 1242 3 647.537 196.992 39.4757 34.3802 0.749859
000182 375 1242 1 525.132 207.608 51.9219 43.5273 0.82901
000182 375 1242 1 384.856 212.428 51.1186 31.9286 0.812775
000182 375 1242 1 590.321 198.579 30.0193 28.4174 0.803595
000182 375 1242 1 421.882 202.919 43.1626 25.9868 0.768718
000182 375 1242 3 649.802 197.377 38.2827 33.9935 0.702005
000183 375 1242 1 368.276 214.582 63.1548 36.7769 0.866373
000183 375 1242 1 521.992 209.673 52.1658 44.7565 0.859493
000183 375 1242 1 590.098 200.197 29.1925 27.8294 0.781229
000183 375 1242 1 418.084 202.834 40.861 27.2737 0.766641
000184 375 1242 1 352.434 213.988 78.8428 39.4622 0.880978
000184 375 1242 1 522.665 207.681 56.3406 48.4292 0.871731
000184 375 1242 1 590.688 196.427 29.2129 28.8373 0.821641
000184 375 1242 1 411.7 202.469 37.8353 27.7204 0.768516
000184 375 1242 3 652.421 192.827 40.1238 38.3018 0.74637
000185 375 1242 1 327.588 213.015 84.4866 46.8688 0.913711
000185 375 1242 1 519.265 207.019 59.391 50.5636 0.888095
000185 375 1242 1 591.425 192.231 29.0806 27.3327 0.819025
000185 375 1242 1 400.624 201.097 37.9757 26.3811 0.785921
000185 375 1242 3 658.627 191.679 38.6051 42.2379 0.839774
000186 375 1242 1 298.095 215.807 97.9901 54.3873 0.890592
000186 375 1242 1 514.308 206.657 61.9335 52.9029 0.873223
000186 375 1242 1 592.919 189.79 30.2719 28.5365 0.838112
000186 375 1242 1 390.298 200.215 49.7158 28.2698 0.824824
000186 375 1242 3 661.788 190.156 39.6927 39.6593 0.793792
000187 375 1242 1 511.995 208.227 66.3352 56.8081 0.896774
000187 375 1242 1 261.844 222.279 115.65 61.3195 0.875692
000187 375 1242 1 594.439 189.554 30.7905 26.7558 0.828951
000187 375 1242 1 381.901 201.618 47.3749 29.4116 0.791819
000187 375 1242 3 663.281 190.871 37.327 42.0109 0.793215
000188 375 1242 1 504.244 210.323 68.8238 62.1366 0.894776
000188 375 1242 1 215.281 231.177 147.026 68.5127 0.886373
000188 375 1242 1 596.723 190.952 28.0068 28.292 0.831312
000188 375 1242 1 364.231 205.492 57.1002 33.2968 0.778462
000188 375 1242 3 668.177 193.226 53.0715 48.0699 0.782452
000189 375 1242 1 501.303 212.84 84.2986 65.0779 0.888137
000189 375 1242 1 159.257 237.195 194.864 85.7026 0.863477
000189 375 1242 1 345.905 205.695 61.4709 33.1582 0.850072
000189 375 1242 1 598.981 191.994 28.7963 27.8628 0.837483
000189 375 1242 3 677.56 193.362 40.7957 46.8235 0.78478
000190 375 1242 1 98.9672 247.401 197.934 104.47 0.948281
000190 375 1242 1 490.518 213.851 86.0117 72.9262 0.916537
000190 375 1242 1 327.595 207.964 69.0695 39.6374 0.865952
000190 375 1242 1 597.998 190.462 28.9669 27.5644 0.825865
000190 375 1242 3 680.299 193.477 53.907 52.5053 0.812008
000191 375 1242 1 484.177 215.262 99.0884 77.7718 0.925879
000191 375 1242 1 61.6114 248.277 123.223 110.606 0.912109
000191 375 1242 1 304.88 207.466 78.1307 42.9847 0.882458
000191 375 1242 1 599.473 188.12 29.8663 29.0771 0.819898
000191 375 1242 2 667.289 194.523 21.1658 51.2876 0.669755
000191 375 1242 3 682.338 192.954 59.0406 54.5899 0.789507
000192 375 1242 1 476.777 216.663 105.195 84.8741 0.895656
000192 375 1242 1 277.96 210.485 85.1058 47.7942 0.860529
000192 375 1242 1 601.493 188.186 31.3413 27.6953 0.741524
000192 375 1242 2 665.596 193.17 19.4467 55.7875 0.709592
000192 375 1242 3 693.623 193.224 58.4202 61.0806 0.809503
000193 375 1242 1 461.785 222.987 121.612 92.0026 0.906106
000193 375 1242 1 241.858 212.259 109.557 55.3026 0.890805
000193 375 1242 1 603.548 188.001 29.9773 28.1165 0.705486
000193 375 1242 2 683.526 192.833 21.403 58.7444 0.682987
000193 375 1242 3 702.096 192.696 61.4803 65.1434 0.744155
000194 375 1242 1 444.903 229.896 134.371 107.057 0.913896
000194 375 1242 1 193.964 223.715 120.449 61.0089 0.889414
000194 375 1242 1 601.402 187.687 29.6409 28.6144 0.811243
000194 375 1242 2 677.045 195.001 19.7075 54.4414 0.72265
000194 375 1242 3 708.71 195.135 43.3831 70.5642 0.737408
000195 375 1242 1 141.087 234.907 157.573 70.8273 0.920294
000195 375 1242 1 430.305 242.479 160.861 115.376 0.909451
000195 375 1242 1 604.566 189.915 31.0371 28.2221 0.79971
000195 375 1242 3 720.233 197.962 76.1219 78.5611 0.812161
000196 375 1242 1 81.0543 240.661 162.109 88.0484 0.941307
000196 375 1242 1 404.599 255.734 191.511 143.386 0.914557
000196 375 1242 1 605.206 190.811 31.3328 30.2511 0.816567
000196 375 1242 2 692.943 200.947 19.317 61.1935 0.616454
000196 375 1242 3 727.999 200.423 77.6765 82.3844 0.779412
000197 375 1242 1 367.353 262.584 242.29 167.603 0.957738
000197 375 1242 1 43.8285 241.219 87.4648 86.1342 0.883504
000197 375 1242 1 605.497 187.037 29.7032 28.3002 0.780814
000197 375 1242 1 463.024 188.925 28.1409 20.9446 0.696294
000197 375 1242 2 694.627 197.251 21.3685 62.9917 0.716102
000197 375 1242 3 740.995 201.342 77.5591 88.5269 0.822718
000198 375 1242 1 322.495 274.811 328.349 200.378 0.882469
000198 375 1242 1 606.705 186.469 30.0502 26.5043 0.75621
000198 375 1242 2 709.727 196.324 19.9269 66.8354 0.690795
000198 375 1242 2 337.398 214.566 24.5681 77.2451 0.635527
000198 375 1242 3 755.66 198.274 86.0912 92.7992 0.792536
000199 375 1242 1 258.241 275.695 381.33 198.61 0.91929
000199 375 1242 1 607.978 186.571 28.6351 26.5748 0.749221
000199 375 1242 1 454.69 187.544 34.8059 21.9579 0.719478
000199 375 1242 2 712.783 203.266 26.262 72.7518 0.778528
000199 375 1242 2 307.711 223.078 24.3867 117.939 0.705922
000199 375 1242 2 726.15 203.368 23.595 74.7384 0.686677
000199 375 1242 2 743.362 202.487 29.4954 80.0508 0.680144
000199 375 1242 3 776.237 206.84 113.664 113.574 0.854927
000200 375 1242 1 225.979 276.142 390.666 197.717 0.871169
000200 375 1242 1 448.97 193.95 39.6421 25.6664 0.833329
000200 375 1242 1 609.427 187.142 29.3848 29.5491 0.805319
000200 375 1242 2 275.457 227.448 31.7216 113.86 0.793301
000200 375 1242 2 721.805 206.597 27.1899 77.2327 0.790333
000200 375 1242 2 757.421 207.881 28.572 93.0796 0.70166
000200 375 1242 3 796.819 213.144 130.487 128.568 0.854081
000201 375 1242 1 192.161 277.947 360.925 187.723 0.932979
000201 375 1242 1 439.068 199.688 44.959 28.6329 0.821662
000201 375 1242 1 612.709 188.507 29.2837 27.6703 0.80322
000201 375 1242 2 736.074 215.351 32.1534 83.0048 0.831757
000201 375 1242 2 240.538 229.685 31.9066 100.504 0.763605
000201 375 1242 2 772.908 214.888 35.6593 113.633 0.720166
000201 375 1242 3 790.456 212.885 107.681 113.885 0.736461
000202 375 1242 1 431.669 199.007 48.3689 28.5166 0.81042
000202 375 1242 1 614.725 188.03 29.1971 26.7922 0.795585
000202 375 1242 1 155.96 247.618 230.765 100.946 0.743175
000202 375 1242 2 749.77 218.092 38.6953 94.2096 0.814204
000202 375 1242 2 792.898 216.083 36.8125 120.794 0.690942
000202 375 1242 3 879.021 228.235 177.635 187.747 0.883808
000202 375 1242 3 811.54 212.545 114.064 115.999 0.613944
000203 375 1242 1 65.1396 259.148 130.279 104.324 0.91716
000203 375 1242 1 617.152 187.881 30.0945 27.7527 0.803516
000203 375 1242 1 416.665 202.781 61.1479 30.6017 0.768257
000203 375 1242 2 775.339 224.153 42.7996 109.057 0.834379
000203 375 1242 2 837.965 235.964 62.1418 165.194 0.78359
000203 375 1242 2 111.88 257.216 44.175 133.938 0.767727
000203 375 1242 3 939.227 242.288 191.807 202.53 0.900041
000204 375 1242 1 402.173 202.711 64.0524 33.2516 0.822131
000204 375 1242 1 618.812 190.836 29.8536 28.7921 0.820888
000204 375 1242 1 50.0656 254.27 87.1919 102.332 0.80676
000204 375 1242 2 887.663 242.477 56.4774 188.844 0.840526
000204 375 1242 2 805.53 239.938 46.403 127.959 0.828701
000204 375 1242 3 1009.29 252.222 217.159 241.984 0.849086
000205 375 1242 1 386.382 209.878 69.3376 36.9787 0.847403
000205 375 1242 1 618.305 198.174 28.5869 28.2924 0.795075
000205 375 1242 2 839.977 251.629 64.9467 169.201 0.805228
000205 375 1242 2 967.054 266.689 103.557 216.622 0.6323
000205 375 1242 2 1152.48 264.371 179.044 221.259 0.628433
000205 375 1242 3 1147.3 239.107 189.398 271.787 0.85389
000205 375 1242 3 956.701 252.433 199.245 236.33 0.747487
000206 375 1242 1 359.756 215.357 85.7986 42.5844 0.870561
000206 375 1242 1 618.361 200.543 30.2014 28.4125 0.78906
000206 375 1242 2 902.437 274.08 100.9 196.58 0.864756
000206 375 1242 2 1063.74 252.006 188.773 237.681 0.633976
000206 375 1242 3 1030.38 251.315 196.441 228.324 0.680951
000207 375 1242 1 336.141 216.235 82.0704 43.4032 0.860444
000207 375 1242 1 619.101 197.786 29.7104 26.4822 0.786688
000207 375 1242 1 496.645 197.731 26.7164 18.5957 0.685893
000207 375 1242 2 985.967 276.396 110.333 197.208 0.860647
000207 375 1242 3 1139.91 264.448 203.793 221.104 0.830346
000208 375 1242 1 291.701 221.014 107.308 52.7852 0.906166
000208 375 1242 1 340.113 206.557 72.0297 39.5475 0.842211
000208 375 1242 1 617.601 191.47 29.1082 28.0565 0.826677
000208 375 1242 1 492.092 191.971 26.4418 18.3586 0.608406
000208 375 1242 2 1143.02 278.285 189.785 192.102 0.772136
000209 375 1242 1 239.169 228.274 134.601 66.3175 0.917502
000209 375 1242 1 304.423 209.429 88.9714 46.7308 0.870857
000209 375 1242 1 617.774 190.948 28.2717 27.0087 0.809357
000209 375 1242 1 482.444 193.932 29.5268 20.2585 0.763797
000209 375 1242 3 365.685 192.323 27.4648 36.2484 0.670812
000210 375 1242 1 180.152 235.899 184.604 84.5259 0.897611
000210 375 1242 1 261.307 215.22 115.426 53.5726 0.897011
000210 375 1242 1 617.954 190.853 28.8411 28.2796 0.812963
000210 375 1242 1 474.734 192.47 35.5253 22.2739 0.76925
000210 375 1242 3 352.251 192.659 35.0242 41.8291 0.873479
000210 375 1242 3 388.584 192.789 28.6393 41.7417 0.656848
000211 375 1242 1 222.484 217.235 116.048 60.1352 0.905302
000211 375 1242 1 106.733 245.399 205.127 97.6023 0.888879
000211 375 1242 1 466.981 194.596 35.3723 24.1352 0.815829
000211 375 1242 1 616.922 190.751 27.9528 28.1291 0.808089
000211 375 1242 3 346.697 193.999 29.4713 43.5767 0.694003
000212 375 1242 1 59.7416 246.219 119.483 106.099 0.935083
000212 375 1242 1 151.214 225.111 165.025 68.022 0.883377
000212 375 1242 1 456.552 193.557 37.5454 25.0249 0.812162
000212 375 1242 1 616.956 188.21 28.4585 28.134 0.797143
000212 375 1242 1 60.9397 181.735 121.879 94.5109 0.688074
000212 375 1242 3 337.595 195.328 33.4421 38.4674 0.735322
000213 375 1242 1 86.6846 232.551 173.369 85.8688 0.942794
000213 375 1242 1 442.107 195.489 45.6234 27.1044 0.839725
000213 375 1242 1 616.397 188.964 27.8849 28.5363 0.817307
000213 375 1242 3 322.387 195.299 26.8383 35.1012 0.74478
000214 375 1242 1 49.8516 232.04 95.964 88.5464 0.895434
000214 375 1242 1 425.902 193.569 47.6129 27.6264 0.827451
000214 375 1242 1 613.733 186.981 29.3512 28.6167 0.787389
000215 375 1242 1 417.37 197.744 55.7605 29.7057 0.831824
000215 375 1242 1 614.302 187.017 28.0594 27.8581 0.776362
000215 375 1242 3 301.185 193.418 31.5817 38.3856 0.764014
000216 375 1242 1 614.285 190.447 29.5529 31.4034 0.849943
000216 375 1242 1 399.029 203.785 58.3835 32.862 0.817509
000216 375 1242 3 287.333 198.41 35.9002 38.5567 0.821831
000217 375 1242 1 381.692 204.506 67.6433 35.0648 0.870248
000217 375 1242 1 613.162 190.78 28.2356 28.7439 0.828951
000217 375 1242 3 270.534 202.201 35.5453 35.9636 0.766068
000218 375 1242 1 358.332 205.724 74.0513 39.3322 0.907422
000218 375 1242 1 614.39 189.491 28.8743 29.0797 0.813822
000218 375 1242 3 254.187 204.8 31.229 32.0817 0.676938
000219 375 1242 1 328.854 208.935 83.2937 41.7916 0.914597
000219 375 1242 1 614.507 189.181 29.7551 29.9721 0.833866
000220 375 1242 1 294.99 211.419 103.796 49.0113 0.880292
000220 375 1242 1 613.553 187.277 28.9143 28.2062 0.779971
000221 375 1242 1 246.916 217.215 122.63 53.3149 0.902796
000221 375 1242 1 613.374 186.765 27.6517 28.6497 0.773935
000222 375 1242 1 183.051 226.667 140.942 64.7784 0.883125
000222 375 1242 1 614.35 187.283 28.4167 28.7827 0.78481
000223 375 1242 1 112.353 238.86 196.735 77.6646 0.904579
000223 375 1242 1 614.453 190.419 28.2281 29.9974 0.844916
000223 375 1242 2 867.348 206.377 24.6486 82.6665 0.685371
000224 375 1242 1 64.1334 248.944 128.267 87.1358 0.872496
000224 375 1242 1 614.86 193.536 28.7823 30.0892 0.852643
000224 375 1242 1 79.16 225.1 67.9619 36.7768 0.843174
000224 375 1242 1 476.154 196.514 28.1359 19.736 0.703071
000224 375 1242 2 888.824 207.367 29.2823 80.1793 0.75765
000225 375 1242 1 613.587 194.301 29.5295 29.51 0.847391
000225 375 1242 1 467.617 199.733 29.6857 20.6226 0.736414
000225 375 1242 1 515.326 191.86 27.2714 19.4828 0.710789
000225 375 1242 2 916.205 207.57 38.2512 89.2526 0.833507
000226 375 1242 1 613.622 194.004 29.5673 30.1169 0.854414
000226 375 1242 1 511.424 193.157 25.6463 20.2332 0.72215
000226 375 1242 1 461.858 198.858 31.5399 21.5964 0.719285
000226 375 1242 2 949.894 211.721 44.1121 100.064 0.85558
000226 375 1242 2 52.5035 226.096 34.5572 69.8278 0.609049
000227 375 1242 1 613.286 195.104 29.9198 30.7502 0.846997
000227 375 1242 1 454.853 198.921 32.3958 21.8764 0.769498
000227 375 1242 1 499.712 192.423 25.524 19.5881 0.696888
000227 375 1242 2 997.901 215.825 48.6099 113.67 0.837701
000228 375 1242 1 612.699 196.096 30.5245 29.5085 0.833787
000228 375 1242 1 494.635 199.706 29.3148 21.476 0.687797
000228 375 1242 1 449.658 203.96 32.3431 21.9334 0.635327
000228 375 1242 1 523.17 194.593 23.4491 18.6652 0.629993
000228 375 1242 2 1051.19 231.129 65.4614 125.441 0.795268
000229 375 1242 1 612.843 196.021 30.4664 28.9743 0.829191
000229 375 1242 1 487.95 200.908 36.2729 23.9607 0.757581
000229 375 1242 1 438.061 203.305 38.658 25.5328 0.748584
000229 375 1242 1 520.033 194.212 24.1059 19.7659 0.657757
000229 375 1242 2 1129.34 238.58 61.2058 158.926 0.852192
000230 375 1242 1 613.003 193.759 30.5476 28.921 0.850329
000230 375 1242 1 480.418 197.556 38.0434 25.2502 0.791685
000230 375 1242 1 423.653 200.37 39.1465 24.6338 0.774789
000230 375 1242 1 514.209 190.766 26.6065 20.4783 0.743043
000231 375 1242 1 612.299 190.063 29.9087 29.8852 0.839494
000231 375 1242 1 471.006 195.986 39.6033 25.9195 0.826221
000231 375 1242 1 408.652 199.927 38.1898 25.328 0.752926
000232 375 1242 1 458.229 196.541 42.9407 27.1556 0.841326
000232 375 1242 1 612.1 188.802 29.652 28.3911 0.827556
000232 375 1242 1 403.956 200.861 46.679 29.2348 0.815403
000233 375 1242 1 612.273 189.333 30.7146 30.4231 0.849021
000233 375 1242 1 450.216 198.814 44.4893 32.4854 0.833611
000233 375 1242 1 389.153 202.684 50.5537 29.4059 0.793204
000234 375 1242 1 433.33 198.326 52.037 33.4857 0.850753
000234 375 1242 1 372.229 202.584 58.4568 33.6832 0.827081
000234 375 1242 1 611.568 187.531 31.0594 29.2419 0.823095
000235 375 1242 1 417.403 203.9 58.3082 36.4598 0.860104
000235 375 1242 1 354.482 204.686 62.7617 35.4955 0.840118
000235 375 1242 1 611.321 188.07 31.0168 30.2976 0.834752
000235 375 1242 1 495.257 188.55 29.8621 21.8839 0.712614
000236 375 1242 1 393.084 206.292 72.1468 39.1241 0.886842
000236 375 1242 1 333.598 206.051 70.4088 38.2454 0.865414
000236 375 1242 1 612.188 189.536 31.2438 30.9034 0.857463
000236 375 1242 1 489.799 193.412 31.6527 21.9648 0.775748
000237 375 1242 1 306.191 210.476 84.6199 44.1753 0.886757
000237 375 1242 1 369.834 210.03 75.7528 44.165 0.868687
000237 375 1242 1 612.048 189.878 30.8302 30.1999 0.849999
000237 375 1242 1 480.665 195.705 33.6838 22.3217 0.795287
000238 375 1242 1 335.889 214.218 92.7487 54.2077 0.917437
000238 375 1242 1 270.744 213.054 93.9691 45.5341 0.888949
000238 375 1242 1 612.281 189.962 31.1277 31.0501 0.851142
000238 375 1242 1 472.993 197.837 37.2751 24.3534 0.801275
000239 375 1242 1 229.719 218.33 125.152 54.9054 0.905909
000239 375 1242 1 612.768 190.368 31.0547 31.6833 0.85268
000239 375 1242 1 464.31 199.695 35.8744 24.2943 0.759931
000240 375 1242 1 211.61 229.216 175.288 72.5888 0.90799
000240 375 1242 1 612.346 189.722 30.2334 30.7222 0.851261
000240 375 1242 1 455.815 200.107 39.9335 26.4301 0.813493
000241 375 1242 1 116.041 240.88 181.907 90.3519 0.908052
000241 375 1242 1 612.195 188.76 29.9922 30.5991 0.852116
000241 375 1242 1 441.875 199.912 44.6028 29.9212 0.82563
000242 375 1242 1 67.2618 249.459 134.524 98.9549 0.943712
000242 375 1242 1 612.052 187.917 30.1497 30.7919 0.836894
000242 375 1242 1 433.118 202.083 51.9012 30.6886 0.806856
000243 375 1242 1 612.203 189.918 29.9703 31.8238 0.856239
000243 375 1242 1 414.411 203.71 55.6498 35.0085 0.83305
000243 375 1242 1 14.1943 242.362 28.3886 129.824 0.712963
000244 375 1242 1 392.112 208.317 65.8794 39.4897 0.883975
000244 375 1242 1 613.326 190.291 30.1158 31.5856 0.856294
000245 375 1242 1 369.208 212.286 82.4785 45.9694 0.910077
000245 375 1242 1 613.719 190.351 31.5732 32.1291 0.859928
000246 375 1242 1 333.593 217.489 91.6516 53.983 0.890084
000246 375 1242 1 612.48 187.919 30.0184 29.674 0.842388
000247 375 1242 1 290.589 225.167 108.685 62.8557 0.885063
000247 375 1242 1 613.935 188.386 30.1812 29.4867 0.851121
000247 375 1242 1 292.41 202.533 70.2457 33.8741 0.699238
000248 375 1242 1 238.23 233.954 151.824 76.8472 0.931145
000248 375 1242 1 613.052 189.777 30.4344 30.6821 0.862687
000249 375 1242 1 157.606 242.262 198.929 95.4546 0.896478
000249 375 1242 1 613.636 189.934 29.9401 30.5578 0.862888
000250 375 1242 1 80.7419 256.056 159.364 111.63 0.924646
000250 375 1242 1 613.807 190.135 29.3071 29.199 0.851997
000251 375 1242 1 16.0279 247.179 32.0558 117.751 0.847548
000251 375 1242 1 614.298 191.043 29.161 28.2497 0.834333
000252 375 1242 1 614.961 194.0 30.9967 30.0828 0.848479
000253 375 1242 1 613.737 195.161 31.1005 30.5835 0.854657
000254 375 1242 1 614.093 194.023 31.0177 30.3436 0.855223
000255 375 1242 1 613.917 193.994 31.0198 30.1764 0.855368
000256 375 1242 1 613.952 192.942 31.14 29.8589 0.853653
000257 375 1242 1 613.506 190.465 30.2574 29.9809 0.853423
000258 375 1242 1 613.812 188.406 30.0424 30.2937 0.846393
000259 375 1242 1 613.879 188.086 30.6515 29.1694 0.798789
000260 375 1242 1 612.891 186.459 28.7103 29.7321 0.792458
000261 375 1242 1 612.0 188.737 31.7977 30.5242 0.853104
000262 375 1242 1 611.985 191.497 29.163 29.2942 0.837397
000263 375 1242 1 611.969 191.778 29.3127 28.9432 0.83454
000264 375 1242 1 611.866 189.508 29.6143 29.1189 0.832358
000265 375 1242 1 610.824 186.859 29.8337 27.632 0.79421
000266 375 1242 1 609.137 188.179 29.4244 26.8498 0.733559
000267 375 1242 1 608.322 188.17 29.7943 29.1093 0.780756
000268 375 1242 1 607.349 187.237 30.6829 30.7108 0.818304
000269 375 1242 1 609.204 186.81 33.4351 30.507 0.828117
000269 375 1242 2 913.553 99.4461 59.5596 165.261 0.684094
000270 375 1242 1 607.942 193.295 31.3856 29.367 0.83638
000271 375 1242 1 608.072 195.051 32.9631 30.6409 0.843973
000272 375 1242 1 607.0 197.535 33.3572 32.1852 0.843239
000273 375 1242 1 606.316 195.46 32.745 30.7892 0.831336
000274 375 1242 1 605.662 195.414 33.0074 32.3886 0.841289
000275 375 1242 1 605.483 193.848 32.9093 31.9767 0.829285
000276 375 1242 1 604.642 193.201 33.7941 34.4117 0.83568
000277 375 1242 1 604.074 190.214 32.2303 34.1137 0.834784
000278 375 1242 1 603.333 189.189 33.2028 31.9537 0.838541
000279 375 1242 1 602.355 188.417 34.5052 32.9654 0.853189
000280 375 1242 1 600.37 187.704 33.7936 32.2548 0.840285
000281 375 1242 1 600.856 187.675 33.2499 32.0169 0.83859
000282 375 1242 1 601.612 187.426 33.1425 32.0485 0.830656
000283 375 1242 1 603.236 187.277 32.9047 30.2246 0.796564
000284 375 1242 1 604.268 186.958 33.3236 31.313 0.802829
000285 375 1242 1 603.051 187.264 32.8201 33.1877 0.814799
000286 375 1242 1 601.739 188.033 36.0922 34.0101 0.859109
000287 375 1242 1 603.082 188.53 34.6444 34.7344 0.855933
000288 375 1242 1 603.125 189.241 35.6763 33.9958 0.854977
000289 375 1242 1 603.214 189.907 33.4254 34.7141 0.859182
000290 375 1242 1 603.755 188.128 32.7948 34.2082 0.821482
000291 375 1242 1 604.148 187.738 32.5948 34.127 0.805581
000292 375 1242 1 605.198 186.537 33.4534 33.4325 0.801718
000293 375 1242 1 605.702 186.856 32.5779 30.9042 0.819537
000294 375 1242 1 605.564 188.546 31.252 30.792 0.796984
000295 375 1242 1 605.482 187.973 32.1577 32.1855 0.826752
000296 375 1242 1 605.719 187.578 32.826 33.9843 0.812399
000296 375 1242 2 262.024 201.31 20.2475 40.6444 0.62379
000296 375 1242 3 300.574 200.45 40.1343 41.4606 0.731981
000297 375 1242 1 605.678 188.069 31.9805 33.5186 0.828394
000297 375 1242 3 287.796 200.938 47.0142 40.4694 0.808817
000298 375 1242 1 605.875 188.964 33.6124 33.1564 0.846439
000298 375 1242 3 272.054 202.245 42.4723 40.5329 0.733986
000299 375 1242 1 605.687 189.387 34.0316 33.1912 0.861116
000299 375 1242 2 217.306 208.51 19.4315 49.791 0.70056
000299 375 1242 3 258.604 208.019 42.8324 47.8129 0.752291
000300 375 1242 1 607.56 188.069 36.7024 31.2491 0.856521
000300 375 1242 3 240.229 206.515 54.7121 46.5887 0.778628
000301 375 1242 1 607.501 189.38 36.7179 31.5016 0.869581
000301 375 1242 2 168.586 209.732 22.3485 54.0213 0.675109
000301 375 1242 3 225.835 209.268 62.3958 53.8293 0.857458
000302 375 1242 1 608.344 189.513 36.3447 30.8382 0.870618
000302 375 1242 2 135.998 214.771 26.0362 47.9616 0.707153
000302 375 1242 3 207.454 209.549 63.9391 53.0568 0.918898
000303 375 1242 1 608.531 189.627 35.0066 30.5031 0.866022
000303 375 1242 3 177.805 212.146 66.1647 58.1895 0.923637
000304 375 1242 1 610.363 191.376 32.7439 31.2805 0.868187
000304 375 1242 3 147.284 215.196 77.0575 62.508 0.896578
000305 375 1242 1 610.025 192.71 34.9595 31.2531 0.870612
000305 375 1242 3 127.113 229.235 75.0273 56.9528 0.667163
000306 375 1242 1 609.623 192.873 34.688 30.6109 0.867203
000306 375 1242 3 76.8662 227.769 84.6492 74.9502 0.898709
000307 375 1242 1 610.115 191.163 33.3126 30.7213 0.867953
000307 375 1242 3 44.6305 230.013 89.2609 79.4052 0.931486
000308 375 1242 1 610.271 193.375 33.8761 30.9365 0.866701
000309 375 1242 1 610.538 194.581 34.2609 30.2577 0.865946
000310 375 1242 1 609.779 195.437 33.2683 29.6369 0.857122
000311 375 1242 1 609.582 194.589 33.144 30.7332 0.862161
000312 375 1242 1 608.922 194.816 33.369 29.2084 0.856956
000313 375 1242 1 608.833 198.157 35.0087 29.2542 0.850113
000313 375 1242 1 1114.73 189.939 70.0083 25.7225 0.689464
