000000 375 1242 1 425.013 234.984 214.774 98.5258 0.920372
000001 375 1242 1 344.808 243.919 262.029 111.409 0.94808
000002 375 1242 1 276.691 246.764 277.196 122.762 0.851222
000003 375 1242 1 207.615 256.807 329.304 138.707 0.880161
000004 375 1242 1 139.067 263.932 278.134 150.466 0.952334
000005 375 1242 1 122.668 264.5 245.336 151.752 0.957725
000005 375 1242 1 1207.71 203.709 67.582 32.042 0.718082
000006 375 1242 1 77.734 265.362 155.468 162.256 0.835804
000006 375 1242 1 1193.08 201.355 97.8477 36.5634 0.773844
000007 375 1242 1 1177.3 200.914 125.873 38.7101 0.781495
000007 375 1242 1 22.8458 277.119 45.6916 188.417 0.658859
000008 375 1242 1 1145.64 201.306 132.818 39.4834 0.77305
000009 375 1242 1 1114.55 203.139 124.825 38.2586 0.784212
000010 375 1242 1 1079.84 199.557 143.796 41.3626 0.823395
000011 375 1242 1 1049.99 197.837 138.215 40.652 0.859441
000012 375 1242 1 1028.38 194.19 121.081 39.6629 0.819802
000013 375 1242 1 1001.33 196.846 99.796 37.5907 0.849569
000014 375 1242 1 983.255 195.582 92.3804 30.6703 0.872562
000015 375 1242 1 951.588 194.424 97.4391 30.4376 0.855529
000016 375 1242 1 917.973 191.693 92.3284 33.0508 0.827669
000017 375 1242 1 903.536 191.043 93.1467 33.5037 0.861002
000018 375 1242 1 882.676 190.433 83.7795 35.4552 0.869981
000019 375 1242 1 861.259 188.86 89.8009 34.8019 0.836937
000020 375 1242 1 850.389 187.571 86.3807 33.6891 0.820267
000021 375 1242 1 834.199 187.71 81.8035 35.9074 0.838739
000022 375 1242 1 817.986 186.823 79.3127 30.3806 0.790294
000023 375 1242 1 803.934 186.196 78.5702 28.8657 0.799701
000024 375 1242 1 791.07 185.115 73.3143 28.1079 0.774426
000025 375 1242 1 777.055 184.867 67.1547 26.8732 0.753084
000026 375 1242 1 769.063 184.179 65.4482 28.0093 0.666572
000027 375 1242 1 757.81 190.083 60.4087 28.0702 0.716709
000028 375 1242 1 749.117 191.835 61.348 26.717 0.622123
000029 375 1242 1 739.582 191.698 53.3286 23.6805 0.607445
000030 375 1242 1 729.701 189.982 52.2736 23.264 0.659939
000031 375 1242 1 723.703 189.716 50.6526 23.4436 0.666666
000032 375 1242 1 721.139 188.264 47.5261 23.6608 0.69744
000033 375 1242 1 712.598 188.588 41.5646 21.9686 0.684138
000035 375 1242 1 699.807 189.319 39.5068 20.9186 0.64672
000036 375 1242 1 1193.35 288.525 97.3094 172.949 0.941945
000036 375 1242 1 696.771 188.051 36.9169 21.1481 0.647901
000037 375 1242 1 1154.35 278.721 174.654 188.876 0.699613
000038 375 1242 1 1128.48 281.897 227.039 184.503 0.887637
000039 375 1242 1 1104.47 282.332 275.055 185.336 0.928724
000039 375 1242 1 683.192 186.71 33.9987 21.815 0.657914
000040 375 1242 1 1074.31 281.325 335.376 187.348 0.929408
000040 375 1242 1 681.394 187.112 32.207 21.2776 0.624162
000041 375 1242 1 1060.82 281.893 362.363 183.636 0.882308
000041 375 1242 1 677.432 187.042 33.0802 21.6382 0.642315
000042 375 1242 1 1023.28 280.946 342.796 183.058 0.904006
000042 375 1242 1 1208.56 261.055 64.0342 139.749 0.698012
000043 375 1242 1 979.659 267.604 264.847 161.919 0.891203
000043 375 1242 1 1187.53 249.502 108.938 136.845 0.860043
000044 375 1242 1 1166.05 247.037 151.908 128.423 0.914164
000044 375 1242 1 935.895 258.378 232.773 144.638 0.847447
000045 375 1242 1 1151.53 245.517 180.942 130.802 0.957612
000045 375 1242 1 904.071 249.986 209.546 130.402 0.950609
000045 375 1242 1 668.306 183.675 27.4725 19.5652 0.611445
000046 375 1242 1 1131.04 242.75 221.914 119.474 0.968825
000046 375 1242 1 878.321 243.762 188.76 121.765 0.947938
000047 375 1242 1 855.001 239.749 165.809 107.277 0.954729
000047 375 1242 1 1116.99 239.419 240.18 110.201 0.945682
000047 375 1242 1 669.243 181.538 23.7202 18.3176 0.660191
000048 375 1242 1 835.722 231.528 150.536 98.4935 0.946117
000048 375 1242 1 1078.57 231.8 214.354 101.065 0.919732
000048 375 1242 1 663.885 184.129 24.0891 18.0599 0.638283
000049 375 1242 1 1047.01 230.582 200.935 95.5056 0.925999
000049 375 1242 1 816.42 228.884 137.812 91.7421 0.916627
000049 375 1242 1 660.927 182.746 23.4565 18.1767 0.691374
000050 375 1242 1 1015.54 226.601 175.764 86.5275 0.957753
000050 375 1242 1 800.424 225.468 125.821 85.8954 0.901961
000050 375 1242 1 656.317 182.66 23.3047 17.2432 0.622759
000051 375 1242 1 789.466 218.322 110.025 74.8161 0.92825
000051 375 1242 1 995.248 222.292 162.137 78.2487 0.913976
000052 375 1242 1 775.278 216.105 106.502 69.7722 0.924055
000052 375 1242 1 968.512 219.858 149.055 73.3862 0.899798
000053 375 1242 1 763.756 213.952 98.1173 66.2587 0.912915
000053 375 1242 1 949.181 215.216 133.344 65.3604 0.908411
000054 375 1242 1 1196.88 242.239 90.2406 137.422 0.917194
000054 375 1242 1 752.043 212.448 86.9948 64.3374 0.909658
000054 375 1242 1 930.947 213.314 124.554 63.4558 0.893659
000055 375 1242 1 1175.97 254.023 132.069 125.718 0.905131
000055 375 1242 1 908.64 211.413 119.209 63.0835 0.89802
000055 375 1242 1 744.762 211.06 80.1294 57.2144 0.894839
000056 375 1242 1 1156.97 244.687 170.066 125.356 0.895525
000056 375 1242 1 893.749 210.526 108.366 60.4191 0.874527
000056 375 1242 1 736.825 209.584 73.5232 56.0565 0.862518
000057 375 1242 1 1141.95 246.95 200.097 130.489 0.898939
000057 375 1242 1 880.789 208.021 102.416 58.2268 0.88881
000057 375 1242 1 728.712 207.315 69.7419 53.0625 0.880138
000058 375 1242 1 1107.16 291.419 262.364 167.162 0.966256
000058 375 1242 1 866.053 205.017 95.7822 53.7394 0.908182
000058 375 1242 1 722.133 201.8 67.1539 48.1441 0.891507
000058 375 1242 1 1209.36 262.134 62.7202 134.763 0.703492
000059 375 1242 1 1053.43 290.102 276.17 169.796 0.93497
000059 375 1242 1 716.583 201.911 63.9043 48.3519 0.873779
000059 375 1242 1 851.414 201.955 89.5023 48.4718 0.861399
000060 375 1242 1 1020.89 290.545 278.65 168.909 0.939811
000060 375 1242 1 841.339 201.664 87.4824 46.8474 0.920112
000060 375 1242 1 707.718 200.702 60.1146 46.9362 0.90401
000060 375 1242 1 1211.18 240.663 61.6337 132.37 0.639905
000061 375 1242 1 990.032 289.951 263.365 170.098 0.930215
000061 375 1242 1 833.144 200.968 79.4769 46.5893 0.88871
000061 375 1242 1 701.502 200.796 55.912 45.0558 0.886755
000061 375 1242 1 1209.35 292.449 63.8752 155.706 0.722961
000062 375 1242 1 1034.35 229.272 239.156 115.116 0.933615
000062 375 1242 1 821.481 200.716 78.2157 42.3762 0.913956
000062 375 1242 1 1047.05 288.126 383.201 173.748 0.904892
000062 375 1242 1 699.934 199.125 53.781 41.0089 0.863271
000063 375 1242 1 811.037 199.215 72.1932 42.6146 0.89803
000063 375 1242 1 693.848 197.858 49.6783 39.6234 0.871721
000063 375 1242 1 986.323 286.422 345.246 177.155 0.86433
000063 375 1242 1 1001.98 226.638 210.425 97.0497 0.834712
000064 375 1242 1 935.566 277.13 289.437 170.271 0.941548
000064 375 1242 1 982.906 211.754 171.6 73.0331 0.898237
000064 375 1242 1 802.073 198.357 68.5669 40.5906 0.879881
000064 375 1242 1 690.331 196.76 49.0201 37.4031 0.853823
000065 375 1242 1 902.27 263.951 253.025 145.412 0.969408
000065 375 1242 1 949.923 211.089 169.931 70.1464 0.914067
000065 375 1242 1 793.41 197.284 65.2329 37.0684 0.87897
000065 375 1242 1 683.838 195.815 45.7897 36.0659 0.86019
000066 375 1242 1 871.054 256.354 222.073 129.512 0.956966
000066 375 1242 1 924.36 213.17 152.998 72.8494 0.904052
000066 375 1242 1 681.056 196.038 43.5872 34.5224 0.870979
000066 375 1242 1 784.933 196.583 63.5541 35.7247 0.854846
000067 375 1242 1 844.244 247.259 202.012 113.857 0.94585
000067 375 1242 1 906.328 208.951 139.454 62.4349 0.905844
000067 375 1242 1 676.955 195.3 41.092 34.2224 0.851314
000067 375 1242 1 775.731 196.413 61.6807 37.1849 0.847583
000068 375 1242 1 822.083 241.864 176.244 103.099 0.942352
000068 375 1242 1 883.602 209.655 129.759 64.6837 0.921525
000068 375 1242 1 774.437 195.93 64.298 35.4594 0.846707
000068 375 1242 1 673.858 193.863 38.58 31.4292 0.838124
000069 375 1242 1 805.168 238.396 152.786 98.9603 0.924088
000069 375 1242 1 868.683 207.133 116.556 57.9343 0.89898
000069 375 1242 1 671.557 192.196 37.9679 30.2301 0.821222
000069 375 1242 1 761.178 193.069 51.295 32.4527 0.803359
000070 375 1242 1 786.993 231.66 143.498 88.6634 0.932745
000070 375 1242 1 855.687 203.61 105.9 54.0774 0.884607
000070 375 1242 1 668.07 192.882 34.5553 29.1393 0.810578
000070 375 1242 1 759.8 192.664 60.891 31.3796 0.797934
000070 375 1242 1 1191.66 225.038 98.2246 192.325 0.730722
000070 375 1242 1 1133.66 305.934 207.996 138.131 0.633453
000071 375 1242 1 770.894 227.094 126.04 86.2313 0.91497
000071 375 1242 1 1111.45 291.472 260.731 163.266 0.883228
000071 375 1242 1 663.967 191.558 34.5104 30.6834 0.848852
000071 375 1242 1 850.05 199.78 84.9786 44.3732 0.821859
000071 375 1242 1 746.361 188.018 49.9894 29.891 0.747416
000072 375 1242 1 760.699 223.776 118.462 77.6264 0.918799
000072 375 1242 1 1084.6 276.049 314.804 197.902 0.891631
000072 375 1242 1 827.226 200.729 86.6251 46.149 0.857881
000072 375 1242 1 662.109 191.138 30.2767 28.0312 0.81573
000072 375 1242 1 743.819 189.964 49.6853 29.2642 0.797102
000073 375 1242 1 1050.58 278.004 342.69 193.993 0.922466
000073 375 1242 1 751.606 217.343 107.359 71.6098 0.901439
000073 375 1242 1 818.941 199.482 83.0049 44.5634 0.863964
000073 375 1242 1 658.468 189.162 32.2505 28.093 0.835072
000073 375 1242 1 742.052 188.684 48.8556 27.2409 0.793831
000074 375 1242 1 739.97 215.593 98.3765 71.9769 0.914853
000074 375 1242 1 1052.62 278.477 362.613 191.669 0.89933
000074 375 1242 1 806.537 197.528 77.1365 42.9746 0.880638
000074 375 1242 1 656.223 187.431 31.6521 26.7943 0.808142
000074 375 1242 1 728.899 186.848 47.1293 27.5802 0.786011
000075 375 1242 1 732.853 213.283 93.4288 65.7711 0.910712
000075 375 1242 1 1016.1 279.409 368.679 190.601 0.896002
000075 375 1242 1 794.189 197.333 76.2206 42.3152 0.885795
000075 375 1242 1 654.094 187.234 29.9031 26.1778 0.774084
000076 375 1242 1 1001.54 276.397 386.675 197.205 0.90195
000076 375 1242 1 788.522 195.648 67.9702 38.3703 0.887018
000076 375 1242 1 722.193 210.966 83.4324 59.6138 0.855445
000076 375 1242 1 654.127 184.783 30.8567 24.9819 0.669234
000077 375 1242 1 983.012 275.156 359.426 183.784 0.938291
000077 375 1242 1 779.314 196.445 67.0435 37.5082 0.867842
000077 375 1242 1 715.69 210.514 78.2059 56.0862 0.851408
000077 375 1242 1 651.403 189.736 29.5391 24.3021 0.620152
000078 375 1242 1 926.402 264.272 286.562 159.96 0.913436
000078 375 1242 1 770.649 194.673 64.4867 34.3739 0.863626
000078 375 1242 1 708.104 208.722 73.1322 55.6704 0.860531
000079 375 1242 1 901.658 253.297 259.145 137.196 0.941077
000079 375 1242 1 703.971 207.06 70.0854 52.1656 0.866285
000079 375 1242 1 764.263 194.329 60.7399 33.6838 0.84996
000080 375 1242 1 870.416 245.858 222.529 124.498 0.973106
000080 375 1242 1 698.206 205.792 63.3075 48.1385 0.844397
000080 375 1242 1 759.268 192.318 50.7789 32.5298 0.837107
000081 375 1242 1 842.395 240.423 189.341 114.272 0.951762
000081 375 1242 1 690.31 202.681 60.5491 45.9609 0.838725
000081 375 1242 1 754.97 192.474 51.4427 30.8015 0.819165
000082 375 1242 1 823.073 233.258 169.862 101.683 0.954831
000082 375 1242 1 686.747 202.124 59.1908 44.4366 0.840617
000082 375 1242 1 744.629 190.116 51.2335 29.5086 0.822239
000083 375 1242 1 805.549 228.7 150.823 96.1129 0.936631
000083 375 1242 1 685.04 199.427 53.2675 43.0051 0.824765
000083 375 1242 1 738.504 188.48 45.2228 28.0305 0.806287
000083 375 1242 1 1096.15 201.182 75.3154 28.338 0.634077
000084 375 1242 1 788.07 224.544 139.343 91.5602 0.92779
000084 375 1242 1 678.805 196.951 47.6562 39.3747 0.866275
000084 375 1242 1 730.414 187.069 51.1965 27.2631 0.797103
000084 375 1242 1 1049.92 197.048 104.698 35.855 0.734192
000085 375 1242 1 1194.53 292.457 94.9369 165.085 0.934439
000085 375 1242 1 774.463 217.852 122.601 81.2094 0.905834
000085 375 1242 1 677.617 196.308 46.02 37.4233 0.868814
000085 375 1242 1 1036.63 196.918 100.78 35.2341 0.840619
000085 375 1242 1 726.949 187.107 43.1062 26.6541 0.789559
000086 375 1242 1 762.253 216.7 114.612 76.6624 0.915033
000086 375 1242 1 1029.48 192.751 88.412 33.8178 0.870529
000086 375 1242 1 674.659 194.936 44.79 36.103 0.849761
000086 375 1242 1 1151.39 277.926 177.025 189.141 0.794419
000086 375 1242 1 724.06 187.963 41.946 28.2072 0.733814
000087 375 1242 1 1127.91 274.423 228.189 201.154 0.974406
000087 375 1242 1 751.445 214.315 106.683 69.2596 0.862587
000087 375 1242 1 666.486 195.384 44.0334 35.7731 0.840266
000087 375 1242 1 1014.5 194.982 93.5779 34.4356 0.831157
000087 375 1242 1 722.861 188.862 42.7739 26.9878 0.759083
000088 375 1242 1 1104.77 274.138 274.469 201.724 0.882246
000088 375 1242 1 740.538 212.685 99.308 65.2372 0.87882
000088 375 1242 1 998.947 194.163 100.147 34.6938 0.832711
000088 375 1242 1 664.813 195.692 41.1509 33.6585 0.831596
000088 375 1242 1 714.245 192.767 44.4139 28.5557 0.720551
000089 375 1242 1 1078.19 273.639 327.618 202.722 0.91192
000089 375 1242 1 734.411 210.426 91.2561 64.1641 0.868517
000089 375 1242 1 985.726 193.714 92.1263 32.5309 0.84476
000089 375 1242 1 663.866 193.128 41.5938 32.4109 0.825762
000090 375 1242 1 1048.87 275.137 350.585 197.219 0.924247
000090 375 1242 1 723.843 208.413 81.1731 57.7453 0.888207
000090 375 1242 1 971.699 195.317 95.5525 32.4383 0.815327
000090 375 1242 1 661.503 192.809 36.9683 31.8378 0.806149
000091 375 1242 1 1019.0 268.967 352.014 200.148 0.890128
000091 375 1242 1 715.774 206.674 76.7596 54.3621 0.874924
000091 375 1242 1 659.833 193.427 41.5355 32.1858 0.80957
000092 375 1242 1 1064.57 271.894 354.851 206.213 0.887769
000092 375 1242 1 968.491 192.976 82.1259 31.0083 0.88011
000092 375 1242 1 709.424 201.043 68.8115 50.0669 0.877619
000092 375 1242 1 656.977 192.16 38.4498 30.025 0.802322
000093 375 1242 1 1015.69 265.811 358.755 199.939 0.944758
000093 375 1242 1 952.393 192.826 82.4644 33.3784 0.878619
000093 375 1242 1 703.402 200.165 64.8037 47.2242 0.861163
000093 375 1242 1 657.253 191.767 39.524 29.7736 0.803016
000094 375 1242 1 949.992 259.828 287.153 175.863 0.911296
000094 375 1242 1 699.073 199.042 61.8147 44.848 0.862143
000094 375 1242 1 951.985 192.174 84.2316 33.2863 0.826582
000094 375 1242 1 661.392 191.674 32.9127 26.5229 0.753085
000095 375 1242 1 906.622 246.627 256.756 156.052 0.952467
000095 375 1242 1 693.942 197.465 60.9143 43.4616 0.881795
000095 375 1242 1 651.378 188.67 37.923 29.113 0.78999
000095 375 1242 1 920.283 193.456 90.1688 34.3698 0.716294
000096 375 1242 1 873.458 241.87 218.138 135.332 0.877364
000096 375 1242 1 688.06 196.771 54.0732 41.5171 0.833816
000096 375 1242 1 1191.53 282.792 100.946 179.973 0.822555
000096 375 1242 1 649.762 188.111 34.5114 27.7908 0.771484
000097 375 1242 1 852.934 232.223 203.521 128.466 0.93848
000097 375 1242 1 1148.5 292.708 186.993 162.331 0.925161
000097 375 1242 1 684.115 195.473 54.141 39.9518 0.819011
000097 375 1242 1 917.792 187.241 73.5443 29.0731 0.744134
000097 375 1242 1 649.466 187.68 33.9227 26.6475 0.74366
000098 375 1242 1 1117.09 289.505 249.827 170.991 0.957486
000098 375 1242 1 835.942 228.602 178.007 119.21 0.932347
000098 375 1242 1 680.333 194.203 49.2484 36.7957 0.853186
000098 375 1242 1 902.941 190.317 80.2017 31.1584 0.847259
000098 375 1242 1 645.831 186.931 35.3767 26.3679 0.720032
000099 375 1242 1 1069.08 288.084 279.576 173.832 0.947506
000099 375 1242 1 812.131 224.989 162.075 106.174 0.919129
000099 375 1242 1 676.218 193.249 46.5531 36.0753 0.860583
000099 375 1242 1 900.849 190.077 66.6035 30.6792 0.825168
000099 375 1242 1 642.753 186.911 30.868 25.1691 0.683043
000100 375 1242 1 796.007 217.255 144.725 100.856 0.903665
000100 375 1242 1 1021.96 282.097 269.89 173.898 0.892544
000100 375 1242 1 888.474 191.792 77.3081 32.7501 0.861551
000100 375 1242 1 673.778 192.835 44.0613 32.1166 0.84648
000100 375 1242 1 645.539 186.536 31.0551 24.6544 0.660699
000101 375 1242 1 1060.22 287.576 363.559 174.736 0.937913
000101 375 1242 1 783.111 216.11 133.142 91.922 0.93077
000101 375 1242 1 1211.2 260.981 60.4924 138.347 0.87705
000101 375 1242 1 672.399 192.148 42.5491 32.2489 0.853755
000101 375 1242 1 885.377 192.378 74.6755 30.2745 0.83999
000101 375 1242 1 642.485 186.276 30.843 24.5699 0.668791
000102 375 1242 1 773.032 213.349 115.968 83.0362 0.896015
000102 375 1242 1 1008.38 282.304 322.641 176.84 0.851007
000102 375 1242 1 1172.13 247.601 134.257 120.708 0.849445
000102 375 1242 1 667.029 191.317 40.7953 30.592 0.835739
000102 375 1242 1 875.625 189.399 75.1353 31.1168 0.825467
000103 375 1242 1 949.129 268.291 267.109 152.285 0.95339
000103 375 1242 1 761.685 212.109 113.38 79.8054 0.910874
000103 375 1242 1 1164.04 254.622 155.927 138.015 0.874859
000103 375 1242 1 872.348 190.44 84.5857 31.2184 0.838276
000103 375 1242 1 662.786 189.309 42.2324 29.5063 0.837194
000104 375 1242 1 1142.2 246.216 199.604 123.7 0.936218
000104 375 1242 1 913.895 257.298 229.242 133.041 0.922566
000104 375 1242 1 754.652 209.465 107.833 76.096 0.903616
000104 375 1242 1 871.541 189.62 84.6617 32.619 0.85255
000104 375 1242 1 660.09 188.758 38.8965 30.1461 0.833711
000105 375 1242 1 1122.39 243.765 239.216 122.341 0.961822
000105 375 1242 1 880.318 246.611 208.461 127.88 0.936366
000105 375 1242 1 743.69 207.206 96.2659 72.4498 0.89117
000105 375 1242 1 658.141 188.465 37.5706 28.4621 0.807072
000105 375 1242 1 872.137 185.57 78.4707 30.1021 0.673956
000106 375 1242 1 852.32 242.377 174.239 107.481 0.93663
000106 375 1242 1 1112.66 240.718 258.679 117.245 0.924545
000106 375 1242 1 734.572 206.007 92.6882 66.0241 0.885632
000106 375 1242 1 856.458 194.014 69.5846 31.1979 0.839383
000106 375 1242 1 655.061 187.496 34.8031 27.5304 0.775685
000107 375 1242 1 1075.42 231.436 269.89 103.044 0.92013
000107 375 1242 1 829.134 234.467 162.415 101.344 0.916938
000107 375 1242 1 724.306 201.936 84.8873 60.0178 0.850022
000107 375 1242 1 651.102 186.806 33.2401 27.3444 0.753174
000107 375 1242 1 856.656 189.629 73.0433 31.8548 0.720834
000108 375 1242 1 811.704 229.431 140.288 89.1192 0.919385
000108 375 1242 1 1037.39 229.294 232.203 96.1776 0.911644
000108 375 1242 1 715.738 199.61 74.3467 56.5609 0.845044
000108 375 1242 1 840.468 195.065 79.8843 37.3995 0.799005
000108 375 1242 1 651.088 185.236 32.1865 25.5536 0.703607
000109 375 1242 1 795.038 225.726 129.576 81.9512 0.907521
000109 375 1242 1 1005.56 224.438 210.985 88.3268 0.893386
000109 375 1242 1 711.172 198.603 73.603 57.4649 0.860345
000109 375 1242 1 853.413 188.694 69.2135 30.0516 0.79539
000109 375 1242 1 649.159 188.611 32.7119 24.8041 0.691036
000110 375 1242 1 973.211 221.062 181.454 81.6225 0.914725
000110 375 1242 1 780.963 224.355 119.563 75.2742 0.895982
000110 375 1242 1 706.973 199.68 70.7678 52.2292 0.869621
000110 375 1242 1 850.897 188.186 70.3467 31.2588 0.810501
000110 375 1242 1 648.084 188.253 30.0659 22.3482 0.61639
000111 375 1242 1 770.271 217.012 110.213 68.8463 0.917298
000111 375 1242 1 948.425 218.617 168.356 74.8213 0.910608
000111 375 1242 1 700.403 197.371 67.8676 48.6751 0.853257
000111 375 1242 1 843.362 187.596 79.6482 29.7788 0.759987
000111 375 1242 1 643.984 188.234 31.6287 22.2325 0.634123
000112 375 1242 1 758.058 214.9 101.044 65.6154 0.917322
000112 375 1242 1 923.163 212.74 140.018 66.4378 0.881926
000112 375 1242 1 698.355 197.152 64.3698 47.4969 0.863352
000112 375 1242 1 842.445 186.527 70.3552 27.7263 0.789877
000112 375 1242 1 640.635 188.766 29.8983 22.0812 0.617315
000113 375 1242 1 909.223 211.979 137.297 64.0167 0.905971
000113 375 1242 1 749.391 211.998 89.9042 64.9936 0.900804
000113 375 1242 1 692.305 195.539 61.1807 46.8286 0.858356
000113 375 1242 1 837.292 185.605 67.8214 27.4511 0.783625
000113 375 1242 1 638.363 187.866 27.7129 21.1303 0.618606
000114 375 1242 1 892.117 210.28 125.219 59.9265 0.883426
000114 375 1242 1 739.029 210.235 83.5875 59.8492 0.87775
000114 375 1242 1 688.168 195.876 56.9679 44.222 0.865355
000114 375 1242 1 838.522 185.043 76.0728 27.5195 0.76154
000115 375 1242 1 730.271 208.693 78.1351 55.6055 0.894974
000115 375 1242 1 874.031 208.237 112.184 56.0838 0.879582
000115 375 1242 1 687.511 195.398 51.584 43.4614 0.799367
000115 375 1242 1 838.054 185.412 69.1462 25.4448 0.73734
000116 375 1242 1 723.994 205.823 73.7725 51.1884 0.907509
000116 375 1242 1 858.789 206.0 109.941 53.1101 0.871081
000116 375 1242 1 682.281 194.383 54.6707 42.9896 0.816945
000117 375 1242 1 848.101 203.45 105.255 51.0285 0.873441
000117 375 1242 1 716.325 205.437 67.5952 47.9896 0.86839
000117 375 1242 1 676.793 194.669 46.0642 37.2582 0.845015
000118 375 1242 1 713.477 201.835 65.5255 46.7586 0.884447
000118 375 1242 1 833.148 203.859 96.8058 50.205 0.881582
000118 375 1242 1 675.673 192.911 46.6913 35.0647 0.842477
000119 375 1242 1 822.944 198.041 88.5234 46.431 0.910328
000119 375 1242 1 706.899 200.621 59.335 44.0838 0.883547
000119 375 1242 1 674.566 193.59 48.6082 35.9803 0.826833
000120 375 1242 1 813.534 197.544 80.4338 46.2003 0.888479
000120 375 1242 1 700.425 199.801 59.0731 41.3195 0.867546
000120 375 1242 1 667.189 191.706 44.9578 35.5309 0.815207
000120 375 1242 1 849.532 187.642 45.4399 27.9747 0.812534
000121 375 1242 1 805.161 196.252 80.0011 43.1765 0.90267
000121 375 1242 1 697.884 198.341 55.1238 41.6732 0.849104
000121 375 1242 1 666.291 190.684 43.0713 35.6829 0.829147
000121 375 1242 1 840.08 187.173 61.7112 29.6762 0.697012
000121 375 1242 1 632.058 183.718 22.0887 19.0337 0.619804
000122 375 1242 1 796.17 197.126 75.4153 41.3396 0.893047
000122 375 1242 1 694.174 198.0 49.4525 38.3784 0.826625
000122 375 1242 1 664.864 190.609 38.5697 32.8414 0.81626
000122 375 1242 1 839.863 186.385 63.4365 27.8458 0.778429
000122 375 1242 1 630.251 184.575 22.2095 18.9483 0.606496
000123 375 1242 1 789.642 194.895 71.2815 39.239 0.885041
000123 375 1242 1 691.514 196.806 49.4128 36.6086 0.829891
000123 375 1242 1 662.62 191.139 38.2455 33.1568 0.822526
000123 375 1242 1 838.952 186.391 62.5404 29.1154 0.814166
000123 375 1242 1 1206.5 253.296 67.0078 134.802 0.727341
000123 375 1242 1 627.747 184.239 22.1217 19.744 0.630784
000124 375 1242 1 1174.43 244.246 127.735 179.591 0.898456
000124 375 1242 1 780.476 195.151 67.8384 38.5806 0.877112
000124 375 1242 1 836.777 187.112 65.8464 30.5244 0.816793
000124 375 1242 1 688.701 195.35 48.5642 34.8063 0.814747
000124 375 1242 1 659.874 189.681 37.6007 30.92 0.795831
000125 375 1242 1 775.182 193.735 65.4235 38.5206 0.883982
000125 375 1242 1 1154.98 228.836 170.001 186.006 0.868527
000125 375 1242 1 679.512 195.325 48.7333 34.2999 0.822781
000125 375 1242 1 835.922 187.213 68.0812 30.4983 0.809287
000125 375 1242 1 659.49 189.881 40.3921 30.1121 0.799288
000126 375 1242 1 767.716 193.832 62.014 35.6909 0.874741
000126 375 1242 1 677.902 193.699 44.8905 34.6094 0.826487
000126 375 1242 1 834.849 187.05 67.4199 29.2588 0.806971
000127 375 1242 1 761.634 191.405 60.1195 34.5484 0.873634
000127 375 1242 1 1113.35 230.429 257.294 172.691 0.860326
000127 375 1242 1 662.283 190.354 45.0059 32.8648 0.830005
000127 375 1242 1 835.184 187.157 67.4766 29.756 0.813721
000128 375 1242 1 754.922 192.639 57.1071 34.0235 0.85569
000128 375 1242 1 664.125 190.434 42.8199 32.1351 0.829737
000128 375 1242 1 835.216 187.362 71.4976 29.5674 0.812784
000128 375 1242 1 1084.58 225.124 314.831 172.621 0.74717
000129 375 1242 1 750.687 191.73 58.2012 32.2174 0.843149
000129 375 1242 1 834.708 187.374 71.9546 29.6974 0.82006
000129 375 1242 1 665.278 191.899 40.7075 28.5605 0.805368
000129 375 1242 1 646.92 185.507 32.2474 24.1482 0.654664
000130 375 1242 1 744.278 189.797 56.4965 31.7292 0.834411
000130 375 1242 1 835.195 187.335 73.8578 30.0949 0.813147
000130 375 1242 1 664.114 191.111 39.6931 27.9709 0.802804
000130 375 1242 1 1019.89 213.273 233.026 127.232 0.658538
000130 375 1242 1 646.996 184.115 30.5631 23.3038 0.621889
000131 375 1242 1 740.145 191.197 52.9084 31.4608 0.853943
000131 375 1242 1 987.219 211.004 217.132 123.319 0.844887
000131 375 1242 1 660.78 190.155 40.6886 29.3426 0.830285
000131 375 1242 1 834.694 187.828 71.6772 30.6539 0.824673
000131 375 1242 1 642.843 188.488 31.9106 24.6745 0.685275
000132 375 1242 1 957.49 211.094 195.812 114.951 0.886718
000132 375 1242 1 737.38 190.37 52.7435 30.6599 0.824857
000132 375 1242 1 660.02 189.075 36.0452 27.8114 0.792756
000132 375 1242 1 835.497 185.516 72.2687 28.8834 0.777155
000132 375 1242 1 641.302 188.958 30.6696 23.9119 0.641504
000133 375 1242 1 942.166 210.225 186.828 109.465 0.867066
000133 375 1242 1 729.478 188.298 49.8168 30.6654 0.852184
000133 375 1242 1 657.683 188.74 34.6682 28.4775 0.809425
000133 375 1242 1 835.751 185.785 70.5356 30.5684 0.786287
000134 375 1242 1 917.902 207.934 162.185 95.6397 0.904977
000134 375 1242 1 726.044 187.117 48.333 28.567 0.829868
000134 375 1242 1 656.102 187.525 31.7064 25.6757 0.771561
000134 375 1242 1 834.75 186.334 75.2887 30.8395 0.751976
000134 375 1242 1 953.151 179.907 86.9458 37.6152 0.61033
000135 375 1242 1 901.722 201.248 157.65 87.7131 0.871157
000135 375 1242 1 722.49 186.755 46.5114 27.0676 0.790647
000135 375 1242 1 655.933 186.95 30.9066 25.4063 0.751246
000135 375 1242 1 838.479 187.011 83.3409 33.5208 0.745256
000136 375 1242 1 879.653 200.785 140.834 81.2782 0.870775
000136 375 1242 1 719.792 185.613 40.9573 26.6906 0.75396
000136 375 1242 1 839.046 188.527 83.2075 34.873 0.688048
000136 375 1242 1 653.957 186.352 31.6432 24.5424 0.677843
000137 375 1242 1 867.72 197.759 131.75 72.0757 0.871083
000137 375 1242 1 714.225 184.546 40.6166 25.8607 0.744574
000138 375 1242 1 851.236 198.759 118.53 68.9954 0.882277
000138 375 1242 1 710.471 184.214 40.9774 25.2268 0.682649
000139 375 1242 1 836.776 197.546 112.547 67.5612 0.898657
000139 375 1242 1 707.608 190.905 38.7043 23.3518 0.638512
000140 375 1242 1 823.996 195.916 103.751 63.626 0.885327
000141 375 1242 1 813.098 194.64 102.365 59.8988 0.88172
000142 375 1242 1 804.313 193.224 95.6722 53.8643 0.877556
000142 375 1242 1 850.394 187.802 39.6775 28.2706 0.745592
000142 375 1242 1 698.533 191.101 36.2396 21.8158 0.603928
000143 375 1242 1 796.562 192.266 91.8976 54.2042 0.870252
000143 375 1242 1 840.885 188.568 64.9076 32.0564 0.802345
000144 375 1242 1 785.747 192.275 85.2349 50.5017 0.854262
000144 375 1242 1 837.787 187.664 65.8821 31.3986 0.840289
000145 375 1242 1 778.224 192.035 82.2373 50.2238 0.894739
000145 375 1242 1 837.325 187.029 66.9192 29.4015 0.805726
000146 375 1242 1 771.434 191.357 77.0924 49.2274 0.890366
000146 375 1242 1 836.151 186.587 68.2836 29.7936 0.807294
000147 375 1242 1 764.435 190.193 72.6047 47.6667 0.876996
000147 375 1242 1 835.079 186.284 65.5044 27.4962 0.804464
000148 375 1242 1 759.094 189.246 65.8762 47.7852 0.860463
000148 375 1242 1 835.858 186.521 68.2239 27.8923 0.817533
000149 375 1242 1 751.078 188.177 63.8658 41.7381 0.836188
000149 375 1242 1 834.899 186.674 69.8097 29.3725 0.802008
000150 375 1242 1 744.928 188.014 63.9493 39.4719 0.873528
000150 375 1242 1 834.245 186.846 71.5311 29.1127 0.793563
000151 375 1242 1 738.644 187.115 61.2926 38.8045 0.837408
000151 375 1242 1 834.387 186.792 74.1316 28.6993 0.784259
000152 375 1242 1 733.338 187.647 62.4342 38.8357 0.784177
000152 375 1242 1 829.204 185.993 71.9525 28.2255 0.745512
000153 375 1242 1 730.926 186.4 57.692 36.5531 0.846203
000153 375 1242 1 827.364 185.985 67.8651 28.6435 0.786781
000153 375 1242 1 671.063 186.249 27.9791 20.3665 0.628989
000154 375 1242 1 724.542 186.155 55.5544 36.8632 0.852254
000154 375 1242 1 827.452 186.381 71.1288 28.9253 0.804226
000154 375 1242 1 670.055 185.495 28.2325 20.1468 0.622988
000155 375 1242 1 723.35 185.108 49.2473 33.5534 0.830064
000155 375 1242 1 826.432 185.548 73.2069 27.5422 0.750889
000156 375 1242 1 714.764 185.91 47.2836 33.8341 0.797347
000156 375 1242 1 825.646 185.979 73.1049 29.0844 0.775335
000156 375 1242 1 668.981 183.767 25.3871 19.4443 0.644905
000157 375 1242 1 714.15 184.96 47.2024 34.5166 0.844353
000157 375 1242 1 825.443 185.717 78.0068 26.4769 0.744715
000157 375 1242 1 667.931 182.639 23.5482 18.9615 0.65961
000158 375 1242 1 711.36 185.689 45.7455 32.5609 0.84428
000158 375 1242 1 821.473 186.219 73.4783 28.1391 0.792742
000158 375 1242 1 664.724 183.702 23.334 19.2089 0.642642
000159 375 1242 1 710.709 185.063 42.8595 30.9008 0.849392
000159 375 1242 1 819.587 187.334 70.8757 29.5359 0.816917
000159 375 1242 1 663.839 181.906 24.359 19.2624 0.69128
000160 375 1242 1 707.317 185.512 40.7157 29.3983 0.816758
000160 375 1242 1 817.162 187.128 71.8237 30.0146 0.768008
000160 375 1242 1 661.017 182.764 23.9218 18.7104 0.660739
000161 375 1242 1 702.977 185.0 39.2042 28.743 0.787943
000161 375 1242 1 812.941 186.98 69.6793 29.5669 0.773205
000161 375 1242 1 659.419 180.363 23.8651 18.8661 0.711527
000162 375 1242 1 811.9 186.089 69.7595 28.8979 0.773393
000162 375 1242 1 698.913 185.45 39.0526 27.2751 0.772189
000162 375 1242 1 654.906 181.318 24.3148 18.4032 0.682132
000163 375 1242 1 695.763 185.057 39.1669 27.1369 0.800483
000163 375 1242 1 808.127 186.099 69.6692 28.0503 0.781044
000163 375 1242 1 653.258 180.105 24.7933 18.0126 0.66403
000164 375 1242 1 804.1 185.946 67.7468 27.9938 0.794735
000164 375 1242 1 693.486 185.053 36.7587 26.2248 0.783398
000164 375 1242 1 651.596 179.586 25.2157 17.9317 0.629829
000165 375 1242 1 690.104 185.477 36.3834 25.8354 0.760337
000165 375 1242 1 801.54 186.061 68.4413 28.3856 0.759293
000166 375 1242 1 688.07 184.299 34.2059 26.7413 0.788655
000166 375 1242 1 797.06 185.255 67.2528 27.2133 0.711157
000167 375 1242 1 684.787 184.089 34.381 25.8657 0.741125
000167 375 1242 1 793.487 184.936 67.6826 25.8711 0.714476
000168 375 1242 1 789.594 185.937 63.6371 26.4729 0.779405
000168 375 1242 1 684.17 183.211 34.5228 25.0187 0.746636
000169 375 1242 1 681.209 184.22 32.719 24.4757 0.745395
000169 375 1242 1 785.489 185.966 67.8088 27.5987 0.744175
000170 375 1242 1 678.105 182.462 35.5304 25.4881 0.79724
000170 375 1242 1 781.53 185.489 65.2297 27.4033 0.728326
000171 375 1242 1 777.441 184.683 63.5399 26.8076 0.741452
000171 375 1242 1 675.876 183.501 31.629 24.776 0.737593
000172 375 1242 1 774.583 185.367 60.1506 28.2502 0.792427
000172 375 1242 1 672.75 183.042 30.7198 25.3666 0.762531
000173 375 1242 1 670.579 183.103 30.2493 25.423 0.744249
000173 375 1242 1 769.356 184.886 59.3193 28.1761 0.73505
000174 375 1242 1 668.978 183.185 30.0985 25.5287 0.693327
000174 375 1242 1 771.02 186.571 55.2007 26.0476 0.662753
000175 375 1242 1 669.932 182.432 30.233 25.8686 0.695809
000175 375 1242 1 759.649 190.403 52.2894 26.6548 0.664922
000176 375 1242 1 757.81 189.79 51.7731 27.4106 0.717749
000176 375 1242 1 669.352 182.506 29.1484 24.3587 0.688826
000177 375 1242 1 668.054 182.298 28.5669 22.963 0.711127
000177 375 1242 1 755.497 189.845 51.6039 26.3799 0.69462
000178 375 1242 1 754.559 185.505 51.1528 25.5281 0.677228
000178 375 1242 1 667.641 183.063 27.1591 21.4865 0.660929
000179 375 1242 1 745.566 185.745 45.8474 24.8298 0.737184
000180 375 1242 1 741.516 186.196 48.2006 24.0833 0.734769
000181 375 1242 1 739.707 184.356 49.3698 24.3466 0.648196
000183 375 1242 1 729.994 190.87 43.7007 23.7375 0.629497
000184 375 1242 1 727.712 183.833 43.1588 23.9137 0.611599
000185 375 1242 1 724.603 184.27 42.2806 22.8914 0.629879
000185 375 1242 3 983.298 198.558 30.8562 48.2476 0.686918
000186 375 1242 1 722.098 183.729 44.5393 24.2486 0.610938
000187 375 1242 1 720.194 187.181 38.1294 23.8088 0.745916
000188 375 1242 1 715.857 187.617 35.1964 22.3348 0.713864
000189 375 1242 1 711.747 188.444 38.1564 21.4942 0.703101
000190 375 1242 1 707.984 189.303 34.9193 20.7192 0.707662
000191 375 1242 1 704.848 190.495 34.9844 21.6757 0.73897
000191 375 1242 3 986.07 210.759 31.8236 47.3167 0.683716
000192 375 1242 1 701.143 189.697 32.6219 21.5673 0.706215
000192 375 1242 3 988.549 210.995 30.2821 48.4287 0.636217
000193 375 1242 1 698.748 189.91 32.6306 21.1416 0.73092
000194 375 1242 1 693.039 189.751 31.6833 20.1101 0.701244
000194 375 1242 1 477.546 191.585 28.2094 18.8456 0.646706
000195 375 1242 1 688.742 192.236 31.6357 21.5213 0.773865
000195 375 1242 1 477.044 192.56 28.7714 20.947 0.64247
000196 375 1242 1 685.945 194.07 30.53 21.9848 0.754619
000197 375 1242 1 682.753 195.485 31.0286 20.6854 0.762377
000198 375 1242 1 677.201 196.679 30.1431 20.117 0.765591
000198 375 1242 1 463.925 198.656 30.7059 22.5339 0.705477
000199 375 1242 1 673.246 197.684 31.1104 22.0544 0.772688
000200 375 1242 1 669.642 198.254 28.8861 22.4875 0.71358
000201 375 1242 1 668.086 196.874 29.9382 20.4873 0.739172
000202 375 1242 1 660.961 194.627 29.5209 20.3976 0.776467
000203 375 1242 1 655.544 194.896 26.9438 21.4628 0.743528
000203 375 1242 1 442.882 199.434 32.1948 21.6085 0.655114
000204 375 1242 1 653.258 191.774 28.1169 20.6896 0.695832
000205 375 1242 1 433.619 197.667 35.1413 22.8856 0.674395
000205 375 1242 1 653.993 188.608 28.8809 18.877 0.615804
000206 375 1242 3 1028.45 213.742 30.8937 50.2216 0.653178
000208 375 1242 1 425.626 194.868 35.8491 22.1352 0.781
000209 375 1242 1 425.228 194.993 37.6617 23.1579 0.76877
000210 375 1242 1 424.471 194.536 40.3055 25.0854 0.799495
000211 375 1242 1 424.789 198.486 39.9943 24.7767 0.651136
000212 375 1242 1 430.581 197.955 40.5698 26.0547 0.709617
000213 375 1242 1 432.868 200.818 42.1428 23.5353 0.65502
000214 375 1242 1 439.061 201.625 45.2037 28.2647 0.663909
000218 375 1242 1 1225.72 196.217 29.6562 34.597 0.672793
000221 375 1242 1 798.261 182.255 23.0222 18.0397 0.618104
000222 375 1242 1 820.135 181.581 21.4481 19.8326 0.698456
000223 375 1242 1 847.832 175.496 21.7555 20.7152 0.639562
000225 375 1242 1 640.67 190.057 69.6592 37.3037 0.692927
000226 375 1242 1 668.346 192.115 62.3597 36.4971 0.834628
000227 375 1242 1 695.843 192.361 63.439 42.3288 0.871457
000228 375 1242 1 726.156 195.597 63.658 40.182 0.848687
000228 375 1242 1 1027.25 180.603 31.7 21.6501 0.751893
000229 375 1242 1 759.017 193.329 67.4401 44.0085 0.814541
000229 375 1242 1 1070.28 178.886 33.1406 22.6358 0.76681
000229 375 1242 1 13.8245 242.546 27.6489 126.955 0.715744
000230 375 1242 1 790.436 191.662 68.1313 44.2743 0.858907
000230 375 1242 1 1117.51 172.031 34.783 24.9026 0.731262
000230 375 1242 1 17.9353 245.686 35.8706 129.347 0.698038
000231 375 1242 1 826.288 192.174 68.863 43.6525 0.69577
000231 375 1242 1 1167.63 168.645 35.5559 24.459 0.63487
000232 375 1242 1 867.399 184.837 78.5846 51.4102 0.638259
000233 375 1242 1 907.618 184.356 94.6335 56.2454 0.693384
000234 375 1242 1 950.065 183.425 96.5221 57.6252 0.744751
000235 375 1242 1 886.711 184.278 38.2737 21.8069 0.679282
000235 375 1242 1 204.473 185.924 35.9896 27.3343 0.669671
000235 375 1242 1 1000.71 186.17 105.089 57.0186 0.605805
000235 375 1242 2 338.687 182.49 21.9271 51.0145 0.61275
000237 375 1242 1 1111.52 192.989 116.068 56.5213 0.828734
000238 375 1242 1 1176.78 198.594 117.491 46.4392 0.861407
000239 375 1242 1 1215.16 204.864 46.4663 76.7251 0.811757
000256 375 1242 2 1032.03 175.944 93.6387 219.343 0.689186
000257 375 1242 2 72.7549 199.359 145.51 247.496 0.607287
000258 375 1242 1 714.823 198.778 39.9523 27.5634 0.733491
000258 375 1242 2 1165.82 168.606 92.696 222.896 0.780224
000262 375 1242 1 728.182 193.816 46.9517 30.4913 0.821415
000265 375 1242 1 742.765 192.839 48.6371 27.7094 0.655675
000269 375 1242 1 777.341 177.591 77.7651 33.5512 0.751697
000269 375 1242 1 30.841 275.345 59.797 189.676 0.66479
