000000 374 1238 1 898.3 161.538 1139.34 245.379 0.994798
000001 374 1238 1 917.062 164.088 1136.78 242.359 0.994404
000002 374 1238 1 923.187 165.449 1158.48 241.637 0.99392
000003 374 1238 1 935.035 163.19 1162.43 240.962 0.989613
000004 374 1238 1 945.712 159.965 1184.04 238.894 0.978086
000005 374 1238 1 955.36 157.273 1189.53 238.477 0.988357
000006 374 1238 1 956.316 157.825 1205.86 236.303 0.996186
000007 374 1238 1 984.275 157.566 1208.67 232.724 0.995595
000007 374 1238 1 503.927 163.076 535.832 184.408 0.56154
000008 374 1238 1 999.431 156.914 1223.64 239.224 0.994905
000008 374 1238 1 505.747 162.922 534.828 183.711 0.625778
000009 374 1238 1 1012.92 157.748 1224.74 236.172 0.989696
000009 374 1238 1 506.99 162.713 535.545 183.492 0.556001
000010 374 1238 1 1023.55 157.954 1234.59 236.906 0.982464
000010 374 1238 1 511.771 162.634 538.032 184.332 0.851335
000011 374 1238 1 1033.61 155.521 1238.0 237.68 0.990764
000011 374 1238 1 513.712 160.764 538.944 184.511 0.929126
000012 374 1238 1 1045.02 152.849 1238.0 238.64 0.969384
000012 374 1238 1 516.228 159.899 540.968 182.109 0.940217
000013 374 1238 1 516.1 158.426 544.092 182.542 0.984338
000013 374 1238 1 1058.22 153.599 1238.0 236.816 0.882566
000014 374 1238 1 517.318 158.735 545.214 182.636 0.986403
000014 374 1238 1 1063.01 151.648 1238.0 239.909 0.649514
000015 374 1238 1 520.41 160.459 546.619 183.861 0.989102
000015 374 1238 1 1079.85 150.648 1238.0 234.57 0.537561
000016 374 1238 1 522.003 160.078 550.744 184.516 0.997897
000017 374 1238 1 525.325 161.131 550.875 184.464 0.984466
000018 374 1238 1 528.053 159.423 553.448 183.935 0.994948
000019 374 1238 1 531.751 159.43 556.472 182.929 0.989791
000020 374 1238 1 536.717 158.873 562.909 182.256 0.997579
000021 374 1238 1 539.281 157.929 566.769 181.962 0.997938
000022 374 1238 1 543.946 158.089 570.453 180.858 0.998475
000023 374 1238 1 547.976 158.471 572.7 181.409 0.995429
000024 374 1238 1 550.122 158.396 579.31 181.439 0.9997
000025 374 1238 1 554.762 158.441 582.106 182.274 0.99976
000026 374 1238 1 558.781 158.159 586.194 182.671 0.999586
000027 374 1238 1 560.255 158.476 588.993 182.902 0.999683
000028 374 1238 1 563.349 159.164 590.975 183.042 0.999899
000029 374 1238 1 566.459 159.106 594.097 183.358 0.999867
000030 374 1238 1 568.65 159.03 598.389 184.088 0.99991
000031 374 1238 1 571.605 158.832 601.605 184.134 0.999936
000032 374 1238 1 573.99 158.358 604.872 184.243 0.999968
000033 374 1238 1 577.279 159.779 608.588 186.093 0.999901
000034 374 1238 1 579.239 161.069 611.189 186.901 0.999956
000035 374 1238 1 582.231 161.673 615.837 188.675 0.999985
000036 374 1238 1 586.154 162.054 621.031 190.11 0.999965
000037 374 1238 1 588.847 164.972 624.843 193.118 0.999987
000038 374 1238 1 592.651 168.968 628.403 197.492 0.999984
000039 374 1238 1 596.628 170.081 634.407 199.676 0.999995
000040 374 1238 1 601.342 169.522 639.602 198.596 0.999985
000041 374 1238 1 605.674 166.946 643.535 196.918 0.999979
000042 374 1238 1 607.599 166.421 647.609 196.719 0.999981
000043 374 1238 1 611.008 165.096 652.027 196.88 0.999985
000044 374 1238 1 612.39 165.886 654.715 198.878 0.999999
000045 374 1238 1 613.115 166.328 655.341 200.5 0.999993
000046 374 1238 1 612.795 166.22 656.012 202.509 0.999997
000047 374 1238 1 610.534 166.969 657.625 203.125 0.999992
000048 374 1238 1 606.546 168.611 654.281 205.17 0.999998
000049 374 1238 1 601.782 170.702 648.998 209.676 0.999991
000050 374 1238 1 596.068 170.77 647.554 210.992 0.999998
000051 374 1238 1 590.85 171.994 640.789 213.183 0.999998
000052 374 1238 1 584.813 172.882 636.204 216.056 0.999998
000052 374 1238 1 924.428 164.714 1014.19 205.214 0.933514
000053 374 1238 1 576.454 172.126 631.404 216.483 0.999999
000053 374 1238 1 931.277 162.76 1024.29 207.06 0.811629
000054 374 1238 1 569.573 173.607 627.649 219.019 0.999992
000054 374 1238 1 922.474 160.977 1038.09 204.624 0.943239
000055 374 1238 1 561.179 173.325 621.239 221.98 0.999996
000055 374 1238 1 935.31 162.551 1056.81 212.474 0.968735
000056 374 1238 1 554.092 173.547 616.518 225.228 0.999998
000056 374 1238 1 941.159 159.287 1066.38 215.858 0.993149
000057 374 1238 1 546.151 172.856 612.467 228.51 0.999999
000057 374 1238 1 949.507 162.071 1071.51 219.452 0.99423
000058 374 1238 1 536.175 173.063 606.454 231.28 0.999996
000058 374 1238 1 953.863 162.198 1083.72 219.876 0.980543
000059 374 1238 1 526.7 171.83 604.417 231.49 1.0
000059 374 1238 1 967.299 162.954 1112.28 225.06 0.978515
000060 374 1238 1 520.285 171.675 600.628 235.539 1.0
000060 374 1238 1 994.854 160.131 1126.45 228.36 0.643214
000061 374 1238 1 512.434 171.541 598.082 239.65 1.0
000061 374 1238 1 1008.27 159.523 1147.39 228.744 0.813027
000062 374 1238 1 506.399 175.326 592.753 243.673 0.999999
000063 374 1238 1 494.052 175.061 590.931 249.155 1.0
000064 374 1238 1 485.249 172.812 589.901 257.306 1.0
000065 374 1238 1 476.431 172.971 583.402 263.761 0.999994
000066 374 1238 1 459.867 173.392 578.497 271.704 0.999997
000067 374 1238 1 442.776 173.049 571.621 278.083 0.999995
000068 374 1238 1 418.662 174.691 567.46 291.285 0.999993
000069 374 1238 1 402.099 175.532 560.679 305.095 0.999994
000070 374 1238 1 378.333 177.693 550.244 316.576 0.999952
000071 374 1238 1 351.229 179.412 549.599 332.225 0.999994
000072 374 1238 1 319.126 178.36 544.501 348.778 0.999993
000073 374 1238 1 293.095 184.006 537.036 364.202 0.999968
000074 374 1238 1 260.428 185.99 532.147 374.0 0.999906
000075 374 1238 1 198.98 189.197 528.151 374.0 0.997347
000076 374 1238 1 179.077 193.531 521.633 374.0 0.99607
000077 374 1238 1 83.3742 198.184 506.772 374.0 0.967153
000078 374 1238 1 48.1823 201.331 512.504 362.946 0.977138
000079 374 1238 1 39.5132 199.366 493.653 364.551 0.986006
000080 374 1238 1 6.10788 199.675 447.254 356.713 0.796063
000081 374 1238 1 63.8078 197.67 477.498 364.606 0.704514
000082 374 1238 1 34.476 198.326 445.536 361.712 0.609488
000183 374 1238 1 514.302 174.098 541.136 197.16 0.792852
000184 374 1238 1 518.399 174.471 541.571 196.892 0.857286
000185 374 1238 1 514.192 175.847 541.908 197.871 0.954716
000186 374 1238 1 516.34 178.209 542.216 200.109 0.986791
000187 374 1238 1 519.138 179.568 544.838 201.099 0.926244
000188 374 1238 1 520.508 179.09 545.996 199.233 0.980501
000189 374 1238 1 521.315 178.731 547.048 202.197 0.998006
000190 374 1238 1 521.127 178.866 548.035 200.815 0.999526
000191 374 1238 1 522.157 179.014 548.284 200.935 0.999875
000192 374 1238 1 521.411 178.256 549.107 200.682 0.999932
000193 374 1238 1 521.454 178.367 549.055 200.449 0.999814
000194 374 1238 1 522.996 176.657 548.282 199.511 0.999365
000195 374 1238 1 523.277 174.434 550.931 198.138 0.999944
000196 374 1238 1 523.762 174.204 552.923 196.872 0.999858
000197 374 1238 1 523.841 174.125 554.83 197.061 0.999748
000198 374 1238 1 528.719 173.614 555.772 196.185 0.99967
000199 374 1238 1 531.283 172.619 558.872 196.463 0.999887
000200 374 1238 1 534.181 171.631 562.317 195.643 0.999946
000201 374 1238 1 536.971 169.725 563.769 193.892 0.99948
000202 374 1238 1 538.322 169.969 567.068 193.03 0.999937
000203 374 1238 1 539.886 169.338 568.992 193.422 0.999975
000204 374 1238 1 543.559 169.899 572.856 193.602 0.999881
000205 374 1238 1 546.331 169.655 574.376 193.379 0.999941
000206 374 1238 1 548.978 170.239 578.29 194.853 0.999974
000207 374 1238 1 551.095 170.056 579.819 194.473 0.999981
000208 374 1238 1 551.718 170.01 581.986 194.984 0.999971
000209 374 1238 1 553.066 169.229 582.701 194.922 0.999942
000210 374 1238 1 552.335 169.8 582.321 194.792 0.99986
000211 374 1238 1 554.922 169.882 583.0 194.464 0.99994
000212 374 1238 1 552.305 169.48 582.8 195.086 0.999948
000213 374 1238 1 552.484 169.542 583.298 194.631 0.999962
000214 374 1238 1 554.595 168.939 585.192 194.742 0.999963
000215 374 1238 1 555.367 168.484 585.443 194.098 0.999862
000216 374 1238 1 556.151 168.671 587.243 193.725 0.999962
000217 374 1238 1 558.98 168.596 589.084 194.661 0.999779
000218 374 1238 1 558.971 168.837 591.565 195.283 0.999943
000219 374 1238 1 560.811 168.575 593.645 196.007 0.999969
000220 374 1238 1 563.058 168.695 594.776 195.579 0.999993
000221 374 1238 1 564.168 168.81 597.218 196.311 0.999987
000222 374 1238 1 565.68 168.425 597.956 195.448 0.999992
000223 374 1238 1 566.214 169.206 598.72 196.142 0.999983
000224 374 1238 1 565.901 169.995 600.252 197.103 0.999949
000225 374 1238 1 566.789 169.665 600.85 196.971 0.999993
000226 374 1238 1 567.032 169.442 601.123 197.116 0.99999
000227 374 1238 1 566.815 169.39 601.683 197.184 0.999988
000228 374 1238 1 565.646 168.841 600.75 196.575 0.999986
000229 374 1238 1 564.67 168.646 599.262 196.868 0.99992
000230 374 1238 1 563.314 168.668 598.63 196.682 0.999924
000231 374 1238 1 561.463 168.57 597.723 196.714 0.99996
000232 374 1238 1 558.851 169.754 594.924 197.862 0.999991
000233 374 1238 1 555.549 171.189 592.103 199.337 0.999994
000234 374 1238 1 552.284 171.668 589.619 200.936 0.999985
000235 374 1238 1 548.793 172.504 585.49 201.179 0.999979
000236 374 1238 1 545.835 173.939 582.905 202.974 0.999991
000237 374 1238 1 542.848 174.118 579.726 204.056 0.999994
000238 374 1238 1 540.449 176.347 577.502 205.045 0.999958
000239 374 1238 1 538.537 176.051 575.405 206.278 0.999969
000240 374 1238 1 536.146 178.401 573.321 207.827 0.999992
000241 374 1238 1 535.31 179.624 572.815 208.897 0.999987
000242 374 1238 1 535.349 179.811 572.083 208.892 0.999985
000243 374 1238 1 535.272 180.964 574.644 211.177 0.999992
000244 374 1238 1 535.909 181.408 575.324 211.626 0.999994
000245 374 1238 1 537.796 180.556 576.11 211.397 0.999986
000246 374 1238 1 539.857 179.312 577.417 209.295 0.999987
000247 374 1238 1 544.018 179.308 582.089 210.985 0.999961
000248 374 1238 1 545.48 181.097 586.743 211.94 0.999991
000249 374 1238 1 549.557 180.485 590.378 211.257 0.99998
000250 374 1238 1 553.466 181.291 594.485 211.676 0.999981
000251 374 1238 1 556.434 181.481 596.168 212.763 0.999985
000252 374 1238 1 558.929 180.754 599.053 213.685 0.99995
000253 374 1238 1 560.018 181.027 601.612 213.161 0.999992
000254 374 1238 1 562.445 180.432 602.541 212.398 0.999994
000255 374 1238 1 561.977 180.656 603.157 213.111 0.999993
000256 374 1238 1 561.817 180.91 602.773 215.071 0.999994
000257 374 1238 1 561.517 180.439 602.802 215.28 0.999997
000258 374 1238 1 561.454 180.317 602.807 213.086 0.999992
000259 374 1238 1 559.916 179.295 601.582 212.382 0.999985
000260 374 1238 1 558.967 178.117 601.403 213.61 0.999994
000260 374 1238 1 943.982 247.978 1174.96 360.727 0.828627
000261 374 1238 1 558.173 178.601 601.483 214.513 0.999994
000261 374 1238 1 947.833 250.515 1202.97 359.854 0.896288
000262 374 1238 1 557.287 179.478 600.289 215.232 0.999993
000263 374 1238 1 555.279 178.083 600.258 212.633 0.999997
000263 374 1238 1 980.036 258.275 1238.0 370.547 0.640969
000264 374 1238 1 554.149 177.57 598.716 212.488 0.999992
000265 374 1238 1 552.958 175.246 599.434 212.132 0.999992
000266 374 1238 1 554.155 176.334 600.308 212.62 0.999978
000267 374 1238 1 553.378 176.999 598.697 213.686 0.999997
000268 374 1238 1 549.787 178.042 599.778 215.67 0.999987
000269 374 1238 1 550.519 180.174 599.092 218.689 0.999995
000270 374 1238 1 548.962 181.819 597.5 219.931 0.99999
000271 374 1238 1 549.983 181.808 597.218 219.547 0.999993
000272 374 1238 1 548.376 182.44 597.456 220.687 0.999997
000273 374 1238 1 550.117 185.209 594.979 222.964 0.999995
000274 374 1238 1 544.267 185.204 598.571 223.006 0.999994
000275 374 1238 1 544.147 184.3 597.76 223.148 0.99999
000276 374 1238 1 546.745 184.246 595.336 222.836 0.999998
000277 374 1238 1 544.464 183.55 597.019 221.957 0.999996
000278 374 1238 1 543.435 183.395 598.224 221.755 0.999999
000279 374 1238 1 543.864 181.225 595.767 221.815 0.999993
000280 374 1238 1 542.235 176.569 596.723 217.499 0.999995
000281 374 1238 1 542.047 173.595 597.113 215.859 0.999998
000282 374 1238 1 542.835 170.066 598.462 210.145 0.999997
000283 374 1238 1 540.315 167.746 597.676 208.817 0.999994
000284 374 1238 1 539.384 166.743 596.433 208.262 0.999996
000285 374 1238 1 538.47 166.748 595.204 207.729 0.999994
000286 374 1238 1 537.005 163.466 593.824 206.445 0.999992
000287 374 1238 1 535.197 161.383 593.233 206.519 0.999995
000288 374 1238 1 533.947 158.872 591.755 204.426 0.999972
000289 374 1238 1 532.566 160.109 592.876 203.824 0.999994
000290 374 1238 1 531.73 159.692 596.744 204.443 0.99991
000291 374 1238 1 528.061 159.862 597.279 204.574 0.999926
000292 374 1238 1 527.289 160.034 594.769 207.367 0.999955
000293 374 1238 1 526.833 160.751 596.182 208.123 0.999911
000294 374 1238 1 526.065 162.834 601.119 211.042 0.99995
000295 374 1238 1 524.925 164.427 590.624 211.716 0.999945
000296 374 1238 1 526.395 168.916 593.05 216.762 0.999165
000297 374 1238 1 526.326 169.976 592.702 217.857 0.998657
000298 374 1238 1 526.656 172.342 595.421 218.56 0.969423
000299 374 1238 1 529.006 179.042 593.392 222.334 0.526182
000301 374 1238 1 531.717 175.494 604.824 234.04 0.990134
000302 374 1238 1 533.585 178.051 615.9 235.169 0.95992
000303 374 1238 1 538.343 180.364 609.36 233.546 0.968396
000304 374 1238 1 536.781 181.9 611.868 237.156 0.974291
000305 374 1238 1 530.541 179.07 614.271 240.178 0.96387
000306 374 1238 1 526.789 178.057 613.098 239.107 0.948716
000307 374 1238 1 534.044 176.385 609.069 239.327 0.988891
000308 374 1238 1 534.611 174.729 607.409 236.143 0.996885
000309 374 1238 1 536.465 173.477 607.465 235.252 0.999431
000310 374 1238 1 530.288 173.455 605.534 233.022 0.999681
000311 374 1238 1 532.17 172.235 605.182 231.773 0.999727
000312 374 1238 1 529.632 172.82 603.769 229.894 0.999721
000313 374 1238 1 523.822 173.171 601.537 230.801 0.999974
000314 374 1238 1 519.963 172.441 599.041 231.242 0.999995
000315 374 1238 1 519.242 172.749 598.188 230.871 0.999994
000316 374 1238 1 515.996 172.554 595.687 230.923 0.999988
000317 374 1238 1 512.43 171.722 595.863 230.177 0.999995
000318 374 1238 1 510.731 171.408 592.58 230.527 0.999997
000319 374 1238 1 508.16 171.578 591.172 230.186 0.999998
000320 374 1238 1 505.795 172.314 588.96 230.861 0.999998
000321 374 1238 1 502.634 171.888 587.183 230.806 0.999992
000322 374 1238 1 499.277 171.435 587.302 232.5 0.999996
000323 374 1238 1 497.682 170.055 584.033 232.183 0.999997
000324 374 1238 1 496.551 172.326 580.277 232.424 0.999997
000325 374 1238 1 492.567 171.523 580.636 232.021 0.999998
000326 374 1238 1 490.262 171.132 577.428 233.156 0.999998
000327 374 1238 1 487.555 173.132 578.115 234.305 0.999997
000328 374 1238 1 485.64 172.037 577.816 234.842 0.999992
000329 374 1238 1 481.768 172.424 579.766 235.16 0.999992
000330 374 1238 1 480.422 171.805 579.474 237.118 0.999994
000331 374 1238 1 478.839 172.725 576.108 235.903 0.999954
000332 374 1238 1 476.441 173.456 565.152 236.408 0.999975
000333 374 1238 1 472.668 173.369 563.012 236.87 0.999964
000334 374 1238 1 470.823 172.385 560.24 236.657 0.999927
000335 374 1238 1 468.074 173.0 554.642 235.641 0.999712
000336 374 1238 1 467.596 172.026 558.102 235.557 0.999624
000337 374 1238 1 464.549 173.813 552.207 236.128 0.999416
000338 374 1238 1 459.121 170.857 549.906 234.484 0.9999
000339 374 1238 1 456.621 171.944 545.335 236.739 0.999387
000340 374 1238 1 457.558 169.911 546.549 235.272 0.999121
000341 374 1238 1 454.047 170.989 545.513 235.876 0.995513
000342 374 1238 1 449.581 172.039 543.122 235.812 0.998186
000343 374 1238 1 453.48 171.404 547.763 236.995 0.98677
000344 374 1238 1 454.64 171.332 541.891 235.465 0.997699
000345 374 1238 1 453.722 171.507 536.703 236.959 0.99727
000346 374 1238 1 444.35 172.091 537.058 238.981 0.988289
000347 374 1238 1 448.188 167.913 534.213 233.915 0.981825
000348 374 1238 1 447.138 168.045 534.366 234.723 0.983211
000349 374 1238 1 436.486 168.995 526.682 236.215 0.98452
000350 374 1238 1 425.142 171.321 539.829 241.591 0.990977
000351 374 1238 1 417.312 174.131 529.991 240.268 0.992142
000352 374 1238 1 406.15 175.378 526.805 241.681 0.972661
000353 374 1238 1 413.615 176.145 514.584 245.45 0.960154
000354 374 1238 1 411.82 174.589 518.556 249.179 0.897826
000355 374 1238 1 391.011 177.436 523.561 248.148 0.54471
000361 374 1238 1 389.866 177.271 495.773 256.728 0.611922
000362 374 1238 1 376.879 177.214 494.943 259.099 0.820798
000364 374 1238 1 618.051 213.373 655.949 240.307 0.580327
000365 374 1238 1 362.145 176.69 475.694 254.052 0.876154
000366 374 1238 1 355.584 176.947 467.503 254.947 0.97786
000367 374 1238 1 354.0 178.315 464.506 256.393 0.966565
000368 374 1238 1 356.967 179.514 444.34 262.741 0.893609
000369 374 1238 1 357.092 183.897 463.225 259.728 0.843178
000374 374 1238 1 619.145 221.945 661.2 247.832 0.544827
000375 374 1238 1 619.832 220.535 662.54 250.043 0.569161
000376 374 1238 1 619.919 221.743 665.426 249.869 0.609084
000377 374 1238 1 304.614 178.804 468.29 279.623 0.962647
000378 374 1238 1 303.268 179.818 464.442 278.747 0.996406
000378 374 1238 1 163.473 177.194 197.085 207.889 0.817495
000379 374 1238 1 304.236 178.855 460.982 273.45 0.997843
000379 374 1238 1 624.959 223.815 670.814 252.157 0.791376
000380 374 1238 1 303.529 179.54 460.188 277.084 0.99947
000381 374 1238 1 305.616 183.82 454.424 278.793 0.999844
000382 374 1238 1 284.643 181.584 452.438 282.658 0.999867
000383 374 1238 1 267.098 180.644 449.046 282.958 0.999826
000384 374 1238 1 250.134 177.105 445.683 287.237 0.999317
000385 374 1238 1 251.876 178.409 437.428 290.393 0.999472
000386 374 1238 1 241.964 178.096 420.366 294.416 0.998863
000387 374 1238 1 238.474 176.662 409.713 298.198 0.999855
000388 374 1238 1 216.231 180.196 400.041 300.213 0.999912
000389 374 1238 1 192.073 180.899 388.013 304.419 0.999965
000390 374 1238 1 175.954 181.981 377.866 309.555 0.99992
000391 374 1238 1 148.355 183.275 370.212 312.495 0.999953
000392 374 1238 1 139.354 179.549 360.054 311.814 0.999876
000393 374 1238 1 99.8988 180.094 352.932 320.893 0.999961
000394 374 1238 1 75.1169 179.912 357.823 329.021 0.999977
000395 374 1238 1 64.5174 179.208 344.82 333.764 0.999922
000396 374 1238 1 44.8008 176.881 335.957 338.352 0.999948
000397 374 1238 1 25.1395 180.331 339.4 344.444 0.999979
000398 374 1238 1 16.2136 181.458 339.974 349.382 0.999975
000398 374 1238 1 424.076 162.254 451.903 187.832 0.528989
000399 374 1238 1 0.0 180.15 337.99 355.571 0.99987
000399 374 1238 1 427.986 164.928 455.572 187.967 0.62837
000400 374 1238 1 0.0 183.506 336.561 361.588 0.999873
000400 374 1238 1 433.516 164.641 460.317 188.975 0.758721
000401 374 1238 1 0.0 185.335 343.3 362.901 0.998336
000401 374 1238 1 440.078 167.958 465.72 190.615 0.749385
000402 374 1238 1 0.0 187.78 321.388 367.4 0.998112
000402 374 1238 1 445.658 169.542 473.319 190.942 0.898752
000403 374 1238 1 0.0 182.999 334.275 369.253 0.998518
000403 374 1238 1 455.117 169.187 480.162 191.167 0.843633
000404 374 1238 1 30.6483 182.177 337.322 367.416 0.990651
000404 374 1238 1 463.683 171.882 490.562 192.855 0.8258
000405 374 1238 1 2.95885 185.612 358.992 368.848 0.992752
000405 374 1238 1 470.102 171.297 498.656 193.129 0.903158
000406 374 1238 1 8.35145 185.455 357.262 372.151 0.998785
000406 374 1238 1 475.491 172.996 508.556 196.081 0.839204
000407 374 1238 1 0.0 197.171 361.332 374.0 0.999959
000407 374 1238 1 491.744 171.359 517.732 194.324 0.664664
000408 374 1238 1 0.0 197.553 364.235 374.0 0.999963
000409 374 1238 1 0.0 195.744 390.035 374.0 0.995062
000409 374 1238 1 515.171 171.709 542.258 194.623 0.794455
000410 374 1238 1 0.0 198.511 382.058 374.0 0.997938
000410 374 1238 1 529.369 174.951 551.565 197.09 0.70324
000411 374 1238 1 0.0 203.506 410.638 374.0 0.997471
000412 374 1238 1 0.0 202.419 447.718 374.0 0.991615
000412 374 1238 1 550.037 174.829 574.171 198.626 0.577087
000413 374 1238 1 0.0 206.8 429.836 374.0 0.997598
000414 374 1238 1 0.0 203.487 425.71 374.0 0.995265
000415 374 1238 1 0.0 203.516 462.075 372.219 0.987803
000415 374 1238 1 586.052 174.489 609.984 198.148 0.675511
000416 374 1238 1 0.0 201.778 454.449 370.928 0.990477
000416 374 1238 1 597.721 172.876 623.295 197.49 0.844309
000417 374 1238 1 607.688 173.526 635.287 197.828 0.941586
000417 374 1238 1 0.0 199.264 449.03 362.909 0.920549
000418 374 1238 1 616.438 171.839 643.039 196.143 0.842909
000418 374 1238 1 0.0589882 207.355 409.296 361.716 0.820769
000419 374 1238 1 622.885 173.206 646.872 196.656 0.968368
000420 374 1238 1 626.161 170.305 653.429 195.503 0.953548
000421 374 1238 1 626.325 170.261 655.984 196.082 0.888917
000422 374 1238 1 629.978 169.725 658.449 194.438 0.963232
000423 374 1238 1 632.955 171.389 658.199 194.708 0.872917
000424 374 1238 1 630.924 170.47 658.978 195.747 0.93316
000425 374 1238 1 629.165 170.134 658.882 196.153 0.943973
000426 374 1238 1 627.049 171.486 655.367 195.846 0.970805
000427 374 1238 1 626.748 171.901 650.739 196.218 0.956234
000428 374 1238 1 622.095 172.184 648.99 197.645 0.951456
000429 374 1238 1 619.898 172.826 647.008 197.665 0.948213
000430 374 1238 1 616.799 173.272 646.325 198.215 0.890058
000431 374 1238 1 611.372 172.07 642.848 197.906 0.904128
000432 374 1238 1 614.258 173.333 640.446 198.646 0.908606
000433 374 1238 1 607.966 173.182 637.849 198.536 0.987874
000434 374 1238 1 601.781 172.643 634.427 198.743 0.989137
000435 374 1238 1 600.23 172.934 630.88 198.591 0.989744
000436 374 1238 1 598.286 172.502 626.37 197.66 0.98174
000437 374 1238 1 594.698 172.444 624.088 197.821 0.99438
000438 374 1238 1 591.825 170.415 623.189 197.626 0.99378
000439 374 1238 1 590.564 171.197 619.602 196.904 0.988526
000440 374 1238 1 586.125 171.256 615.855 197.235 0.956693
000441 374 1238 1 581.843 170.329 616.7 196.136 0.991458
000442 374 1238 1 579.48 168.338 611.887 195.147 0.979192
000443 374 1238 1 579.74 166.699 610.353 193.087 0.990879
000444 374 1238 1 575.116 165.309 608.75 192.878 0.983176
000445 374 1238 1 574.457 166.098 606.167 193.305 0.98064
000446 374 1238 1 573.384 166.071 604.362 192.716 0.993476
000447 374 1238 1 571.908 165.224 603.521 193.232 0.986532
000448 374 1238 1 572.02 165.416 602.26 194.034 0.996025
000449 374 1238 1 570.078 167.266 603.014 195.869 0.989373
000450 374 1238 1 569.28 165.667 603.957 193.659 0.972381
000451 374 1238 1 572.455 165.279 603.601 193.918 0.8678
000454 374 1238 1 569.08 162.467 604.062 191.125 0.506831
000455 374 1238 1 567.805 165.056 606.39 192.982 0.642542
000456 374 1238 1 563.64 165.881 612.211 195.288 0.96498
000457 374 1238 1 566.303 165.914 610.429 196.945 0.822106
000458 374 1238 1 571.754 166.628 602.991 194.707 0.723631
000464 374 1238 1 569.471 168.889 603.852 199.831 0.725379
000465 374 1238 1 570.899 169.69 603.051 198.592 0.980223
000466 374 1238 1 563.358 169.234 598.427 199.238 0.980363
000467 374 1238 1 557.125 171.391 593.859 201.884 0.97545
000468 374 1238 1 546.098 168.749 587.497 202.962 0.948653
000469 374 1238 1 543.245 169.158 588.733 203.228 0.882412
000470 374 1238 1 539.026 171.17 582.282 202.04 0.896708
000471 374 1238 1 528.362 171.181 587.691 204.316 0.865014
000472 374 1238 1 520.711 169.722 581.676 204.792 0.728819
000473 374 1238 1 518.952 168.02 574.553 204.932 0.94751
000474 374 1238 1 515.563 167.775 566.744 202.243 0.900586
000475 374 1238 1 509.897 169.44 559.267 204.965 0.974599
000476 374 1238 1 504.081 168.3 553.022 202.739 0.56422
000479 374 1238 1 501.703 166.852 534.048 202.493 0.794139
000480 374 1238 1 492.966 166.992 529.822 204.345 0.975139
000481 374 1238 1 481.72 165.926 529.518 204.698 0.995141
000482 374 1238 1 480.12 165.274 525.245 203.797 0.978587
000483 374 1238 1 485.184 167.144 523.831 204.463 0.99212
000484 374 1238 1 481.347 164.932 522.637 204.861 0.996297
000485 374 1238 1 481.596 167.222 521.216 205.801 0.998404
000486 374 1238 1 479.241 167.36 521.328 206.274 0.999082
000487 374 1238 1 476.82 166.398 520.623 204.746 0.998581
000488 374 1238 1 476.321 166.963 522.288 206.299 0.99952
000489 374 1238 1 476.856 169.248 522.579 208.942 0.999882
000490 374 1238 1 478.407 168.418 522.945 209.083 0.999822
000491 374 1238 1 481.227 168.571 524.152 209.342 0.999689
000492 374 1238 1 483.622 170.031 525.989 210.423 0.999693
000493 374 1238 1 485.895 169.278 529.317 210.148 0.999326
000494 374 1238 1 489.725 169.959 533.339 210.668 0.99901
000495 374 1238 1 492.69 168.916 536.254 210.165 0.999242
000495 374 1238 1 677.068 193.612 744.617 240.917 0.798107
000496 374 1238 1 495.086 169.024 539.724 211.361 0.999612
000497 374 1238 1 498.552 168.93 543.328 210.701 0.99979
000498 374 1238 1 500.951 167.213 546.507 211.413 0.999624
000499 374 1238 1 502.889 169.024 549.367 212.045 0.999551
000500 374 1238 1 507.656 168.668 553.387 212.335 0.999817
000501 374 1238 1 510.254 167.069 556.326 208.852 0.999469
000502 374 1238 1 512.935 166.742 561.115 209.37 0.999544
000503 374 1238 1 515.954 166.952 564.905 209.3 0.999656
000504 374 1238 1 518.158 165.964 567.591 207.812 0.999674
000505 374 1238 1 522.117 166.592 570.945 209.476 0.999664
000506 374 1238 1 525.252 166.014 572.836 209.644 0.999726
000507 374 1238 1 526.739 166.318 576.863 208.89 0.999702
000508 374 1238 1 529.819 165.265 579.194 208.955 0.99988
000509 374 1238 1 532.52 166.65 581.306 208.94 0.99979
000510 374 1238 1 533.119 165.188 585.404 210.2 0.999912
000511 374 1238 1 536.366 165.027 588.104 209.893 0.999617
000512 374 1238 1 539.618 164.843 589.138 210.19 0.999227
000512 374 1238 1 611.986 168.721 633.981 193.019 0.566491
000513 374 1238 1 542.428 166.288 594.508 212.279 0.999625
000513 374 1238 1 614.303 168.18 638.934 193.917 0.521757
000514 374 1238 1 545.85 167.546 595.845 212.211 0.999646
000515 374 1238 1 546.356 165.335 597.705 213.421 0.999788
000516 374 1238 1 545.878 168.07 600.673 214.479 0.999566
000517 374 1238 1 547.907 167.081 601.479 213.057 0.999888
000518 374 1238 1 554.195 164.504 602.348 216.88 0.99973
000519 374 1238 1 551.921 168.486 603.446 215.576 0.999859
000520 374 1238 1 552.028 169.071 604.379 217.014 0.999768
000521 374 1238 1 552.182 169.485 604.851 214.917 0.999327
000522 374 1238 1 548.829 168.96 606.133 217.501 0.999668
000523 374 1238 1 546.284 168.518 604.252 217.59 0.999774
000524 374 1238 1 543.906 169.755 598.922 216.997 0.999643
000524 374 1238 1 1161.21 115.325 1232.63 162.757 0.6672
000525 374 1238 1 540.62 169.824 598.157 216.444 0.999538
000525 374 1238 1 608.487 171.332 642.304 203.184 0.62084
000526 374 1238 1 537.471 169.778 591.701 216.923 0.999664
000526 374 1238 1 610.792 174.392 638.157 200.027 0.537546
000527 374 1238 1 533.22 171.694 590.617 219.495 0.999691
000527 374 1238 1 604.219 172.392 637.199 201.861 0.538689
000528 374 1238 1 530.357 171.02 588.638 219.246 0.999699
000529 374 1238 1 527.363 171.036 587.243 221.666 0.999892
000530 374 1238 1 525.166 171.802 583.193 220.859 0.999914
000530 374 1238 1 596.03 174.143 627.312 204.196 0.558871
000531 374 1238 1 523.0 171.355 579.161 220.282 0.999899
000532 374 1238 1 518.97 172.139 575.964 221.19 0.999943
000532 374 1238 1 587.106 174.971 620.721 205.628 0.621328
000533 374 1238 1 516.024 171.062 572.844 221.361 0.999839
000534 374 1238 1 512.482 171.909 570.785 220.249 0.99986
000535 374 1238 1 509.743 169.977 570.36 222.127 0.999716
000536 374 1238 1 506.576 171.175 564.718 220.545 0.999916
000537 374 1238 1 503.639 170.978 563.534 222.232 0.999499
000538 374 1238 1 502.543 170.421 562.468 222.104 0.99952
000539 374 1238 1 497.536 169.011 560.535 222.865 0.999866
000539 374 1238 1 556.06 171.042 603.739 205.331 0.533256
000540 374 1238 1 495.783 168.985 558.992 223.404 0.999834
000541 374 1238 1 491.27 168.705 556.954 222.797 0.999703
000542 374 1238 1 490.227 166.332 552.433 222.76 0.999924
000542 374 1238 1 539.904 164.454 596.976 209.628 0.694191
000543 374 1238 1 487.565 168.223 551.391 223.625 0.999884
000544 374 1238 1 484.666 167.828 548.969 223.547 0.999931
000545 374 1238 1 481.259 167.342 546.217 223.04 0.999951
000546 374 1238 1 479.131 165.741 545.513 222.696 0.999912
000547 374 1238 1 478.042 165.981 542.664 222.657 0.999724
000548 374 1238 1 475.35 165.422 542.542 223.233 0.999872
000549 374 1238 1 473.821 165.203 541.527 222.347 0.999705
000550 374 1238 1 473.942 169.343 537.522 221.228 0.999468
000551 374 1238 1 470.234 163.211 539.376 222.762 0.999733
000552 374 1238 1 470.148 170.709 535.682 220.457 0.999717
000553 374 1238 1 469.512 164.841 536.114 222.315 0.999916
000554 374 1238 1 470.267 164.994 534.415 223.5 0.999699
000555 374 1238 1 469.797 164.392 534.438 223.938 0.999958
000556 374 1238 1 469.237 165.948 537.024 224.176 0.999925
000556 374 1238 1 565.378 172.972 587.81 195.111 0.904392
000557 374 1238 1 467.636 164.77 538.505 222.926 0.999213
000557 374 1238 1 565.09 171.933 588.23 195.153 0.736059
000558 374 1238 1 466.183 165.404 539.187 223.007 0.999565
000558 374 1238 1 564.185 173.062 587.438 195.17 0.866383
000559 374 1238 1 464.438 165.076 538.751 224.165 0.999523
000559 374 1238 1 564.219 169.563 588.87 194.484 0.645854
000560 374 1238 1 466.266 165.351 535.449 226.623 0.999347
000560 374 1238 1 563.924 170.423 589.55 195.897 0.555063
000561 374 1238 1 464.028 163.356 536.171 224.956 0.998583
000561 374 1238 1 562.015 169.094 589.979 193.635 0.75037
000562 374 1238 1 463.681 162.078 538.13 223.955 0.999498
000562 374 1238 1 561.379 168.843 588.041 194.46 0.705337
000563 374 1238 1 464.577 162.756 535.191 223.426 0.999342
000564 374 1238 1 465.507 164.635 531.495 222.802 0.999397
000565 374 1238 1 461.349 161.586 535.747 222.794 0.999489
000566 374 1238 1 460.752 161.084 534.008 223.379 0.999359
000567 374 1238 1 458.863 159.32 533.531 223.585 0.991146
000568 374 1238 1 456.772 161.008 537.245 224.05 0.987965
000568 374 1238 1 556.274 167.868 584.686 194.688 0.845139
000569 374 1238 1 558.452 168.875 585.695 193.546 0.970953
000569 374 1238 1 455.609 160.846 530.449 224.7 0.965784
000570 374 1238 1 559.418 168.384 585.408 193.113 0.989981
000570 374 1238 1 461.847 160.365 532.258 223.08 0.976015
000571 374 1238 1 556.855 167.333 584.661 193.401 0.989595
000571 374 1238 1 460.545 161.467 533.472 225.076 0.954608
000572 374 1238 1 555.651 169.305 585.061 194.485 0.995653
000572 374 1238 1 466.41 161.415 534.24 226.888 0.976258
000573 374 1238 1 555.251 167.758 585.177 194.439 0.995154
000573 374 1238 1 465.599 159.683 538.609 229.208 0.986091
000574 374 1238 1 555.37 168.169 585.166 194.897 0.996815
000574 374 1238 1 464.537 159.268 534.225 229.1 0.97503
000575 374 1238 1 555.828 168.086 584.245 194.677 0.99044
000575 374 1238 1 463.299 164.98 526.549 232.991 0.987115
000576 374 1238 1 555.073 168.703 582.561 195.105 0.990222
000576 374 1238 1 456.68 160.455 524.676 229.001 0.980088
000577 374 1238 1 552.179 169.08 582.526 196.185 0.996643
000577 374 1238 1 454.37 160.458 525.408 227.448 0.912768
000578 374 1238 1 551.89 168.334 580.477 195.456 0.995732
000578 374 1238 1 450.722 160.569 521.908 226.676 0.961374
000579 374 1238 1 549.158 167.958 579.26 196.065 0.998331
000579 374 1238 1 452.1 161.514 521.797 223.365 0.982903
000580 374 1238 1 547.373 167.148 577.409 196.724 0.997141
000580 374 1238 1 443.506 160.937 515.268 225.878 0.991694
000581 374 1238 1 441.873 160.794 517.857 225.658 0.999091
000581 374 1238 1 543.094 166.888 574.591 196.563 0.998057
000582 374 1238 1 431.447 158.67 515.952 227.692 0.999417
000582 374 1238 1 541.318 166.662 573.989 197.129 0.997048
000583 374 1238 1 539.424 167.745 570.558 197.927 0.998362
000583 374 1238 1 435.346 160.837 512.932 228.237 0.993582
000584 374 1238 1 537.75 169.208 569.991 199.11 0.999626
000584 374 1238 1 429.069 162.752 510.817 228.381 0.998396
000585 374 1238 1 428.767 161.991 508.048 230.701 0.998766
000585 374 1238 1 533.678 168.519 568.106 199.907 0.997297
000586 374 1238 1 533.6 168.033 566.572 200.197 0.998735
000586 374 1238 1 423.405 161.612 503.661 228.704 0.99757
000587 374 1238 1 425.698 160.976 500.0 231.579 0.99855
000587 374 1238 1 532.822 168.311 565.524 199.066 0.998139
000588 374 1238 1 419.226 161.235 499.181 229.862 0.998828
000588 374 1238 1 529.086 168.665 563.82 201.337 0.996924
000589 374 1238 1 418.133 160.061 496.67 229.626 0.999668
000589 374 1238 1 528.419 168.791 563.04 202.117 0.998529
000590 374 1238 1 412.502 161.26 497.449 230.891 0.999864
000590 374 1238 1 526.708 167.579 563.073 202.715 0.998722
000591 374 1238 1 409.363 161.611 494.59 230.376 0.999844
000591 374 1238 1 525.538 168.644 562.115 202.723 0.999711
000592 374 1238 1 406.693 161.906 494.93 230.287 0.999564
000592 374 1238 1 524.87 167.967 561.66 203.352 0.99875
000593 374 1238 1 405.134 161.257 491.708 230.552 0.999817
000593 374 1238 1 523.028 168.38 560.025 203.829 0.997192
000594 374 1238 1 399.152 160.866 490.908 229.923 0.999452
000594 374 1238 1 522.024 165.74 559.737 203.759 0.998881
000595 374 1238 1 397.526 159.106 487.511 227.875 0.999982
000595 374 1238 1 522.397 163.982 560.248 201.333 0.997905
000595 374 1238 1 382.342 232.054 423.775 260.418 0.666553
000596 374 1238 1 394.041 157.196 487.986 225.248 0.999946
000596 374 1238 1 520.567 165.713 559.688 202.245 0.998818
000597 374 1238 1 395.079 156.136 484.093 225.181 0.999884
000597 374 1238 1 520.123 164.205 558.931 201.092 0.998734
000598 374 1238 1 390.18 155.846 483.711 226.423 0.999906
000598 374 1238 1 521.225 164.406 559.287 201.435 0.996984
000599 374 1238 1 387.069 154.653 485.247 224.125 0.999947
000599 374 1238 1 520.148 164.437 559.048 200.987 0.995523
000600 374 1238 1 385.373 156.349 485.433 226.63 0.999905
000600 374 1238 1 520.494 158.441 559.829 201.043 0.995094
000601 374 1238 1 383.495 155.961 487.872 227.482 0.999839
000601 374 1238 1 520.594 162.75 562.118 203.399 0.995983
000601 374 1238 1 347.335 234.907 395.383 269.624 0.551916
000602 374 1238 1 385.615 155.832 487.081 226.237 0.999821
000602 374 1238 1 523.555 163.377 563.86 205.047 0.998995
000602 374 1238 1 340.155 233.402 394.141 272.657 0.831459
000603 374 1238 1 389.838 156.549 485.389 226.807 0.999896
000603 374 1238 1 523.408 162.741 564.765 205.522 0.998063
000604 374 1238 1 391.772 152.393 487.017 228.412 0.99994
000604 374 1238 1 524.74 160.942 567.236 204.471 0.996065
000605 374 1238 1 388.339 152.035 490.11 226.78 0.999944
000605 374 1238 1 525.369 163.705 571.951 205.886 0.996744
000606 374 1238 1 388.561 153.142 489.257 227.177 0.999925
000606 374 1238 1 524.471 163.368 570.51 206.291 0.995865
000607 374 1238 1 392.708 154.42 487.239 229.316 0.999937
000607 374 1238 1 526.323 160.552 570.272 209.235 0.996269
000608 374 1238 1 387.428 153.705 485.202 228.419 0.99995
000608 374 1238 1 526.347 161.887 568.903 207.587 0.999264
000609 374 1238 1 387.978 151.263 483.643 229.606 0.999895
000609 374 1238 1 523.366 161.6 568.347 207.292 0.995104
000610 374 1238 1 381.489 151.161 483.484 226.964 0.999852
000610 374 1238 1 520.815 157.914 569.422 208.903 0.99852
000611 374 1238 1 379.021 150.415 482.154 228.333 0.999818
000611 374 1238 1 517.793 160.567 566.852 210.539 0.99953
000612 374 1238 1 381.664 150.821 479.283 229.487 0.999891
000612 374 1238 1 516.912 158.883 566.898 210.143 0.998946
000613 374 1238 1 372.723 151.243 480.082 231.017 0.999954
000613 374 1238 1 514.524 158.2 567.02 209.852 0.997294
000614 374 1238 1 374.064 151.547 479.007 230.472 0.999885
000614 374 1238 1 513.93 156.661 566.681 211.662 0.999174
000615 374 1238 1 371.818 149.841 476.376 230.834 0.999848
000615 374 1238 1 511.335 156.44 566.359 212.13 0.997688
000616 374 1238 1 369.254 148.624 475.99 230.118 0.999918
000616 374 1238 1 510.32 158.061 566.438 212.679 0.99901
000617 374 1238 1 373.047 150.911 472.828 231.975 0.999897
000617 374 1238 1 509.031 155.435 563.975 213.254 0.999211
000618 374 1238 1 373.174 149.704 470.966 232.148 0.999751
000618 374 1238 1 505.549 156.12 565.438 213.974 0.999688
000619 374 1238 1 368.22 150.075 476.038 231.81 0.999891
000619 374 1238 1 505.931 153.925 563.658 216.262 0.999356
000620 374 1238 1 370.663 151.617 475.06 234.03 0.999935
000620 374 1238 1 506.585 157.512 562.174 219.286 0.999519
000621 374 1238 1 504.868 160.575 563.374 222.237 0.999926
000621 374 1238 1 371.396 152.544 472.947 234.785 0.999911
000622 374 1238 1 371.057 152.036 475.634 232.48 0.999765
000622 374 1238 1 502.633 153.852 563.364 220.692 0.998457
000622 374 1238 1 176.522 188.94 279.112 271.932 0.506845
000623 374 1238 1 371.626 151.359 474.21 233.138 0.999859
000623 374 1238 1 498.994 156.457 565.07 222.762 0.995292
000624 374 1238 1 375.452 152.957 471.933 234.066 0.999927
000624 374 1238 1 499.432 159.846 564.196 224.311 0.999663
000625 374 1238 1 369.19 150.826 477.331 233.137 0.999965
000625 374 1238 1 496.966 156.141 564.196 224.932 0.999255
000626 374 1238 1 369.785 150.946 473.796 232.463 0.999948
000626 374 1238 1 493.118 156.336 564.036 226.639 0.997969
000627 374 1238 1 372.177 151.819 473.691 232.14 0.999855
000627 374 1238 1 493.079 159.086 563.401 227.854 0.996501
000628 374 1238 1 370.491 151.736 475.403 232.157 0.99987
000628 374 1238 1 488.427 158.405 565.866 228.239 0.999544
000629 374 1238 1 371.689 149.919 472.735 232.082 0.999925
000629 374 1238 1 488.318 157.604 564.39 229.36 0.999505
000630 374 1238 1 373.842 152.263 475.169 230.008 0.999772
000630 374 1238 1 484.796 158.273 563.59 232.007 0.999655
000631 374 1238 1 375.308 154.025 473.766 229.973 0.999813
000631 374 1238 1 483.157 159.323 562.423 232.125 0.998646
000632 374 1238 1 480.044 158.312 560.602 234.1 0.9999
000632 374 1238 1 372.395 149.425 472.877 233.344 0.999694
000633 374 1238 1 373.517 150.311 471.02 231.868 0.999883
000633 374 1238 1 476.115 158.483 558.899 237.047 0.999708
000634 374 1238 1 373.727 151.67 473.624 232.497 0.999851
000634 374 1238 1 475.797 160.179 559.449 237.389 0.999785
000635 374 1238 1 473.59 156.559 558.365 238.796 0.999849
000635 374 1238 1 373.814 150.284 477.309 233.111 0.999495
000636 374 1238 1 374.638 152.358 475.108 232.299 0.999789
000636 374 1238 1 466.129 159.663 558.535 239.319 0.999277
000637 374 1238 1 371.666 149.933 481.094 234.18 0.999471
000637 374 1238 1 466.71 157.646 558.686 243.296 0.998972
000638 374 1238 1 464.031 158.412 559.211 244.303 0.999878
000638 374 1238 1 373.992 153.343 473.559 232.341 0.999653
000639 374 1238 1 373.531 154.078 475.859 232.706 0.999753
000639 374 1238 1 456.728 158.76 556.708 246.087 0.999704
000640 374 1238 1 453.486 160.079 557.354 250.487 0.999695
000640 374 1238 1 370.393 151.054 478.826 233.612 0.99895
000641 374 1238 1 446.724 160.919 553.608 251.423 0.999648
000641 374 1238 1 372.488 152.401 474.557 233.763 0.999075
000642 374 1238 1 441.592 161.821 553.435 252.867 0.999812
000642 374 1238 1 374.177 153.902 470.62 231.542 0.998682
000643 374 1238 1 436.23 161.211 550.335 254.987 0.999859
000643 374 1238 1 665.201 176.509 706.896 210.545 0.767544
000644 374 1238 1 432.678 161.036 549.952 256.823 0.999495
000645 374 1238 1 425.152 160.325 549.645 256.152 0.999926
000646 374 1238 1 420.699 160.594 548.536 258.557 0.99997
000647 374 1238 1 415.149 161.24 546.167 260.496 0.999626
000648 374 1238 1 410.716 159.835 546.68 263.315 0.999687
000649 374 1238 1 404.772 162.027 546.35 261.796 0.999827
000650 374 1238 1 399.939 160.65 542.925 264.3 0.999899
000651 374 1238 1 398.335 159.87 542.857 265.116 0.999914
000652 374 1238 1 392.392 158.928 539.094 269.632 0.999976
000653 374 1238 1 386.046 157.72 538.062 272.8 0.999985
000654 374 1238 1 381.476 159.879 534.261 273.645 0.999827
000655 374 1238 1 373.127 161.521 535.705 274.707 0.999958
000656 374 1238 1 361.511 159.521 526.973 279.125 0.999962
000657 374 1238 1 360.778 162.804 526.33 280.982 0.999892
000658 374 1238 1 354.79 158.336 517.946 285.079 0.999949
000659 374 1238 1 346.112 157.251 520.387 289.275 0.999968
000660 374 1238 1 340.579 157.579 517.009 289.877 0.999964
000661 374 1238 1 329.941 158.043 514.84 290.252 0.999873
000662 374 1238 1 316.543 158.41 509.991 294.349 0.999934
000663 374 1238 1 312.892 157.582 510.021 299.062 0.99991
000664 374 1238 1 310.025 157.511 508.809 304.846 0.99991
000665 374 1238 1 300.774 154.639 507.767 310.101 0.999723
000666 374 1238 1 290.389 155.444 506.082 314.926 0.999781
000667 374 1238 1 280.323 155.381 493.702 316.189 0.999976
000668 374 1238 1 284.567 160.688 496.623 317.187 0.999756
000669 374 1238 1 270.004 159.478 496.135 318.247 0.999945
000670 374 1238 1 261.336 158.751 491.874 319.41 0.999946
000671 374 1238 1 253.985 158.701 496.751 323.252 0.999796
000672 374 1238 1 244.747 158.643 493.976 332.24 0.999874
000673 374 1238 1 230.526 157.674 484.276 332.002 0.999895
000674 374 1238 1 227.848 157.695 494.902 338.805 0.999839
000675 374 1238 1 215.225 158.704 491.413 345.075 0.999918
000676 374 1238 1 199.89 155.588 488.532 352.112 0.999682
000677 374 1238 1 181.404 152.256 493.473 356.265 0.999826
000678 374 1238 1 174.478 153.484 466.304 361.516 0.9992
000679 374 1238 1 158.586 152.949 478.529 366.181 0.999696
000680 374 1238 1 139.849 151.148 478.59 371.886 0.996265
000681 374 1238 1 134.521 153.472 472.21 371.011 0.994868
000682 374 1238 1 123.412 155.657 466.694 373.53 0.997068
000683 374 1238 1 107.126 151.412 456.738 374.0 0.993887
000684 374 1238 1 78.3357 158.003 448.676 374.0 0.972676
000685 374 1238 1 63.9298 167.183 425.152 374.0 0.9947
000685 374 1238 1 413.606 157.07 505.907 215.955 0.693441
000686 374 1238 1 48.5482 161.867 442.868 374.0 0.995687
000686 374 1238 1 384.685 156.64 477.452 226.424 0.970151
000687 374 1238 1 384.595 155.408 475.005 229.308 0.98691
000687 374 1238 1 21.4007 171.836 415.701 374.0 0.982116
000688 374 1238 1 383.642 155.581 476.67 228.589 0.997091
000688 374 1238 1 0.671405 177.547 466.247 374.0 0.968691
000689 374 1238 1 376.675 154.872 476.175 227.577 0.997554
000689 374 1238 1 0.0 173.772 422.824 373.454 0.982743
000690 374 1238 1 380.972 154.033 475.973 227.258 0.998199
000690 374 1238 1 0.0 172.385 428.639 374.0 0.989378
000691 374 1238 1 380.482 153.729 476.228 230.54 0.998466
000691 374 1238 1 0.0 163.241 442.478 374.0 0.966723
000692 374 1238 1 383.669 152.537 474.009 229.604 0.996426
000692 374 1238 1 0.0 161.22 466.693 371.225 0.940743
000693 374 1238 1 374.564 152.942 478.507 232.341 0.99553
000693 374 1238 1 0.0 166.135 468.309 369.703 0.955984
000694 374 1238 1 377.841 155.197 474.088 230.379 0.992606
000694 374 1238 1 0.0 172.372 472.225 374.0 0.959757
000695 374 1238 1 370.553 151.653 485.869 230.661 0.998508
000695 374 1238 1 0.0 163.665 463.676 369.114 0.960045
000696 374 1238 1 369.363 152.641 484.084 231.428 0.99612
000696 374 1238 1 0.0 163.183 471.65 361.613 0.847055
000697 374 1238 1 370.361 153.572 485.135 234.136 0.998823
000697 374 1238 1 0.0 163.497 440.727 358.881 0.862312
000698 374 1238 1 367.248 155.193 491.277 233.589 0.998785
000698 374 1238 1 0.0 162.424 440.984 363.41 0.878512
000699 374 1238 1 370.013 154.295 484.477 234.569 0.993548
000699 374 1238 1 0.0 160.838 460.363 360.691 0.858066
000700 374 1238 1 365.545 153.309 480.054 232.466 0.994354
000700 374 1238 1 0.0 160.088 457.599 359.174 0.76091
000701 374 1238 1 363.946 154.92 492.009 234.673 0.912993
000701 374 1238 1 0.0 161.912 462.026 366.983 0.787688
000702 374 1238 1 363.301 153.641 491.037 232.921 0.865656
000702 374 1238 1 0.0 161.81 442.149 360.829 0.691041
000703 374 1238 1 0.0 160.894 452.946 364.735 0.828419
000703 374 1238 1 389.805 155.066 499.388 218.197 0.585132
000704 374 1238 1 385.872 157.678 479.205 230.692 0.751228
000704 374 1238 1 0.0 161.624 457.057 355.166 0.541546
000705 374 1238 1 373.291 155.846 479.372 231.701 0.932252
000705 374 1238 1 0.0 159.543 436.502 353.113 0.634942
000706 374 1238 1 375.114 155.49 476.486 227.786 0.987496
000707 374 1238 1 373.876 156.361 474.364 232.432 0.962255
000707 374 1238 1 17.7854 165.682 426.081 357.491 0.819426
000708 374 1238 1 373.211 156.608 476.52 230.483 0.998159
000708 374 1238 1 9.28328 163.867 429.539 359.734 0.828705
000709 374 1238 1 373.938 157.923 477.667 231.279 0.997946
000709 374 1238 1 66.0316 163.74 415.906 363.85 0.69554
000710 374 1238 1 372.107 158.449 472.803 234.774 0.996092
000711 374 1238 1 374.071 162.471 467.375 238.286 0.999839
000712 374 1238 1 365.473 161.063 472.277 240.723 0.999752
000712 374 1238 1 0.0 166.065 423.004 374.0 0.504669
000713 374 1238 1 363.639 164.66 473.01 242.82 0.999749
000714 374 1238 1 359.932 163.923 469.298 247.304 0.999952
000715 374 1238 1 353.534 166.493 472.046 249.852 0.999851
000716 374 1238 1 356.877 167.005 468.516 252.69 0.999756
000717 374 1238 1 357.147 167.072 468.271 252.778 0.99993
000718 374 1238 1 358.258 166.978 469.639 253.856 0.99995
000719 374 1238 1 358.533 166.805 468.241 255.729 0.999988
000720 374 1238 1 359.562 165.057 470.211 256.513 0.99997
000721 374 1238 1 354.561 166.893 475.932 252.123 0.99995
000722 374 1238 1 354.392 167.046 476.525 253.216 0.999887
000723 374 1238 1 356.112 166.717 478.178 253.191 0.999986
000724 374 1238 1 354.722 165.583 478.06 255.297 0.999977
000725 374 1238 1 352.984 165.256 480.959 258.549 0.999979
000726 374 1238 1 352.648 160.43 482.417 255.807 0.999897
000727 374 1238 1 351.932 154.897 480.513 250.292 0.99999
000728 374 1238 1 350.878 149.435 482.855 243.735 0.999974
000729 374 1238 1 353.198 146.708 484.214 241.471 0.999976
000730 374 1238 1 352.577 144.588 484.41 239.957 0.999988
000731 374 1238 1 352.546 144.877 484.153 243.899 0.999987
000732 374 1238 1 351.903 149.195 485.247 244.866 0.999995
000733 374 1238 1 353.165 153.364 483.713 248.6 0.999994
000734 374 1238 1 352.586 153.563 488.065 250.624 0.999991
000735 374 1238 1 354.264 153.294 492.848 249.954 0.999984
000736 374 1238 1 357.846 153.054 493.757 254.327 0.999991
000737 374 1238 1 355.958 152.324 495.305 253.55 0.999986
000738 374 1238 1 359.716 153.352 495.086 254.945 0.999991
000739 374 1238 1 361.137 154.087 499.117 256.098 0.999995
000740 374 1238 1 364.338 156.725 500.927 259.045 0.999991
000741 374 1238 1 363.822 157.11 505.258 261.423 0.999973
000742 374 1238 1 367.675 158.469 511.751 264.473 0.999965
000743 374 1238 1 368.267 157.857 514.418 263.746 0.999992
000744 374 1238 1 372.355 157.39 518.655 267.677 0.999981
000745 374 1238 1 375.173 158.368 521.014 268.82 0.999985
000746 374 1238 1 377.823 160.481 524.529 273.072 0.99999
000747 374 1238 1 383.512 159.391 530.931 273.8 0.99997
000748 374 1238 1 386.941 161.203 535.591 273.709 0.999977
000749 374 1238 1 387.015 162.551 537.017 277.213 0.999964
000750 374 1238 1 393.947 156.139 546.984 277.815 0.999861
000751 374 1238 1 386.79 152.363 551.423 273.784 0.999795
000752 374 1238 1 389.135 148.667 555.776 269.628 0.999729
000752 374 1238 1 682.205 165.896 719.596 194.079 0.502646
000753 374 1238 1 387.698 142.771 557.477 267.863 0.999922
000754 374 1238 1 387.253 139.95 556.794 268.8 0.999597
000754 374 1238 1 687.66 162.868 723.013 188.746 0.767443
000755 374 1238 1 381.786 141.231 558.297 268.768 0.999812
000755 374 1238 1 689.2 163.145 720.881 189.835 0.706116
000756 374 1238 1 373.576 136.076 558.636 271.28 0.99993
000756 374 1238 1 688.56 164.152 725.307 191.954 0.816837
000757 374 1238 1 372.614 139.051 551.612 273.53 0.999946
000757 374 1238 1 687.121 162.79 722.137 189.166 0.577589
000758 374 1238 1 363.293 137.665 550.145 276.439 0.999928
000758 374 1238 1 686.913 163.047 718.78 189.428 0.585197
000759 374 1238 1 352.691 133.614 550.441 278.829 0.999865
000759 374 1238 1 686.238 160.188 718.967 188.109 0.718546
000760 374 1238 1 349.937 136.815 543.996 280.089 0.999885
000760 374 1238 1 682.807 160.582 713.609 188.037 0.823043
000761 374 1238 1 340.001 137.379 542.216 284.882 0.999535
000761 374 1238 1 682.429 161.503 716.477 186.464 0.618747
000762 374 1238 1 332.182 138.763 535.609 292.006 0.999886
000763 374 1238 1 320.931 142.703 531.21 294.752 0.999957
000763 374 1238 1 678.965 164.095 710.482 191.665 0.630591
000764 374 1238 1 307.164 134.915 540.24 300.922 0.999885
000764 374 1238 1 677.57 165.052 711.748 190.776 0.643078
000765 374 1238 1 294.542 133.21 534.7 301.996 0.99915
000765 374 1238 1 675.82 163.709 711.442 189.687 0.548419
000766 374 1238 1 281.849 127.218 518.57 301.982 0.99893
000766 374 1238 1 672.907 157.876 705.385 183.713 0.783836
000767 374 1238 1 263.935 130.354 521.281 306.4 0.997387
000767 374 1238 1 670.789 155.088 705.406 181.133 0.83868
000768 374 1238 1 253.656 124.75 513.664 311.836 0.998765
000768 374 1238 1 668.135 155.264 705.516 181.516 0.908514
000769 374 1238 1 236.65 127.014 511.28 320.402 0.999652
000769 374 1238 1 666.903 156.087 705.7 186.459 0.92631
000769 374 1238 1 450.435 143.647 559.042 246.36 0.910794
000770 374 1238 1 212.43 125.406 503.272 324.546 0.999579
000770 374 1238 1 438.168 142.19 562.905 248.84 0.97136
000770 374 1238 1 667.249 155.294 702.164 184.647 0.921931
000771 374 1238 1 191.381 122.912 494.791 326.318 0.99835
000771 374 1238 1 664.802 154.379 706.769 185.364 0.919225
000771 374 1238 1 409.191 139.034 559.784 246.988 0.888656
000772 374 1238 1 165.729 121.528 480.522 338.926 0.997081
000772 374 1238 1 666.835 158.273 706.296 184.484 0.558058
000773 374 1238 1 135.537 124.732 473.029 348.24 0.983879
000773 374 1238 1 663.632 154.343 701.635 184.909 0.787768
000773 374 1238 1 393.387 139.46 555.989 256.337 0.779137
000774 374 1238 1 103.786 124.233 450.061 351.157 0.978822
000774 374 1238 1 368.686 127.801 552.81 262.87 0.865432
000774 374 1238 1 663.618 156.586 697.525 185.695 0.580449
000775 374 1238 1 93.4786 131.181 436.031 359.984 0.951284
000775 374 1238 1 370.676 142.75 554.447 268.468 0.866187
000775 374 1238 1 664.869 161.005 703.379 190.577 0.755545
000776 374 1238 1 67.6364 129.149 441.953 371.37 0.991092
000776 374 1238 1 365.46 142.722 545.287 277.498 0.930126
000776 374 1238 1 662.008 162.197 696.465 192.932 0.650432
000777 374 1238 1 95.4383 126.616 463.271 367.691 0.973563
000777 374 1238 1 366.042 142.069 545.92 281.58 0.951927
000778 374 1238 1 51.6838 138.121 456.838 374.0 0.951308
000778 374 1238 1 365.674 149.747 540.705 291.942 0.945042
000779 374 1238 1 658.972 177.49 698.508 213.009 0.945134
000779 374 1238 1 361.44 155.614 536.579 301.9 0.939121
000779 374 1238 1 0.0 152.774 455.857 374.0 0.68242
000780 374 1238 1 658.161 182.648 697.071 217.38 0.936133
000780 374 1238 1 343.786 163.077 531.526 307.158 0.901464
000781 374 1238 1 655.646 186.2 696.393 218.32 0.987369
000781 374 1238 1 0.0 148.265 519.331 360.443 0.771042
000782 374 1238 1 654.39 185.187 698.893 220.087 0.981525
000782 374 1238 1 0.0 141.469 472.38 364.788 0.703307
000783 374 1238 1 653.725 185.751 693.526 217.311 0.897919
000783 374 1238 1 294.98 165.142 524.158 323.362 0.600107
000784 374 1238 1 652.701 180.169 695.296 215.137 0.980676
000785 374 1238 1 651.934 175.06 693.708 209.592 0.982368
000786 374 1238 1 651.477 173.92 690.575 206.654 0.963876
000786 374 1238 1 268.053 154.83 505.504 332.589 0.600002
000787 374 1238 1 256.484 141.986 488.563 348.111 0.810829
000787 374 1238 1 651.732 174.069 693.16 209.605 0.794041
000788 374 1238 1 212.239 138.023 496.364 356.889 0.825951
000788 374 1238 1 649.597 175.079 688.423 209.872 0.774036
000789 374 1238 1 645.926 174.332 689.36 211.383 0.917392
000789 374 1238 1 182.222 146.754 492.179 366.101 0.872308
000790 374 1238 1 154.044 147.46 468.577 374.0 0.955018
000790 374 1238 1 646.822 174.032 686.143 210.242 0.533886
000791 374 1238 1 644.994 174.19 686.346 212.076 0.920889
000791 374 1238 1 93.4264 149.049 475.625 373.551 0.736847
000792 374 1238 1 643.413 174.548 684.085 209.246 0.982794
000792 374 1238 1 46.8684 163.976 423.861 374.0 0.902349
000793 374 1238 1 642.963 172.324 684.64 213.099 0.987559
000793 374 1238 1 6.56234 137.629 462.956 374.0 0.678635
000794 374 1238 1 642.342 170.816 683.673 212.207 0.919647
000795 374 1238 1 640.365 172.95 681.598 212.354 0.93952
000796 374 1238 1 637.474 169.875 681.671 210.861 0.983621
000797 374 1238 1 639.597 169.966 685.186 212.495 0.931366
000798 374 1238 1 639.326 171.236 685.571 211.182 0.875744
000799 374 1238 1 641.161 169.587 689.262 211.7 0.725668
000800 374 1238 1 643.768 166.74 689.156 211.178 0.666159
000801 374 1238 1 641.833 167.378 692.243 211.12 0.818116
000802 374 1238 1 647.21 167.641 695.144 210.648 0.693151
000804 374 1238 1 652.88 167.462 709.006 213.205 0.886261
000805 374 1238 1 658.535 167.736 712.078 213.82 0.610994
000806 374 1238 1 661.795 164.136 718.587 213.257 0.923034
000807 374 1238 1 665.17 163.334 723.1 214.323 0.503835
000808 374 1238 1 670.105 162.245 729.258 214.912 0.71387
000809 374 1238 1 674.094 163.743 735.686 218.088 0.560017
000815 374 1238 1 685.816 169.646 756.6 230.135 0.672145
000817 374 1238 1 690.161 169.493 766.183 234.825 0.629934
000818 374 1238 1 692.716 169.664 768.251 234.164 0.845817
000825 374 1238 1 703.331 170.185 813.04 250.601 0.621031
000832 374 1238 1 479.669 192.039 537.939 235.603 0.571934
000838 374 1238 1 763.007 146.876 1013.48 329.813 0.74381
000840 374 1238 1 787.201 155.814 1091.13 362.211 0.750182
000841 374 1238 1 802.619 140.288 1162.59 374.0 0.605505
000842 374 1238 1 832.259 124.174 1206.81 374.0 0.583855
000843 374 1238 1 840.132 147.065 1230.68 374.0 0.59217
000853 374 1238 1 42.9544 233.682 398.999 365.516 0.584466
000862 374 1238 1 697.917 212.463 735.145 238.635 0.641518
000869 374 1238 1 804.088 210.53 843.798 235.579 0.710867
000870 374 1238 1 811.777 212.05 850.99 240.368 0.508769
000871 374 1238 1 817.277 214.775 860.743 243.948 0.906895
000940 374 1238 1 0.0 162.117 289.823 309.774 0.898644
000941 374 1238 1 0.0 166.176 367.773 305.597 0.994809
000942 374 1238 1 24.5749 158.046 398.441 303.469 0.996544
000943 374 1238 1 68.6472 164.289 427.953 306.397 0.993291
000944 374 1238 1 117.533 163.194 478.928 297.813 0.997995
000945 374 1238 1 165.073 161.497 507.073 293.606 0.997905
000946 374 1238 1 224.257 160.165 562.588 293.297 0.998094
000947 374 1238 1 291.855 158.712 608.338 291.163 0.997952
000948 374 1238 1 337.025 159.886 650.458 284.803 0.991029
000949 374 1238 1 386.311 154.283 686.635 284.376 0.984609
000950 374 1238 1 427.267 158.016 707.079 282.668 0.989405
000951 374 1238 1 473.295 158.362 695.399 282.123 0.969076
000952 374 1238 1 506.076 158.416 763.99 282.972 0.980165
000953 374 1238 1 554.314 157.477 810.505 279.75 0.963397
000954 374 1238 1 581.898 153.624 859.846 276.976 0.809139
000955 374 1238 1 609.31 156.977 871.176 277.145 0.958231
000956 374 1238 1 649.139 157.915 932.612 275.059 0.995449
000957 374 1238 1 716.074 157.513 969.468 272.737 0.990533
000958 374 1238 1 734.604 152.273 1008.59 269.779 0.89831
000959 374 1238 1 773.906 152.818 1035.95 272.975 0.92428
000960 374 1238 1 751.858 153.648 1064.43 261.018 0.986041
000961 374 1238 1 815.041 154.987 1067.88 268.115 0.936606
000962 374 1238 1 843.034 155.602 1077.89 270.473 0.99307
000963 374 1238 1 870.359 155.15 1109.44 270.222 0.98108
000964 374 1238 1 891.435 152.583 1134.78 269.174 0.859505
000965 374 1238 1 902.107 152.635 1090.68 257.868 0.823373
000966 374 1238 1 935.683 155.19 1093.0 259.438 0.940727
000967 374 1238 1 954.099 154.776 1102.0 254.055 0.819937
000968 374 1238 1 984.725 155.242 1127.52 260.204 0.608562
000973 374 1238 1 0.0 211.438 265.474 319.306 0.976882
000974 374 1238 1 0.0 207.291 294.536 325.896 0.989381
000975 374 1238 1 0.0 210.128 309.74 334.852 0.987207
000976 374 1238 1 59.7138 203.798 388.785 325.903 0.997761
000977 374 1238 1 126.326 198.395 466.661 323.072 0.99815
000978 374 1238 1 165.623 193.068 494.639 325.873 0.996242
000979 374 1238 1 247.795 193.06 548.568 319.744 0.988369
000980 374 1238 1 316.667 192.249 607.706 315.12 0.999201
000981 374 1238 1 358.199 192.024 659.882 315.392 0.999644
000982 374 1238 1 398.613 193.336 703.244 312.378 0.999733
000983 374 1238 1 469.285 188.634 749.282 307.82 0.999967
000984 374 1238 1 503.284 189.022 789.237 310.676 0.999114
000985 374 1238 1 558.189 186.831 833.239 302.272 0.99977
000986 374 1238 1 596.993 187.812 872.566 302.969 0.999908
000987 374 1238 1 634.923 188.296 907.808 300.54 0.999961
000988 374 1238 1 676.019 189.571 947.321 300.066 0.99993
000989 374 1238 1 699.411 189.502 959.362 299.283 0.999918
000990 374 1238 1 742.16 184.177 983.638 296.124 0.999489
000991 374 1238 1 779.423 183.144 1019.81 295.19 0.99986
000992 374 1238 1 792.334 186.089 1046.36 292.338 0.999853
000993 374 1238 1 833.543 183.75 1067.84 291.997 0.99997
000994 374 1238 1 845.091 180.529 1090.16 289.783 0.999986
000995 374 1238 1 865.166 183.59 1113.55 288.039 0.999965
000996 374 1238 1 879.515 178.441 1114.91 285.719 0.999978
000997 374 1238 1 899.489 180.918 1141.44 284.519 0.999962
000998 374 1238 1 907.446 179.325 1129.12 283.76 0.999981
000999 374 1238 1 922.76 179.639 1150.71 282.122 0.999971
001000 374 1238 1 934.191 177.779 1176.51 281.03 0.99999
001001 374 1238 1 949.952 179.254 1171.57 281.062 0.999985
001002 374 1238 1 955.99 178.406 1162.07 280.684 0.999989
001003 374 1238 1 964.502 177.511 1154.32 279.598 0.999761
001004 374 1238 1 971.111 178.927 1165.31 280.238 0.998336
001005 374 1238 1 977.1 178.767 1178.72 275.608 0.999567
001006 374 1238 1 993.622 176.448 1192.72 274.158 0.999017
001007 374 1238 1 993.911 176.139 1192.63 276.13 0.999376
001008 374 1238 1 991.281 178.532 1188.3 276.965 0.999887
001009 374 1238 1 990.218 178.066 1189.9 277.12 0.999988
001010 374 1238 1 986.049 177.619 1183.02 275.858 0.999996
001011 374 1238 1 990.333 177.896 1196.39 272.77 0.999988
001012 374 1238 1 986.627 178.583 1189.59 274.616 0.999988
001013 374 1238 1 995.68 176.9 1192.21 273.145 0.999989
001014 374 1238 1 993.698 176.703 1191.32 271.966 0.999979
001015 374 1238 1 994.849 178.625 1192.85 273.974 0.999993
001016 374 1238 1 989.689 178.251 1192.54 273.495 0.999993
001017 374 1238 1 992.082 177.173 1194.09 272.54 0.999988
001018 374 1238 1 990.527 178.099 1194.17 271.749 0.999986
001019 374 1238 1 993.329 177.99 1192.46 273.237 0.99999
001020 374 1238 1 995.735 176.831 1194.14 273.427 0.999991
001021 374 1238 1 993.225 178.339 1197.9 273.96 0.999985
001022 374 1238 1 996.45 177.004 1197.15 274.932 0.999994
001023 374 1238 1 992.406 178.103 1194.75 273.413 0.999988
001024 374 1238 1 993.273 178.543 1195.21 271.945 0.999984
001025 374 1238 1 993.673 178.247 1194.7 272.492 0.999979
001026 374 1238 1 989.667 177.912 1199.8 274.071 0.999981
001027 374 1238 1 995.583 176.579 1195.36 273.186 0.999988
001028 374 1238 1 993.243 177.963 1198.94 273.458 0.999991
001029 374 1238 1 994.137 178.237 1193.77 272.575 0.99999
001030 374 1238 1 994.209 177.072 1196.21 273.995 0.999994
001031 374 1238 1 990.87 177.574 1197.93 272.995 0.999989
001032 374 1238 1 992.963 177.569 1192.95 273.254 0.999991
001033 374 1238 1 992.211 176.045 1199.1 274.109 0.999987
001034 374 1238 1 993.386 177.044 1195.61 274.242 0.999992
001035 374 1238 1 993.144 177.534 1194.59 273.15 0.999985
001036 374 1238 1 991.673 178.75 1197.76 273.254 0.999992
001037 374 1238 1 990.828 178.29 1198.95 273.101 0.999993
001038 374 1238 1 991.039 179.752 1194.37 273.467 0.999985
001039 374 1238 1 992.924 178.702 1196.93 272.775 0.99999
001040 374 1238 1 993.613 178.206 1196.09 273.168 0.999987
001041 374 1238 1 986.446 179.119 1191.55 274.593 0.999958
001042 374 1238 1 991.577 178.364 1195.04 273.827 0.999982
001043 374 1238 1 992.34 177.515 1197.8 273.865 0.999978
001044 374 1238 1 994.776 177.47 1196.85 276.236 0.999985
001045 374 1238 1 992.647 178.703 1194.51 273.227 0.99999
001046 374 1238 1 994.619 177.54 1193.32 273.82 0.999982
001047 374 1238 1 993.981 177.883 1193.28 274.312 0.99998
001048 374 1238 1 989.016 177.167 1196.12 275.214 0.99998
001049 374 1238 1 993.682 179.63 1182.61 277.068 0.999991
001050 374 1238 1 999.839 181.292 1197.02 276.38 0.999989
001051 374 1238 1 986.894 181.836 1188.29 277.1 0.99999
001052 374 1238 1 987.467 181.655 1191.32 277.443 0.999989
001053 374 1238 1 991.199 182.084 1196.91 278.193 0.999983
001054 374 1238 1 988.832 179.023 1203.92 277.711 0.999973
001055 374 1238 1 992.78 183.484 1194.29 279.114 0.999997
001056 374 1238 1 991.069 181.943 1197.18 280.003 0.999995
001057 374 1238 1 992.137 182.347 1195.08 280.364 0.999994
001058 374 1238 1 994.219 183.595 1193.95 280.526 0.999998
