000000 375 1242 1 1002.95 292.486 264.668 165.028 0.892347
000000 375 1242 2 758.798 192.406 19.0009 51.2959 0.674052
000001 375 1242 1 1070.98 295.789 342.031 156.886 0.902923
000001 375 1242 2 758.854 193.361 18.9282 53.184 0.696437
000002 375 1242 1 1093.91 295.303 296.177 159.393 0.926956
000002 375 1242 2 761.62 194.784 18.5503 53.0041 0.682299
000003 375 1242 1 1111.27 297.028 261.459 155.944 0.86946
000003 375 1242 2 772.873 193.09 17.9344 50.3472 0.65696
000003 375 1242 2 762.184 194.448 18.5836 54.3162 0.632748
000004 375 1242 1 1129.95 288.258 224.094 164.112 0.842979
000004 375 1242 2 777.935 191.365 18.8064 49.7006 0.61493
000004 375 1242 3 306.028 194.051 40.369 65.2981 0.620562
000005 375 1242 1 1166.35 311.929 151.301 122.49 0.836189
000005 375 1242 2 769.426 192.963 17.7913 51.4907 0.614165
000006 375 1242 2 773.822 193.79 20.1488 56.6727 0.700114
000007 375 1242 2 770.232 194.606 19.546 52.9707 0.642467
000007 375 1242 3 253.739 199.646 48.1656 75.2378 0.73308
000008 375 1242 2 771.071 194.125 21.3859 55.9474 0.704421
000008 375 1242 2 795.19 192.667 19.9757 52.834 0.655247
000009 375 1242 2 230.923 193.741 32.2333 70.1693 0.678027
000009 375 1242 2 774.691 193.371 20.8773 57.4897 0.674713
000009 375 1242 2 794.766 191.874 19.4906 52.9672 0.619796
000010 375 1242 2 801.847 193.301 22.881 57.2443 0.775368
000010 375 1242 2 229.012 195.118 26.8459 54.1995 0.734211
000010 375 1242 2 776.574 193.077 23.999 58.5493 0.697013
000011 375 1242 2 213.183 189.486 29.3914 65.2178 0.711276
000011 375 1242 2 784.546 188.844 29.288 63.2587 0.698436
000011 375 1242 2 811.32 193.533 24.2388 53.8943 0.6307
000012 375 1242 2 206.733 194.621 25.4726 57.0613 0.717965
000012 375 1242 2 791.26 193.183 24.7764 58.8854 0.708994
000012 375 1242 2 816.314 193.909 24.1254 56.1484 0.672256
000012 375 1242 2 239.221 194.395 26.0577 52.6552 0.637578
000013 375 1242 2 192.36 195.08 26.0559 58.0427 0.750551
000013 375 1242 2 804.371 193.899 31.5813 65.1883 0.7185
000013 375 1242 2 827.352 192.849 30.1044 63.9901 0.684636
000014 375 1242 2 807.593 199.92 31.6287 68.8875 0.758698
000014 375 1242 2 839.281 200.284 32.0934 67.2835 0.741044
000014 375 1242 2 176.848 197.03 30.9183 66.9167 0.732153
000015 375 1242 2 164.944 197.436 35.6797 72.0561 0.800412
000015 375 1242 2 851.521 202.301 32.4493 69.1678 0.774812
000015 375 1242 2 819.64 202.637 34.5222 71.2348 0.754347
000016 375 1242 2 149.958 201.167 36.6269 71.3073 0.80366
000016 375 1242 2 828.297 203.176 35.7943 77.9787 0.779038
000016 375 1242 2 859.844 205.386 33.931 77.1271 0.70675
000017 375 1242 2 882.853 206.501 35.2506 78.8691 0.793102
000017 375 1242 2 132.692 199.288 35.8677 71.8682 0.782089
000017 375 1242 2 839.139 203.623 35.6488 76.977 0.754537
000018 375 1242 2 112.52 200.266 33.956 68.5956 0.794609
000018 375 1242 2 852.878 207.404 36.1448 83.4661 0.774948
000018 375 1242 2 889.578 207.34 33.3114 79.2264 0.765418
000019 375 1242 2 916.131 203.096 35.7744 88.7487 0.795581
000019 375 1242 2 93.0088 197.814 32.278 71.9842 0.790069
000019 375 1242 2 868.298 207.277 35.0938 89.9158 0.747713
000020 375 1242 2 71.7071 198.85 33.1529 74.5643 0.799681
000020 375 1242 2 934.044 200.82 40.0055 93.6531 0.785879
000020 375 1242 2 875.807 201.397 40.334 95.1436 0.765867
000021 375 1242 2 949.568 200.9 44.1254 102.997 0.838687
000021 375 1242 2 902.978 198.731 41.1749 102.927 0.797565
000021 375 1242 2 50.7604 195.92 38.8651 82.6522 0.75921
000022 375 1242 2 920.407 208.36 46.0148 107.004 0.831203
000022 375 1242 2 968.509 208.582 44.921 97.5046 0.817059
000022 375 1242 2 29.1669 196.163 44.7255 94.0336 0.801045
000023 375 1242 2 940.349 213.061 45.9536 115.136 0.827271
000023 375 1242 2 998.995 213.514 51.7751 111.788 0.815069
000024 375 1242 2 969.253 215.872 47.9156 119.277 0.807103
000024 375 1242 2 1019.55 224.939 46.2036 114.18 0.804068
000024 375 1242 2 446.762 200.21 20.4178 49.2457 0.661077
000025 375 1242 2 1002.21 225.99 64.683 132.969 0.798823
000025 375 1242 2 1060.85 224.157 58.553 129.422 0.766177
000026 375 1242 2 1098.1 229.848 59.8308 133.947 0.871926
000026 375 1242 2 1033.76 228.686 68.2252 135.657 0.853883
000026 375 1242 2 442.734 200.114 21.0833 46.6223 0.617167
000027 375 1242 2 1161.43 230.086 75.8367 156.356 0.846681
000027 375 1242 2 1079.48 225.96 79.2554 162.175 0.830814
000027 375 1242 2 438.725 199.191 21.3898 44.7891 0.73505
000028 375 1242 2 1207.92 231.152 68.168 163.625 0.859241
000028 375 1242 2 1131.63 229.1 80.2634 189.146 0.850249
000028 375 1242 2 1015.72 230.169 22.7418 42.0333 0.765403
000028 375 1242 2 375.924 194.658 19.5901 40.5906 0.686776
000028 375 1242 2 428.825 198.606 19.9425 47.3465 0.676705
000029 375 1242 2 1194.39 236.009 90.4246 207.576 0.858378
000029 375 1242 2 370.356 195.067 21.1528 41.3666 0.743442
000029 375 1242 2 425.164 198.601 21.9577 48.5658 0.613711
000030 375 1242 2 424.875 207.004 25.0173 52.1078 0.730026
000030 375 1242 2 366.475 195.79 22.8096 44.8568 0.72935
000031 375 1242 2 357.976 198.118 22.5132 48.5053 0.750342
000031 375 1242 2 413.765 200.103 22.7097 55.6949 0.710254
000032 375 1242 2 346.296 196.678 22.3223 51.7184 0.720179
000032 375 1242 2 412.351 199.552 22.9001 55.1855 0.66793
000033 375 1242 2 402.606 198.492 24.4064 51.8837 0.771629
000033 375 1242 2 333.542 193.011 23.6376 50.1973 0.766861
000034 375 1242 2 328.01 192.27 24.3259 53.1721 0.740868
000034 375 1242 2 394.542 197.262 22.8258 55.3292 0.711538
000035 375 1242 2 386.11 197.803 23.0172 57.768 0.76268
000035 375 1242 2 316.698 192.484 24.6809 54.9629 0.728192
000036 375 1242 2 304.678 193.849 24.9302 59.1415 0.762036
000036 375 1242 2 379.829 199.475 23.3095 59.0205 0.723089
000037 375 1242 2 291.605 194.034 23.597 57.1585 0.793217
000037 375 1242 2 372.832 208.853 26.0057 60.5787 0.759449
000038 375 1242 2 276.547 198.273 25.28 65.3774 0.762697
000038 375 1242 2 361.664 206.7 27.6633 65.8388 0.717274
000039 375 1242 2 264.177 194.313 27.4609 67.7975 0.770527
000039 375 1242 2 353.122 206.221 27.8838 68.3488 0.750538
000039 375 1242 2 474.243 192.138 20.4288 46.9534 0.647036
000040 375 1242 2 245.369 195.199 33.7611 72.2802 0.828414
000040 375 1242 2 338.03 209.598 29.9 72.4755 0.794655
000040 375 1242 2 465.145 192.715 21.2191 48.4339 0.660614
000041 375 1242 2 228.146 194.517 32.3044 69.1238 0.808229
000041 375 1242 2 326.743 209.169 31.327 75.0584 0.799952
000041 375 1242 3 728.164 180.917 21.8792 57.1995 0.679659
000042 375 1242 2 312.232 213.308 31.3687 73.922 0.800943
000042 375 1242 2 211.273 202.006 31.2935 67.9243 0.775085
000043 375 1242 2 293.384 216.236 35.9359 83.8746 0.820989
000043 375 1242 2 190.295 204.736 33.2614 70.185 0.795471
000043 375 1242 2 450.916 195.082 20.9848 54.972 0.650609
000044 375 1242 2 173.734 204.081 35.3563 75.5368 0.818709
000044 375 1242 2 274.979 217.37 42.7923 89.9552 0.818269
000044 375 1242 2 529.68 181.212 17.1866 49.9775 0.653151
000045 375 1242 2 257.962 223.897 45.7998 98.8321 0.846456
000045 375 1242 2 145.758 203.326 36.6738 75.0594 0.820408
000045 375 1242 2 739.924 192.235 19.2341 50.6867 0.670922
000045 375 1242 2 443.76 196.33 20.731 61.2681 0.652834
000046 375 1242 2 228.378 226.147 47.8913 103.971 0.877524
000046 375 1242 2 125.965 208.748 41.5313 88.2334 0.862492
000046 375 1242 2 429.79 196.74 23.1069 59.1193 0.662997
000047 375 1242 2 209.891 228.545 53.9486 112.07 0.86837
000047 375 1242 2 96.6197 211.487 39.0786 90.6041 0.820134
000047 375 1242 2 1047.35 229.348 37.999 82.7944 0.752611
000048 375 1242 2 178.963 228.814 52.3319 122.233 0.814909
000048 375 1242 2 62.6049 211.025 44.2429 94.4914 0.805232
000048 375 1242 2 418.155 198.715 26.4166 70.3826 0.758608
000049 375 1242 2 148.72 230.068 65.9656 130.602 0.855604
000049 375 1242 2 29.6362 213.322 45.2335 113.03 0.722782
000049 375 1242 2 411.997 196.77 25.0115 68.6507 0.710505
000049 375 1242 3 1179.81 275.384 124.386 122.028 0.606705
000050 375 1242 2 113.091 238.016 67.5125 141.192 0.860658
000050 375 1242 2 403.515 200.664 25.6463 76.2534 0.72691
000050 375 1242 2 1161.38 244.57 44.551 89.965 0.681428
000050 375 1242 3 758.832 195.462 32.6105 53.544 0.753593
000051 375 1242 2 67.0122 243.837 78.0751 149.963 0.878944
000051 375 1242 2 397.788 199.538 25.3064 71.6624 0.602753
000051 375 1242 3 760.306 197.456 32.363 50.4643 0.635562
000052 375 1242 2 34.9582 245.767 69.9163 161.792 0.897594
000052 375 1242 2 384.871 204.814 25.991 81.6416 0.656888
000052 375 1242 3 759.307 196.771 40.7024 65.1175 0.608643
000053 375 1242 2 374.476 206.006 28.3728 76.2787 0.690913
000053 375 1242 2 195.429 208.495 32.7806 65.0512 0.668844
000053 375 1242 2 502.673 191.31 18.7988 46.5963 0.606284
000053 375 1242 3 761.6 196.399 33.6902 70.2822 0.62222
000054 375 1242 2 729.872 193.351 19.0674 53.5403 0.626437
000054 375 1242 2 496.879 192.345 17.9598 49.5042 0.610899
000054 375 1242 3 769.384 198.82 45.7631 68.6922 0.772877
000055 375 1242 2 350.427 209.52 31.8729 79.6505 0.816297
000055 375 1242 2 734.268 194.009 18.8252 52.7135 0.62522
000055 375 1242 3 774.572 199.558 40.3572 65.3381 0.843493
000056 375 1242 2 335.529 211.461 35.4981 90.5419 0.845176
000056 375 1242 2 421.759 196.007 25.9191 49.6129 0.737816
000056 375 1242 3 776.079 196.871 45.0308 73.2359 0.890433
000057 375 1242 2 318.072 211.173 36.1602 94.9422 0.861006
000057 375 1242 2 417.331 196.138 22.4236 48.2784 0.745969
000057 375 1242 2 485.672 193.459 20.2606 48.1226 0.726979
000057 375 1242 3 780.344 203.206 40.8806 77.1953 0.709195
000058 375 1242 2 303.398 211.47 36.6252 93.5416 0.863599
000058 375 1242 2 408.905 194.826 23.0074 56.3373 0.690629
000058 375 1242 2 476.589 193.513 19.3782 46.3874 0.663604
000058 375 1242 2 735.142 194.418 19.129 55.384 0.617125
000058 375 1242 3 786.634 199.824 42.7755 74.0884 0.851784
000059 375 1242 2 276.336 213.8 44.1792 99.6863 0.843259
000059 375 1242 2 401.672 192.795 23.9496 47.7656 0.719532
000059 375 1242 2 475.684 194.042 21.5078 47.8386 0.711719
000059 375 1242 2 732.842 195.463 19.8142 56.6395 0.602208
000059 375 1242 3 793.442 202.24 50.5934 66.2691 0.776271
000060 375 1242 2 258.587 213.83 42.7966 108.043 0.843993
000060 375 1242 2 469.046 196.214 23.6417 48.1592 0.785362
000060 375 1242 2 400.492 195.493 21.7051 50.7061 0.740581
000060 375 1242 2 734.275 194.776 19.0869 61.9856 0.68604
000060 375 1242 3 794.126 204.545 47.2758 82.5334 0.846924
000061 375 1242 2 239.895 217.712 50.2597 115.732 0.826256
000061 375 1242 2 463.758 196.092 24.5828 49.554 0.774738
000061 375 1242 2 872.371 202.18 29.1484 76.4285 0.75965
000061 375 1242 2 740.61 195.907 20.3318 59.4845 0.726668
000061 375 1242 2 386.482 198.611 25.278 51.7824 0.718067
000061 375 1242 3 802.336 205.175 51.4144 75.2097 0.886223
000062 375 1242 2 210.012 224.734 46.8758 109.092 0.834497
000062 375 1242 2 889.856 209.237 32.1251 82.6044 0.783071
000062 375 1242 2 739.671 196.085 20.7429 73.3276 0.730382
000062 375 1242 2 379.117 196.703 26.3647 55.1232 0.701116
000062 375 1242 2 456.013 198.664 24.9802 53.725 0.687261
000062 375 1242 3 807.374 208.96 52.1 86.7411 0.889177
000063 375 1242 2 178.907 223.305 61.4945 133.513 0.809973
000063 375 1242 2 370.484 196.273 25.1502 59.967 0.761506
000063 375 1242 2 446.788 197.302 22.9418 55.4097 0.748117
000063 375 1242 2 888.043 202.3 26.1595 74.0244 0.745756
000063 375 1242 2 743.383 198.591 20.5603 70.0911 0.693966
000063 375 1242 3 811.564 209.503 51.1963 88.7411 0.891468
000064 375 1242 2 145.474 225.778 66.5723 148.598 0.86973
000064 375 1242 2 438.728 196.081 24.3623 55.1104 0.753266
000064 375 1242 2 366.402 196.116 24.7687 57.7319 0.68669
000064 375 1242 2 891.326 204.105 31.4296 83.5847 0.685098
000064 375 1242 2 749.5 198.955 19.6879 72.0846 0.6474
000064 375 1242 3 822.373 212.148 55.0973 94.4099 0.920814
000065 375 1242 2 97.8636 227.192 70.1744 148.934 0.841909
000065 375 1242 2 355.549 197.159 29.8948 72.0611 0.800653
000065 375 1242 2 905.264 204.473 28.8115 78.7636 0.734653
000065 375 1242 2 431.984 195.237 23.3444 56.5589 0.706919
000065 375 1242 2 748.309 196.502 21.4237 79.8296 0.61821
000065 375 1242 3 827.132 211.303 57.8893 99.0769 0.870599
000066 375 1242 1 983.72 230.001 85.0622 40.6698 0.710335
000066 375 1242 2 63.9186 231.246 84.4117 172.528 0.871159
000066 375 1242 2 918.983 199.259 38.6047 92.2203 0.829249
000066 375 1242 2 341.496 196.572 32.858 69.3053 0.782524
000066 375 1242 2 751.503 194.692 24.4365 82.7118 0.738222
000066 375 1242 2 422.223 196.12 23.6896 56.9467 0.697776
000066 375 1242 3 840.656 212.174 67.6954 110.954 0.757984
000067 375 1242 2 34.8133 245.43 69.6266 165.078 0.902409
000067 375 1242 2 327.384 198.836 36.3083 70.4771 0.801326
000067 375 1242 2 922.929 203.285 34.6313 85.3585 0.800775
000067 375 1242 2 755.17 199.503 23.0908 77.4716 0.707628
000067 375 1242 3 852.216 205.974 69.6382 113.924 0.779981
000068 375 1242 2 939.355 208.463 37.0597 92.6033 0.821625
000068 375 1242 2 322.828 201.015 34.5739 72.5093 0.804775
000068 375 1242 2 761.17 199.374 24.5049 82.557 0.783621
000068 375 1242 2 1131.55 210.914 48.5569 119.195 0.783483
000068 375 1242 2 400.211 200.116 29.6828 73.1296 0.762502
000068 375 1242 2 202.806 208.599 27.8039 64.3691 0.62727
000068 375 1242 2 16.1002 217.497 32.2003 93.5038 0.607167
000068 375 1242 3 870.226 215.076 55.9486 110.787 0.82272
000069 375 1242 2 962.516 211.373 40.8436 98.3299 0.845267
000069 375 1242 2 309.497 201.894 32.9101 71.6469 0.790528
000069 375 1242 2 936.258 208.957 33.9507 93.3523 0.777206
000069 375 1242 2 1176.27 214.401 54.2837 118.413 0.763094
000069 375 1242 2 765.943 200.481 28.5396 86.6602 0.743538
000069 375 1242 2 94.9486 213.1 32.9115 67.8154 0.704715
000069 375 1242 2 1082.52 258.91 59.1152 93.6987 0.698129
000069 375 1242 2 800.29 204.483 27.9589 75.2347 0.691965
000069 375 1242 2 391.002 204.087 26.36 72.4255 0.602986
000069 375 1242 3 873.035 217.922 74.1071 120.397 0.823501
000069 375 1242 3 532.466 191.554 23.731 40.1915 0.654208
000070 375 1242 2 980.984 213.61 42.0167 104.774 0.810599
000070 375 1242 2 301.823 205.492 32.308 75.2894 0.803723
000070 375 1242 2 770.79 201.195 30.6261 81.5788 0.763425
000070 375 1242 2 376.641 207.363 27.2639 68.5176 0.727678
000070 375 1242 2 1208.13 214.016 45.835 107.944 0.724722
000070 375 1242 2 432.146 194.443 19.2439 44.0677 0.706221
000070 375 1242 2 804.456 207.917 30.6133 68.7788 0.686115
000070 375 1242 3 888.876 227.379 75.6378 125.061 0.827307
000071 375 1242 2 287.478 211.198 36.738 81.3017 0.847595
000071 375 1242 2 985.468 214.329 42.7638 105.258 0.792804
000071 375 1242 2 952.836 212.419 36.616 96.5345 0.781977
000071 375 1242 2 774.135 200.817 32.0283 87.7178 0.75815
000071 375 1242 2 367.355 208.134 30.8549 75.2475 0.749834
000071 375 1242 2 841.028 211.267 33.0233 80.9047 0.745904
000071 375 1242 2 1162.6 283.101 83.1885 139.796 0.704659
000071 375 1242 2 823.273 210.168 31.3285 75.2997 0.633219
000071 375 1242 2 789.641 200.208 27.225 80.5641 0.619084
000071 375 1242 3 907.926 230.797 77.8896 142.543 0.890121
000072 375 1242 2 273.469 211.735 37.3369 80.2343 0.835873
000072 375 1242 2 777.473 207.685 34.4542 92.2202 0.811237
000072 375 1242 2 851.245 214.006 33.0767 76.9087 0.791593
000072 375 1242 2 354.334 211.202 27.9735 75.9996 0.783874
000072 375 1242 2 1013.83 217.241 45.0714 111.787 0.757573
000072 375 1242 2 982.911 214.792 36.7711 99.8285 0.756858
000072 375 1242 2 17.2303 227.533 34.4605 80.8357 0.716012
000072 375 1242 2 1207.2 292.498 69.6003 158.553 0.715897
000072 375 1242 2 421.411 195.793 20.2878 45.8926 0.710878
000072 375 1242 2 820.782 211.829 31.0652 73.658 0.654505
000072 375 1242 2 951.524 212.903 30.8298 100.354 0.653521
000072 375 1242 2 806.45 201.909 27.8995 78.0109 0.614805
000072 375 1242 3 933.318 233.906 72.1312 154.706 0.799594
000072 375 1242 3 518.391 192.989 38.8085 46.3766 0.768159
000073 375 1242 2 256.943 211.044 37.4046 81.4371 0.864937
000073 375 1242 2 1032.47 225.599 45.7872 115.159 0.792458
000073 375 1242 2 335.699 215.195 29.7902 73.3115 0.791127
000073 375 1242 2 785.672 212.739 31.3167 95.7554 0.753578
000073 375 1242 2 857.657 218.89 31.6808 78.2362 0.626878
000073 375 1242 2 824.127 216.052 29.629 75.8653 0.61262
000073 375 1242 3 956.266 243.652 88.0149 164.936 0.842393
000073 375 1242 3 518.376 195.632 29.6033 46.9784 0.793911
000074 375 1242 2 243.548 210.061 34.4564 73.1301 0.820893
000074 375 1242 2 322.092 214.44 30.9518 80.3392 0.809672
000074 375 1242 2 789.575 199.273 32.7886 93.5044 0.743864
000074 375 1242 2 1049.86 217.706 40.6472 119.307 0.741639
000074 375 1242 2 208.776 213.427 35.3755 65.9835 0.669922
000074 375 1242 2 873.165 220.663 35.9933 76.1413 0.614744
000074 375 1242 3 987.807 245.377 105.689 178.361 0.88087
000074 375 1242 3 501.131 194.014 37.2789 48.9657 0.831885
000075 375 1242 2 226.651 214.983 41.847 88.3499 0.862817
000075 375 1242 2 305.781 214.934 33.678 87.8839 0.815568
000075 375 1242 2 1082.58 229.365 59.0513 138.896 0.774546
000075 375 1242 2 793.578 210.501 40.6144 106.539 0.773396
000075 375 1242 2 389.441 198.487 23.6057 44.1509 0.624672
000075 375 1242 3 1033.97 248.572 107.832 193.985 0.851675
000075 375 1242 3 500.368 196.258 34.0279 49.7746 0.831347
000076 375 1242 2 208.203 216.279 46.3261 93.0274 0.854735
000076 375 1242 2 290.423 212.468 38.3146 93.2215 0.783577
000076 375 1242 2 821.411 213.906 40.1511 105.449 0.740873
000076 375 1242 2 1115.19 232.438 68.0979 152.408 0.739911
000076 375 1242 2 19.6212 231.396 39.2425 94.1928 0.72463
000076 375 1242 2 387.752 197.486 23.4279 46.582 0.718091
000076 375 1242 3 483.596 194.735 35.1249 53.3195 0.806316
000076 375 1242 3 1081.49 250.27 96.5479 198.739 0.782902
000076 375 1242 3 607.207 190.823 33.0037 35.93 0.747725
000076 375 1242 3 503.25 194.962 29.1552 51.3553 0.747337
000077 375 1242 2 190.493 216.743 44.6516 97.4633 0.835901
000077 375 1242 2 261.877 214.193 42.4706 102.612 0.808091
000077 375 1242 2 809.745 216.476 45.3401 115.412 0.803025
000077 375 1242 2 1157.9 249.801 88.6812 214.493 0.704549
000077 375 1242 2 369.07 195.631 23.8361 44.8761 0.69412
000077 375 1242 3 484.561 196.339 40.7178 56.0377 0.810876
000077 375 1242 3 609.388 192.672 38.1091 37.765 0.796562
000077 375 1242 3 1130.65 252.969 102.708 220.839 0.634074
000078 375 1242 2 243.388 225.389 42.5182 99.6981 0.853042
000078 375 1242 2 164.304 222.739 47.0539 109.082 0.840939
000078 375 1242 2 1145.77 232.817 65.1213 161.785 0.807431
000078 375 1242 2 836.541 227.484 47.8087 134.147 0.77774
000078 375 1242 2 805.583 213.636 41.2671 95.7171 0.725887
000078 375 1242 2 361.126 200.156 23.575 47.783 0.679675
000078 375 1242 2 340.316 198.418 25.0169 47.7932 0.651098
000078 375 1242 2 610.891 195.1 20.9564 36.7331 0.63003
000078 375 1242 3 470.848 201.039 39.5715 61.608 0.793947
000078 375 1242 3 1171.35 252.453 141.29 245.094 0.687619
000079 375 1242 2 144.092 223.598 50.7501 103.718 0.87481
000079 375 1242 2 213.183 229.29 44.7746 103.178 0.81983
000079 375 1242 2 1193.37 235.379 63.647 155.344 0.816436
000079 375 1242 2 840.475 226.937 46.7079 131.27 0.811786
000079 375 1242 2 806.537 222.662 36.2721 98.5416 0.722233
000079 375 1242 2 357.279 201.827 23.1376 42.3614 0.633139
000079 375 1242 3 615.019 194.53 37.1215 38.4982 0.791351
000079 375 1242 3 466.394 206.037 42.7476 60.6067 0.774157
000080 375 1242 2 115.419 228.427 49.3658 107.651 0.866651
000080 375 1242 2 866.975 231.13 53.2727 155.044 0.849148
000080 375 1242 2 193.502 232.342 46.2046 105.955 0.820747
000080 375 1242 2 821.849 227.005 34.1942 100.182 0.678541
000080 375 1242 3 616.346 194.98 40.777 40.6774 0.844845
000080 375 1242 3 454.712 198.798 40.8425 62.7822 0.707891
000081 375 1242 2 884.964 244.031 58.947 172.766 0.857848
000081 375 1242 2 95.1098 232.205 53.7351 117.115 0.80762
000081 375 1242 2 160.668 238.075 46.8519 115.425 0.726785
000081 375 1242 2 840.596 229.023 35.2721 106.726 0.714193
000081 375 1242 2 227.292 206.897 30.1507 76.5074 0.669072
000081 375 1242 3 618.293 194.865 42.0857 42.1456 0.844223
000081 375 1242 3 450.694 206.632 44.928 65.0258 0.77283
000082 375 1242 1 469.713 188.376 69.6183 26.6713 0.642671
000082 375 1242 2 904.867 241.803 69.915 193.29 0.875071
000082 375 1242 2 65.2546 232.934 64.4364 140.095 0.854138
000082 375 1242 2 210.259 206.8 35.9853 71.233 0.715791
000082 375 1242 2 129.001 242.569 47.8058 119.773 0.714209
000082 375 1242 2 856.567 228.708 38.1575 120.526 0.608105
000082 375 1242 3 437.264 201.767 46.4133 67.5017 0.855456
000082 375 1242 3 618.505 194.162 42.5735 43.82 0.832451
000082 375 1242 3 804.461 196.139 34.8535 37.8857 0.734504
000083 375 1242 1 470.207 189.122 76.0524 26.7866 0.631514
000083 375 1242 2 46.6063 234.855 75.8669 138.306 0.859165
000083 375 1242 2 936.011 244.433 76.4464 218.58 0.833106
000083 375 1242 2 196.506 207.879 35.6248 74.0512 0.796301
000083 375 1242 2 873.858 246.155 35.6243 96.1677 0.691307
000083 375 1242 3 421.846 203.543 43.6152 72.1599 0.815442
000083 375 1242 3 808.365 195.845 41.36 39.6621 0.810644
000083 375 1242 3 626.679 191.616 45.4686 44.1828 0.803456
000084 375 1242 1 466.565 184.758 69.145 25.2794 0.636066
000084 375 1242 2 33.9444 246.851 67.8887 157.247 0.87993
000084 375 1242 2 968.537 265.836 89.6504 218.327 0.87016
000084 375 1242 2 178.658 207.561 38.3736 75.334 0.827208
000084 375 1242 2 886.716 255.791 39.7179 105.361 0.716689
000084 375 1242 3 417.219 204.47 50.1495 76.7091 0.833725
000084 375 1242 3 619.806 194.794 43.0765 40.6637 0.813418
000085 375 1242 1 455.822 189.717 76.719 29.9319 0.65394
000085 375 1242 2 159.224 211.992 33.9193 76.632 0.802652
000085 375 1242 2 1016.19 237.887 94.0922 213.592 0.802252
000085 375 1242 2 902.946 259.707 43.0944 113.532 0.790044
000085 375 1242 3 401.049 205.058 55.5456 76.3091 0.873434
000085 375 1242 3 626.994 194.757 44.3873 45.6971 0.818961
000085 375 1242 3 809.173 197.362 40.9011 38.6755 0.708045
000086 375 1242 2 132.017 214.084 36.9628 77.7519 0.805863
000086 375 1242 2 934.517 274.859 49.6576 117.799 0.794055
000086 375 1242 2 1069.01 240.627 190.238 231.121 0.733961
000086 375 1242 2 819.187 196.92 26.5222 44.6025 0.693656
000086 375 1242 2 878.711 193.908 18.4628 56.399 0.623123
000086 375 1242 3 385.213 207.283 62.5792 85.5761 0.849138
000086 375 1242 3 627.832 194.769 44.1947 45.9602 0.827734
000087 375 1242 1 453.083 186.028 78.0594 26.8111 0.683564
000087 375 1242 2 1016.81 277.42 67.7029 141.82 0.878308
000087 375 1242 2 112.701 216.23 37.3644 79.5811 0.828358
000087 375 1242 2 967.406 279.749 66.3685 142.349 0.80721
000087 375 1242 2 821.687 196.99 26.5787 46.4252 0.758727
000087 375 1242 2 1146.26 238.465 188.118 230.966 0.755363
000087 375 1242 2 931.655 194.465 22.8914 56.9087 0.687469
000087 375 1242 3 629.801 194.476 47.0399 44.5572 0.815434
000087 375 1242 3 369.468 210.879 68.1421 95.0715 0.812153
000088 375 1242 1 449.09 188.183 78.6526 30.8795 0.775303
000088 375 1242 2 1080.11 285.831 78.7717 140.209 0.81397
000088 375 1242 2 1015.16 296.912 86.6417 148.643 0.772918
000088 375 1242 2 969.547 211.533 44.6514 94.7849 0.766289
000088 375 1242 2 1205.96 248.367 54.21 253.023 0.749605
000088 375 1242 2 824.392 196.381 28.8036 42.6619 0.721154
000088 375 1242 2 940.251 195.354 21.9642 52.5284 0.703021
000088 375 1242 2 884.817 197.893 18.6312 54.2671 0.664853
000088 375 1242 3 632.544 193.444 49.1823 46.8763 0.81657
000088 375 1242 3 353.859 212.62 66.8015 101.27 0.7505
000089 375 1242 1 438.317 186.547 89.0921 30.6231 0.720856
000089 375 1242 2 48.965 214.64 42.4486 97.1843 0.819869
000089 375 1242 2 1146.19 295.468 84.6902 158.84 0.810836
000089 375 1242 2 891.577 197.331 22.436 57.8969 0.739353
000089 375 1242 3 634.911 194.509 48.0762 44.8807 0.828483
000089 375 1242 3 327.602 221.397 76.3369 110.25 0.751673
000089 375 1242 3 824.367 198.384 41.1963 37.2855 0.749562
000089 375 1242 3 357.563 210.455 48.0517 91.2185 0.711113
000090 375 1242 1 437.442 187.445 77.6723 29.4272 0.730412
000090 375 1242 2 19.7244 216.88 39.4488 105.979 0.782332
000090 375 1242 2 827.08 197.814 28.8322 44.5096 0.755235
000090 375 1242 2 895.832 195.839 21.6331 54.7126 0.659947
000090 375 1242 3 639.362 192.496 49.0282 48.9148 0.80972
000090 375 1242 3 343.384 211.934 42.5098 88.7976 0.789451
000090 375 1242 3 305.491 224.143 80.1207 118.524 0.699175
000091 375 1242 1 240.414 199.308 115.957 44.7859 0.804926
000091 375 1242 1 433.663 191.214 68.1283 30.5844 0.798521
000091 375 1242 2 839.894 198.826 26.8159 44.6808 0.731003
000091 375 1242 2 899.813 196.927 21.1553 59.9904 0.683176
000091 375 1242 3 642.403 192.763 49.0127 49.6007 0.825829
000091 375 1242 3 273.866 223.731 89.0995 128.241 0.778454
000091 375 1242 3 324.551 214.584 42.4814 94.252 0.745322
000091 375 1242 3 125.549 213.151 96.7038 85.8771 0.650102
000092 375 1242 1 420.907 194.831 87.6485 28.1729 0.793576
000092 375 1242 2 841.065 198.461 25.7111 44.2144 0.713117
000092 375 1242 2 908.637 200.873 27.5125 73.3235 0.712336
000092 375 1242 3 646.537 193.928 44.0718 59.293 0.809572
000093 375 1242 1 419.362 195.956 85.5416 27.2889 0.81162
000093 375 1242 2 1209.16 271.4 58.4568 140.194 0.813132
000093 375 1242 2 917.875 200.851 29.5438 71.0948 0.744779
000093 375 1242 2 844.187 198.775 25.8914 46.3784 0.691098
000093 375 1242 2 985.447 204.801 28.3008 70.5213 0.666842
000093 375 1242 3 646.808 196.309 43.9658 56.2866 0.824923
000093 375 1242 3 277.264 225.911 77.45 114.555 0.706421
000094 375 1242 1 405.504 196.772 83.2473 29.6396 0.802432
000094 375 1242 2 921.256 201.808 31.5087 71.811 0.774978
000094 375 1242 2 852.549 198.998 29.5986 47.7782 0.64825
000094 375 1242 2 997.288 203.743 32.3398 72.2288 0.638375
000094 375 1242 3 241.652 229.102 98.3929 127.92 0.825187
000094 375 1242 3 648.384 196.642 41.885 57.3356 0.821229
000094 375 1242 3 157.23 241.553 113.947 163.822 0.696818
000094 375 1242 3 57.0197 212.023 113.986 112.615 0.643791
000095 375 1242 1 404.219 197.991 81.132 29.7249 0.760042
000095 375 1242 2 929.585 202.711 27.0138 73.2448 0.725232
000095 375 1242 2 1004.14 203.754 31.1145 75.9291 0.713674
000095 375 1242 3 649.055 197.715 41.8213 54.1219 0.820867
000095 375 1242 3 206.775 233.01 104.729 132.526 0.818618
000095 375 1242 3 96.9976 245.817 185.125 193.739 0.815458
000096 375 1242 1 402.22 196.644 86.2571 28.2647 0.821794
000096 375 1242 2 1022.03 203.296 31.6028 80.3065 0.742961
000096 375 1242 2 939.545 204.386 28.1414 71.7242 0.714672
000096 375 1242 2 51.6731 256.873 103.346 210.785 0.690084
000096 375 1242 3 657.866 197.392 42.9313 63.8051 0.836217
000096 375 1242 3 159.258 241.728 134.044 134.232 0.814537
000096 375 1242 3 856.348 209.186 62.863 46.449 0.608455
000096 375 1242 3 77.3952 254.358 154.79 216.636 0.6001
000097 375 1242 1 389.144 198.238 88.8282 32.0119 0.801724
000097 375 1242 1 190.111 201.025 129.681 46.8539 0.667567
000097 375 1242 2 1036.84 206.382 36.4495 85.5771 0.801746
000097 375 1242 2 942.436 201.519 30.5205 69.9349 0.753497
000097 375 1242 3 659.096 199.938 43.9163 60.8245 0.854284
000097 375 1242 3 134.073 251.913 163.66 179.316 0.815521
000098 375 1242 1 387.702 197.735 85.3609 31.0192 0.814163
000098 375 1242 2 1053.52 207.315 36.3784 86.5605 0.828623
000098 375 1242 2 954.389 203.898 29.5187 74.0227 0.739477
000098 375 1242 2 306.618 192.633 24.2266 42.6424 0.720004
000098 375 1242 3 662.125 200.116 47.035 60.6276 0.868006
000098 375 1242 3 56.4683 258.165 112.937 174.435 0.718527
000099 375 1242 1 388.054 195.722 100.063 33.3956 0.828538
000099 375 1242 2 1077.63 207.386 40.8933 91.8419 0.839199
000099 375 1242 2 966.311 202.06 33.3772 75.6152 0.759431
000099 375 1242 2 297.654 195.452 26.3123 57.4999 0.673852
000099 375 1242 3 663.995 199.573 49.9852 59.8638 0.854888
000099 375 1242 3 41.8466 261.307 83.6931 181.401 0.662278
000100 375 1242 1 162.859 199.502 128.869 40.4566 0.842349
000100 375 1242 1 387.94 196.195 102.646 33.1614 0.826966
000100 375 1242 1 462.116 195.675 146.429 86.5093 0.618301
000100 375 1242 2 1095.95 209.682 43.7834 98.9748 0.814567
000100 375 1242 2 973.324 202.383 35.2668 82.649 0.753012
000100 375 1242 2 283.832 195.276 26.8684 46.9849 0.677387
000100 375 1242 3 672.13 197.588 42.5983 64.588 0.845523
000101 375 1242 1 372.3 195.009 98.9202 35.4164 0.858923
000101 375 1242 1 160.573 197.696 143.254 42.2516 0.801762
000101 375 1242 2 1113.67 210.538 45.8452 100.745 0.86084
000101 375 1242 2 985.709 204.603 36.3627 85.3104 0.816482
000101 375 1242 2 277.262 194.194 27.2969 55.122 0.67247
000101 375 1242 2 906.309 211.667 31.4252 65.7546 0.606561
000101 375 1242 3 672.964 199.165 41.4009 63.7555 0.849291
000102 375 1242 1 357.752 193.268 94.7831 34.3696 0.837302
000102 375 1242 1 130.162 197.556 134.613 41.1696 0.776527
000102 375 1242 2 1132.34 213.387 43.468 106.553 0.838998
000102 375 1242 2 997.814 203.036 33.4564 84.1534 0.755389
000102 375 1242 2 904.191 211.496 36.3445 65.0885 0.709553
000102 375 1242 2 263.427 192.942 27.0445 55.7203 0.650754
000102 375 1242 3 676.18 195.396 42.3246 65.2924 0.876836
000103 375 1242 1 356.52 192.73 99.6166 37.5256 0.838634
000103 375 1242 1 115.722 192.732 132.182 37.0201 0.636227
000103 375 1242 2 1162.44 211.931 49.4221 116.496 0.87234
000103 375 1242 2 1011.24 204.711 37.6254 91.1879 0.785223
000103 375 1242 2 246.906 188.666 30.3715 68.5152 0.695202
000103 375 1242 3 679.196 192.327 47.5652 66.1175 0.892423
000104 375 1242 1 355.33 193.196 119.609 40.7394 0.85591
000104 375 1242 2 1020.81 205.106 39.9536 93.9167 0.822881
000104 375 1242 2 1193.75 211.08 62.0212 126.237 0.795228
000104 375 1242 2 243.149 190.425 30.1181 64.217 0.703107
000104 375 1242 3 682.438 194.881 44.0508 66.7013 0.878842
000105 375 1242 1 327.377 198.657 103.024 35.2248 0.824174
000105 375 1242 2 1036.14 206.175 44.2524 95.4773 0.869332
000105 375 1242 2 1208.7 219.409 59.6423 130.817 0.759631
000105 375 1242 2 226.296 194.241 30.5145 66.8576 0.728432
000105 375 1242 3 683.614 197.65 47.2893 69.7201 0.880512
000106 375 1242 1 325.595 202.123 123.064 41.2723 0.843567
000106 375 1242 1 60.1652 214.076 120.33 48.4973 0.79607
000106 375 1242 2 1050.96 209.371 45.7373 98.1728 0.876553
000106 375 1242 2 211.36 197.163 34.6132 73.8904 0.761303
000106 375 1242 3 689.265 200.224 39.7168 69.6699 0.876946
000107 375 1242 1 323.772 202.907 124.324 41.3096 0.819527
000107 375 1242 2 1067.41 212.133 46.4937 100.627 0.866042
000107 375 1242 2 194.213 196.27 35.6186 72.9963 0.772407
000107 375 1242 3 691.533 200.307 41.7188 69.0178 0.887921
000108 375 1242 1 307.758 203.672 122.308 43.2105 0.832317
000108 375 1242 2 1083.09 212.116 46.0537 102.81 0.882587
000108 375 1242 2 177.792 192.999 36.0743 74.4689 0.777961
000108 375 1242 3 692.699 202.634 35.0847 71.5483 0.8417
000109 375 1242 1 322.553 201.551 114.949 48.1026 0.864295
000109 375 1242 2 1100.2 210.772 47.2686 102.726 0.862161
000109 375 1242 2 161.535 196.149 38.9521 79.3342 0.796806
000109 375 1242 3 696.558 197.516 36.2528 71.7217 0.889221
000110 375 1242 1 308.086 200.36 120.576 47.9738 0.82441
000110 375 1242 2 1126.93 214.182 52.1208 116.69 0.836801
000110 375 1242 2 133.1 197.626 36.1144 84.5256 0.807747
000110 375 1242 2 488.852 201.998 28.1012 74.9778 0.741929
000110 375 1242 3 697.612 201.167 36.5471 67.4221 0.806168
000111 375 1242 1 290.902 202.777 130.006 46.6778 0.85157
000111 375 1242 2 1143.8 219.753 65.0217 120.752 0.833955
000111 375 1242 2 115.378 196.842 37.5893 84.4352 0.807463
000111 375 1242 2 484.804 205.631 26.8364 66.156 0.725422
000111 375 1242 3 697.794 199.946 37.7767 65.7401 0.835923
000112 375 1242 1 274.632 203.945 127.997 46.5562 0.869845
000112 375 1242 2 1172.83 217.018 67.2356 122.081 0.805702
000112 375 1242 2 96.7111 197.518 42.531 88.6015 0.783229
000112 375 1242 2 476.793 210.926 22.4487 61.2516 0.699668
000112 375 1242 3 697.219 200.163 34.8339 67.4489 0.847513
000113 375 1242 1 242.38 207.476 129.628 45.0219 0.86148
000113 375 1242 2 1196.39 223.283 67.0496 138.779 0.839698
000113 375 1242 2 64.0336 197.386 46.0592 94.3689 0.809624
000113 375 1242 2 472.148 206.042 28.3793 70.9397 0.759065
000113 375 1242 3 699.117 199.416 35.1687 67.6154 0.838736
000114 375 1242 1 240.852 209.979 136.456 45.5903 0.860043
000114 375 1242 2 1213.07 226.681 57.853 145.419 0.850302
000114 375 1242 2 33.4847 199.942 50.0608 103.254 0.84856
000114 375 1242 2 464.881 214.797 27.5239 72.0181 0.796492
000114 375 1242 2 1064.63 244.374 48.3875 104.468 0.669562
000114 375 1242 2 1127.51 241.799 42.8438 91.1743 0.669121
000114 375 1242 3 700.499 200.16 33.6981 72.2677 0.850516
000115 375 1242 1 193.53 216.36 137.463 50.8538 0.875565
000115 375 1242 2 31.9408 208.367 56.2384 101.197 0.864434
000115 375 1242 2 462.956 215.74 29.3729 82.5341 0.804119
000115 375 1242 2 1215.57 232.227 52.8586 162.303 0.620146
000115 375 1242 3 701.528 204.589 34.1891 70.8589 0.793507
000116 375 1242 1 178.167 215.22 141.797 51.6181 0.84642
000116 375 1242 2 451.865 215.864 30.4816 81.1968 0.831138
000116 375 1242 2 1207.37 256.729 49.7795 116.139 0.727848
000116 375 1242 2 14.4266 196.386 28.8533 88.761 0.603732
000116 375 1242 3 700.014 200.202 29.7795 73.679 0.690588
000117 375 1242 1 146.86 213.565 141.661 52.0772 0.838194
000117 375 1242 2 448.22 214.245 33.3366 88.368 0.814037
000117 375 1242 2 1209.7 270.481 62.6353 158.264 0.704329
000117 375 1242 3 699.131 197.295 28.5889 74.8568 0.759967
000118 375 1242 2 432.295 213.495 34.6224 92.0459 0.863586
000118 375 1242 3 702.464 199.363 30.7793 73.7185 0.740837
000119 375 1242 2 422.746 216.159 36.0151 90.8042 0.801402
000119 375 1242 3 700.937 198.429 28.4689 78.9662 0.669277
000120 375 1242 2 407.394 225.163 37.7545 96.3789 0.828266
000121 375 1242 2 399.102 229.4 41.4041 99.2985 0.862067
000122 375 1242 2 383.351 231.684 44.0348 103.424 0.850155
000123 375 1242 2 367.751 235.197 50.0774 116.721 0.806905
000123 375 1242 3 696.159 209.492 26.6033 72.3966 0.695019
000124 375 1242 1 69.4553 165.387 102.151 204.959 0.707579
000124 375 1242 2 341.73 240.22 50.977 114.624 0.799796
000124 375 1242 3 691.113 207.561 29.8121 76.8051 0.711367
000125 375 1242 2 326.483 239.922 58.8543 138.15 0.808082
000125 375 1242 3 690.841 208.984 32.0917 72.8081 0.817435
000126 375 1242 2 305.729 248.636 62.1835 148.718 0.876298
000126 375 1242 3 691.953 205.618 34.1299 79.0766 0.765379
000127 375 1242 2 279.128 252.464 61.549 156.954 0.84186
000127 375 1242 3 690.745 201.802 36.0955 86.9094 0.813681
000128 375 1242 1 52.8029 263.899 105.606 206.598 0.839166
000128 375 1242 2 246.237 264.075 74.2189 168.343 0.830941
000128 375 1242 2 322.664 199.6 43.5598 90.9011 0.673425
000128 375 1242 3 688.351 206.755 31.5969 76.3049 0.782207
000129 375 1242 2 211.343 264.995 83.2241 178.213 0.861218
000129 375 1242 2 307.824 198.566 41.2083 88.0348 0.767199
000129 375 1242 3 686.707 209.403 31.629 77.7697 0.804095
000130 375 1242 2 175.209 273.93 93.9553 197.7 0.822934
000130 375 1242 2 289.186 199.725 50.2441 101.504 0.809387
000130 375 1242 3 686.486 208.921 35.8624 83.9279 0.710018
000131 375 1242 2 274.683 201.588 48.0052 100.071 0.801448
000131 375 1242 2 115.293 277.566 110.596 194.868 0.774657
000132 375 1242 2 74.4 278.873 148.8 192.255 0.748562
000132 375 1242 2 258.928 201.089 49.6722 98.4683 0.641886
000133 375 1242 3 684.07 214.15 30.5956 90.4037 0.674322
000134 375 1242 2 402.564 198.067 34.6964 81.9191 0.809032
000134 375 1242 3 682.188 213.71 30.6006 94.23 0.62115
000135 375 1242 2 389.788 195.755 38.8304 84.0706 0.767044
000135 375 1242 3 679.61 211.456 40.2939 95.2478 0.764625
000136 375 1242 2 373.878 199.48 36.8436 92.3743 0.820419
000136 375 1242 3 679.969 217.958 35.5156 89.8139 0.822275
000137 375 1242 2 372.295 198.065 32.132 88.6311 0.788937
000137 375 1242 2 273.188 229.119 29.0207 90.0442 0.603565
000137 375 1242 3 680.728 216.269 38.2772 96.9298 0.762572
000138 375 1242 3 679.976 216.22 35.9541 92.8061 0.816916
000139 375 1242 2 352.451 201.525 44.5685 108.17 0.643374
000139 375 1242 2 936.671 246.831 29.5664 92.806 0.604513
000139 375 1242 3 681.232 215.487 36.389 97.423 0.753581
000140 375 1242 2 937.202 246.401 23.2551 80.4319 0.609583
000140 375 1242 3 683.785 218.888 43.4594 96.8347 0.757813
000141 375 1242 3 688.401 216.44 40.2961 89.9149 0.838068
000142 375 1242 3 691.38 214.374 44.9116 91.3473 0.846648
000143 375 1242 1 1034.57 242.432 111.546 48.1504 0.625436
000143 375 1242 3 695.081 214.637 50.2263 95.4213 0.812151
000144 375 1242 2 1017.26 242.222 37.7321 88.847 0.689895
000144 375 1242 3 697.753 216.559 45.2351 94.9814 0.86031
000145 375 1242 3 704.613 214.446 46.1212 86.8214 0.861508
000146 375 1242 3 709.544 215.481 52.5679 99.391 0.882777
000147 375 1242 3 713.653 215.662 52.2413 96.2457 0.840486
000148 375 1242 3 725.058 216.869 55.4336 96.4742 0.858747
000149 375 1242 3 729.224 215.868 55.1892 99.9469 0.845747
000149 375 1242 3 1197.43 232.434 57.7998 49.7892 0.605996
000150 375 1242 3 742.589 212.339 62.2339 95.933 0.86736
000151 375 1242 3 756.312 210.296 59.2086 91.7788 0.861209
000152 375 1242 3 760.424 210.304 65.3562 94.7879 0.81179
000153 375 1242 3 772.862 210.205 62.6852 98.3206 0.836052
000154 375 1242 3 787.393 209.037 65.0392 96.7453 0.842295
000155 375 1242 2 842.344 197.31 21.7037 55.1585 0.622324
000155 375 1242 3 803.134 212.536 63.3568 98.9774 0.850016
000156 375 1242 3 820.334 210.124 80.4609 98.8397 0.848122
000157 375 1242 3 835.003 223.253 79.8491 107.263 0.861195
000158 375 1242 2 777.828 195.311 30.4304 67.0382 0.612616
000158 375 1242 3 843.693 212.962 79.9581 98.1315 0.85828
000159 375 1242 2 776.97 191.359 29.9395 64.8956 0.653045
000159 375 1242 3 860.781 212.418 90.2657 102.33 0.880617
000159 375 1242 3 237.72 230.481 40.4127 60.143 0.79593
000159 375 1242 3 29.9618 235.152 59.9236 144.973 0.702632
000160 375 1242 3 883.49 211.691 95.4048 104.888 0.886612
000161 375 1242 2 792.084 196.298 30.2603 68.2764 0.728441
000161 375 1242 3 901.722 218.934 89.5347 101.932 0.890071
000161 375 1242 3 205.407 228.121 40.097 62.4784 0.712523
000162 375 1242 2 868.756 207.119 30.0405 71.1467 0.610675
000162 375 1242 3 921.294 222.999 95.1451 111.355 0.90741
000162 375 1242 3 193.041 236.112 49.0228 62.8068 0.819878
000163 375 1242 1 1189.78 234.81 97.0085 120.303 0.736452
000163 375 1242 3 946.932 227.103 101.836 114.367 0.930786
000163 375 1242 3 176.352 232.675 54.1646 63.0344 0.823244
000164 375 1242 1 1197.17 236.923 87.5762 106.245 0.803896
000164 375 1242 3 159.263 243.893 56.6186 53.1995 0.84019
000164 375 1242 3 968.117 228.535 96.0117 127.069 0.83143
000165 375 1242 2 883.862 213.487 34.3945 70.3186 0.67095
000165 375 1242 3 989.55 224.608 100.554 122.967 0.872919
000166 375 1242 3 1017.77 219.379 104.733 124.551 0.812985
000166 375 1242 3 126.088 249.369 56.2124 60.6534 0.728668
000167 375 1242 3 1046.09 221.471 103.898 125.584 0.868984
000168 375 1242 3 1074.72 226.481 127.72 120.833 0.843919
000169 375 1242 3 1107.21 228.621 132.36 123.447 0.821629
000170 375 1242 3 1138.97 229.009 129.281 123.68 0.761187
000171 375 1242 3 1168.23 230.429 127.059 114.875 0.77217
000172 375 1242 3 1185.1 231.918 113.809 125.023 0.744669
000173 375 1242 3 1195.71 237.708 92.58 141.48 0.733085
000174 375 1242 3 1210.61 240.953 62.7816 101.098 0.649881
000179 375 1242 2 790.437 213.234 36.6394 92.161 0.767561
000188 375 1242 2 564.501 196.36 22.6816 52.8417 0.66873
000189 375 1242 2 564.914 197.202 20.7196 51.1426 0.614925
000193 375 1242 2 1217.68 85.3409 48.6426 170.682 0.612849
000197 375 1242 1 1177.44 133.232 129.129 93.9705 0.602141
000198 375 1242 1 1226.98 116.515 30.0488 128.895 0.607406
000199 375 1242 2 1035.11 237.0 40.9271 67.3106 0.667027
000200 375 1242 2 643.112 197.523 16.6879 49.3526 0.649619
000201 375 1242 2 1083.39 241.422 45.572 74.8898 0.668889
000201 375 1242 3 1094.67 244.421 101.263 80.5135 0.810198
000202 375 1242 2 1114.14 242.714 46.9656 79.9166 0.652585
000202 375 1242 3 1129.44 245.224 105.777 83.7185 0.740055
000203 375 1242 2 676.731 197.738 19.3324 52.0952 0.685637
000203 375 1242 2 1145.66 245.998 43.1279 79.7427 0.612184
000203 375 1242 3 1160.11 245.12 92.918 82.2163 0.698613
000204 375 1242 2 1180.06 255.709 59.8804 85.8371 0.801304
000205 375 1242 2 1212.41 257.397 59.1848 98.8591 0.829828
000206 375 1242 2 710.391 209.274 19.6453 52.1264 0.719941
000207 375 1242 2 717.814 209.861 19.3445 52.4014 0.659264
000208 375 1242 2 722.553 212.283 19.3914 51.747 0.734006
000209 375 1242 2 728.602 211.511 20.329 56.9067 0.71211
000209 375 1242 2 135.017 112.904 56.4635 166.931 0.670636
000210 375 1242 2 740.249 211.125 20.9902 53.3353 0.705842
000211 375 1242 2 744.836 211.45 21.726 54.2066 0.742052
000211 375 1242 2 100.478 96.1093 62.9606 151.628 0.664216
000212 375 1242 2 742.949 212.898 22.5452 53.3219 0.746062
000212 375 1242 2 1196.04 259.764 74.332 155.691 0.676746
000213 375 1242 2 33.9447 102.518 56.6809 192.682 0.753922
000213 375 1242 2 792.474 219.179 30.1414 75.1363 0.687731
000213 375 1242 2 748.141 212.467 24.1333 58.0185 0.687393
000214 375 1242 2 745.202 211.108 25.0721 68.4526 0.751605
000214 375 1242 2 805.537 218.7 36.3611 79.1897 0.729693
000215 375 1242 2 807.151 214.546 36.9766 81.5268 0.834192
000215 375 1242 2 749.007 208.662 26.3354 70.7087 0.734922
000216 375 1242 2 810.151 212.652 36.7692 82.8053 0.835696
000216 375 1242 2 755.771 208.362 30.5167 75.5688 0.77579
000217 375 1242 2 756.187 206.056 31.5177 78.9885 0.72255
000218 375 1242 2 759.882 204.994 38.1028 83.8319 0.84091
000218 375 1242 2 823.568 214.275 43.2772 100.639 0.675835
000219 375 1242 2 761.097 206.932 34.7208 82.8298 0.85397
000219 375 1242 2 826.243 213.051 46.7164 98.3619 0.831847
000220 375 1242 2 839.414 213.61 47.7722 106.499 0.840051
000220 375 1242 2 763.753 208.846 35.2686 87.0183 0.829627
000221 375 1242 2 772.205 212.131 39.9774 93.964 0.86489
000221 375 1242 2 840.669 214.778 51.5065 110.718 0.840912
000221 375 1242 2 625.183 191.93 18.6898 50.0861 0.669272
000222 375 1242 1 98.0263 240.056 181.845 81.9444 0.720694
000222 375 1242 2 774.994 213.138 37.9088 93.3706 0.867379
000222 375 1242 2 853.76 218.262 50.9663 122.562 0.734123
000222 375 1242 2 624.109 194.733 17.9777 49.422 0.622449
000223 375 1242 2 777.073 224.916 37.5365 100.641 0.854378
000223 375 1242 2 857.252 216.783 50.9813 114.975 0.78707
000224 375 1242 2 787.067 227.561 42.4863 107.047 0.852304
000224 375 1242 2 871.02 221.637 64.7114 131.438 0.803364
000225 375 1242 2 791.466 228.25 44.3853 110.622 0.855878
000225 375 1242 2 882.256 222.465 56.9025 145.313 0.751682
000226 375 1242 2 892.662 226.274 61.8918 160.614 0.782673
000226 375 1242 2 805.796 229.097 42.3043 118.336 0.769219
000227 375 1242 2 820.222 240.732 40.4242 124.118 0.801701
000227 375 1242 2 617.306 194.464 17.7454 47.9682 0.620642
000227 375 1242 2 916.436 234.946 91.5769 179.329 0.606328
000228 375 1242 2 932.214 240.265 87.6318 186.119 0.667256
000228 375 1242 2 821.929 233.183 43.5477 112.453 0.626901
000228 375 1242 3 811.839 238.473 79.1577 131.779 0.712767
000229 375 1242 2 849.76 260.302 57.8756 144.133 0.672358
000229 375 1242 2 785.321 195.17 21.0624 55.8402 0.658819
000229 375 1242 3 945.249 257.177 200.607 207.644 0.690163
000229 375 1242 3 827.631 247.668 86.0344 141.078 0.674295
000230 375 1242 2 855.632 245.295 38.4287 111.024 0.72346
000230 375 1242 2 785.466 195.706 18.7267 50.0865 0.666598
000230 375 1242 2 618.044 198.067 16.8646 48.5077 0.616747
000230 375 1242 3 973.867 254.974 214.517 212.408 0.779527
000231 375 1242 2 873.176 246.181 43.1637 125.247 0.784316
000231 375 1242 2 607.881 198.615 18.1438 49.8369 0.680278
000231 375 1242 2 783.015 194.391 19.9656 52.3818 0.642137
000231 375 1242 2 1012.66 248.161 106.961 197.659 0.641481
000231 375 1242 2 762.312 192.475 19.5636 47.9963 0.633232
000231 375 1242 3 988.768 257.454 207.928 226.373 0.788636
000232 375 1242 2 903.385 248.362 47.582 119.649 0.732631
000232 375 1242 2 785.233 195.053 20.1193 54.2298 0.692048
000232 375 1242 2 601.643 198.277 18.524 50.4944 0.630872
000232 375 1242 2 1045.79 250.624 125.286 200.236 0.604876
000232 375 1242 3 1026.82 254.39 212.626 233.823 0.834664
000233 375 1242 2 936.164 272.898 77.1384 161.033 0.802281
000233 375 1242 2 784.585 193.915 20.8555 54.3304 0.67574
000233 375 1242 2 601.674 198.464 19.0024 48.2725 0.640216
000233 375 1242 2 585.111 198.018 20.9739 49.4982 0.637998
000233 375 1242 2 1094.74 233.466 112.444 164.665 0.604097
000234 375 1242 2 1118.67 250.625 214.485 212.814 0.850794
000234 375 1242 2 966.019 279.245 84.3018 171.017 0.834363
000234 375 1242 2 788.434 195.66 21.584 52.602 0.739105
000234 375 1242 2 597.935 198.396 19.2235 49.6121 0.696607
000234 375 1242 2 567.408 198.74 22.8535 53.2718 0.68798
000234 375 1242 2 584.464 198.875 21.5446 50.6738 0.657341
000235 375 1242 2 1021.61 280.112 197.16 189.776 0.827626
000235 375 1242 2 1149.66 256.176 184.677 237.649 0.794599
000235 375 1242 2 591.245 205.805 21.6947 56.0164 0.705243
000235 375 1242 2 757.277 194.814 18.0061 49.5318 0.627976
000236 375 1242 2 1199.92 257.972 84.1593 234.057 0.819939
000236 375 1242 2 1082.55 278.948 203.002 192.104 0.760986
000236 375 1242 2 566.368 206.526 22.6973 53.6899 0.666727
000236 375 1242 2 584.152 200.307 20.6281 48.1386 0.648546
000236 375 1242 2 745.801 195.798 18.98 50.7231 0.635074
000237 375 1242 2 1151.96 278.278 180.089 193.444 0.85736
000237 375 1242 2 1080.13 211.866 48.1184 97.7268 0.806144
000237 375 1242 2 742.694 194.404 20.4136 51.7804 0.704174
000237 375 1242 2 762.975 194.882 20.0872 52.9839 0.700843
000237 375 1242 2 557.214 207.639 21.4647 60.4621 0.683471
000237 375 1242 2 583.708 200.329 20.1638 49.5942 0.62966
000238 375 1242 2 1096.09 210.558 50.2854 103.629 0.820823
000238 375 1242 2 575.093 199.494 20.0126 54.4241 0.693011
000238 375 1242 2 738.505 194.319 20.1483 50.4841 0.689825
000238 375 1242 2 763.121 194.594 19.864 50.5096 0.677877
000239 375 1242 2 1098.26 214.953 54.7375 96.3951 0.821769
000239 375 1242 2 761.166 193.91 22.7068 52.8484 0.726146
000239 375 1242 2 736.076 193.333 21.0847 53.6816 0.693836
000239 375 1242 2 546.924 200.56 22.8224 56.4971 0.67878
000240 375 1242 2 1114.04 213.812 52.978 106.457 0.78237
000240 375 1242 2 759.411 193.333 21.7516 57.1563 0.718077
000240 375 1242 2 532.12 205.175 24.9747 68.206 0.673455
000240 375 1242 2 738.887 192.675 20.9325 56.6606 0.670377
000241 375 1242 2 1144.39 214.495 51.1604 115.765 0.840351
000241 375 1242 2 528.349 208.61 23.9056 62.3787 0.709541
000241 375 1242 2 739.374 194.044 20.0924 54.2573 0.699654
000241 375 1242 2 752.372 194.662 20.5953 53.4469 0.664983
000241 375 1242 2 552.949 207.021 20.9259 59.2953 0.626734
000242 375 1242 2 1160.04 217.927 65.4312 128.408 0.803644
000242 375 1242 2 515.615 210.144 24.2598 63.9955 0.705481
000242 375 1242 2 546.335 207.617 20.3197 58.0907 0.703815
000242 375 1242 2 744.678 195.905 19.769 54.9384 0.700073
000242 375 1242 2 732.473 194.825 18.9357 54.7656 0.601038
000243 375 1242 2 1176.12 223.106 72.8928 141.771 0.807432
000243 375 1242 2 503.357 207.687 26.0831 71.6609 0.744526
000243 375 1242 2 742.407 196.168 19.9146 55.4913 0.719652
000243 375 1242 2 540.379 207.503 21.6582 59.2106 0.688499
000243 375 1242 2 728.551 195.129 18.7229 54.3734 0.664075
000244 375 1242 2 1209.34 225.188 62.3584 143.447 0.847146
000244 375 1242 2 498.177 208.536 29.4023 73.9445 0.750549
000244 375 1242 2 744.362 197.81 20.4988 52.5829 0.707157
000244 375 1242 2 535.061 200.308 22.1417 53.9962 0.695591
000244 375 1242 2 726.721 197.09 19.7363 52.992 0.690284
000245 375 1242 2 1209.0 226.871 61.3931 138.757 0.875664
000245 375 1242 2 482.217 210.498 33.4734 78.9646 0.77352
000245 375 1242 2 526.381 208.102 23.5494 58.022 0.758202
000245 375 1242 2 743.238 196.204 21.9775 54.6836 0.724323
000245 375 1242 2 723.378 196.143 21.1685 57.5499 0.713332
000246 375 1242 2 467.545 212.741 33.5094 85.4061 0.766386
000246 375 1242 2 738.639 196.513 22.3052 56.8199 0.743076
000246 375 1242 2 725.884 196.518 22.5513 58.8868 0.715484
000246 375 1242 2 484.302 209.729 30.9993 76.202 0.704134
000246 375 1242 2 520.583 204.76 25.5613 65.2578 0.673607
000246 375 1242 2 500.282 206.533 28.5614 69.5223 0.648558
000247 375 1242 2 451.72 214.701 37.5387 94.6933 0.791869
000247 375 1242 2 514.143 208.695 22.4874 59.4874 0.745465
000247 375 1242 2 724.747 197.546 22.4432 62.9783 0.726874
000247 375 1242 2 486.681 209.423 30.4682 75.369 0.685177
000248 375 1242 2 438.717 215.936 38.6176 97.2798 0.804679
000248 375 1242 2 483.005 208.191 30.5336 69.9426 0.705278
000248 375 1242 2 727.59 198.396 21.0383 61.5519 0.696268
000248 375 1242 2 506.691 208.467 24.4143 58.2703 0.693825
000249 375 1242 2 421.959 215.914 41.6403 105.363 0.817714
000249 375 1242 2 1067.35 247.002 33.8469 97.6447 0.77193
000249 375 1242 2 497.271 208.772 22.0342 62.5594 0.738084
000249 375 1242 2 470.185 210.628 31.0949 77.6747 0.72897
000249 375 1242 2 728.939 198.721 20.214 62.7862 0.648982
000249 375 1242 2 714.806 197.751 19.7426 62.111 0.627913
000250 375 1242 2 406.1 222.978 44.5297 106.112 0.817988
000250 375 1242 2 464.866 211.771 32.2974 77.2772 0.769708
000250 375 1242 2 735.915 204.297 27.0005 68.9216 0.738931
000250 375 1242 2 713.266 201.158 26.6036 67.0279 0.719325
000250 375 1242 2 490.255 209.174 27.0497 70.0971 0.708461
000251 375 1242 2 388.237 226.268 46.3123 113.286 0.810307
000251 375 1242 2 453.658 214.917 37.6732 90.7713 0.799856
000251 375 1242 2 484.04 215.022 30.85 75.183 0.751489
000251 375 1242 2 740.824 202.611 24.7373 68.2105 0.697962
000251 375 1242 2 714.159 202.903 23.9718 68.367 0.693803
000252 375 1242 2 372.897 228.673 48.8831 123.946 0.819464
000252 375 1242 2 479.201 216.354 29.5324 71.3907 0.786048
000252 375 1242 2 449.373 217.02 37.0046 86.215 0.770329
000252 375 1242 2 740.76 205.242 25.8667 69.326 0.767088
000252 375 1242 2 727.089 204.471 25.2445 69.6867 0.706753
000253 375 1242 2 435.649 223.264 36.1636 93.3432 0.79125
000253 375 1242 2 355.559 234.029 57.6191 129.957 0.784123
000253 375 1242 2 722.26 206.72 27.5493 73.3322 0.755282
000253 375 1242 2 746.01 207.529 26.4943 73.6002 0.750425
000253 375 1242 2 471.595 216.815 28.9912 68.2362 0.737101
000253 375 1242 2 453.794 216.794 29.1827 75.5569 0.664634
000254 375 1242 2 336.337 241.027 59.416 148.976 0.814815
000254 375 1242 2 424.753 218.354 42.1874 103.253 0.784488
000254 375 1242 2 467.111 217.464 30.2922 71.4544 0.759535
000254 375 1242 2 747.436 209.3 28.7467 75.434 0.751187
000254 375 1242 2 723.012 208.262 29.4518 77.2805 0.749197
000254 375 1242 2 369.194 214.173 36.9562 98.1893 0.738054
000255 375 1242 2 311.148 247.686 60.3392 165.357 0.847187
000255 375 1242 2 416.393 227.056 40.7798 114.09 0.835546
000255 375 1242 2 728.449 210.115 29.0859 85.6519 0.776622
000255 375 1242 2 354.844 226.783 35.0964 112.772 0.765272
000255 375 1242 2 465.341 218.972 30.8335 73.2431 0.748797
000255 375 1242 2 755.083 211.146 29.1851 84.939 0.746285
000256 375 1242 2 404.242 230.333 46.2242 120.275 0.854401
000256 375 1242 2 290.226 249.732 67.6642 166.981 0.840249
000256 375 1242 2 738.297 214.189 28.5326 85.8966 0.780838
000256 375 1242 2 352.782 226.009 39.6566 120.806 0.757163
000256 375 1242 2 452.914 215.247 33.2834 70.8922 0.750982
000256 375 1242 2 767.821 211.829 28.0481 83.5134 0.732394
000257 375 1242 2 260.314 262.617 71.6 184.744 0.838572
000257 375 1242 2 774.976 213.267 33.3413 92.7686 0.802901
000257 375 1242 2 388.527 241.486 43.823 123.739 0.80249
000257 375 1242 2 744.994 213.543 34.2517 96.2008 0.800596
000257 375 1242 2 338.977 230.575 39.4799 123.132 0.783605
000257 375 1242 2 450.758 217.252 34.4451 73.4814 0.777645
000258 375 1242 2 787.656 216.75 38.6042 97.2129 0.852435
000258 375 1242 2 754.02 215.533 35.6543 92.7499 0.7992
000258 375 1242 2 227.119 272.744 83.4408 201.274 0.79717
000258 375 1242 2 323.576 231.405 39.5728 128.831 0.787158
000258 375 1242 2 371.724 244.53 43.1208 133.979 0.779214
000258 375 1242 2 448.999 219.147 35.7038 75.8416 0.778201
000259 375 1242 2 804.74 214.518 43.9923 103.133 0.841057
000259 375 1242 2 401.138 228.988 37.8798 104.718 0.800514
000259 375 1242 2 769.431 213.728 40.3832 100.704 0.781151
000259 375 1242 2 438.636 215.887 31.7653 83.0159 0.78027
000259 375 1242 2 180.191 269.295 89.1238 211.411 0.768593
000259 375 1242 2 361.029 246.918 53.2701 143.63 0.764674
000259 375 1242 2 320.846 231.672 39.5686 123.144 0.755786
000259 375 1242 2 421.132 223.239 32.4872 91.4388 0.610034
000260 375 1242 2 778.503 213.598 38.6984 103.164 0.841605
000260 375 1242 2 342.643 247.219 63.1076 158.763 0.824356
000260 375 1242 2 819.644 215.176 42.0618 114.785 0.810799
000260 375 1242 2 398.793 229.431 35.5867 107.845 0.808535
000260 375 1242 2 437.977 215.799 29.0594 85.0591 0.78626
000260 375 1242 2 306.168 240.719 60.0958 157.192 0.783106
000260 375 1242 2 143.697 256.717 208.962 227.833 0.770373
000261 375 1242 2 794.513 213.361 44.8962 116.045 0.85484
000261 375 1242 2 336.11 259.783 69.0688 174.237 0.837911
000261 375 1242 2 437.388 216.725 33.168 91.0111 0.825971
000261 375 1242 2 390.519 230.053 38.9605 113.832 0.821331
000261 375 1242 2 838.414 215.672 47.423 125.327 0.818645
000261 375 1242 2 90.7234 257.341 181.447 231.018 0.763681
000261 375 1242 2 290.203 243.286 61.4758 166.231 0.714752
000262 375 1242 2 384.68 232.891 44.3832 124.979 0.867646
000262 375 1242 2 306.414 262.975 78.9164 185.649 0.853877
000262 375 1242 2 810.007 213.748 43.6147 117.549 0.849592
000262 375 1242 2 433.191 221.215 32.9849 88.8749 0.807683
000262 375 1242 2 274.066 210.292 45.1904 113.23 0.727462
000262 375 1242 2 855.077 217.225 47.2866 139.955 0.723645
000262 375 1242 2 585.074 194.332 17.663 47.3616 0.670418
000263 375 1242 2 374.383 235.218 46.4589 131.602 0.842654
000263 375 1242 2 274.54 271.824 94.2849 205.676 0.838847
000263 375 1242 2 432.61 221.339 32.2726 93.1522 0.803938
000263 375 1242 2 826.218 214.599 42.1527 116.113 0.766926
000263 375 1242 2 884.604 221.943 54.3431 141.85 0.68987
000263 375 1242 2 404.267 227.494 37.9388 107.52 0.608133
000264 375 1242 2 367.471 245.227 56.0878 139.493 0.845566
000264 375 1242 2 903.918 215.117 65.7181 125.038 0.830794
000264 375 1242 2 433.908 214.918 40.5928 94.056 0.786979
000264 375 1242 2 242.526 264.802 103.798 220.395 0.690733
000264 375 1242 2 593.035 194.821 16.3635 47.0745 0.689545
000265 375 1242 2 354.825 250.183 61.873 162.205 0.882409
000265 375 1242 2 421.966 225.559 44.7484 102.33 0.875539
000265 375 1242 2 937.139 226.326 64.1541 146.231 0.827816
000265 375 1242 2 887.06 229.364 61.408 146.892 0.791899
000265 375 1242 2 192.364 264.958 88.4443 220.084 0.763218
000265 375 1242 2 457.153 198.809 19.97 48.9982 0.615485
000266 375 1242 2 417.191 226.563 41.9106 101.242 0.861694
000266 375 1242 2 979.262 233.873 65.1013 156.8 0.859069
000266 375 1242 2 337.893 258.932 68.2355 172.919 0.85324
000266 375 1242 2 919.545 231.253 66.9308 160.735 0.834803
000266 375 1242 2 102.235 256.768 204.47 236.464 0.728066
000266 375 1242 2 453.985 198.497 18.8451 52.7532 0.693613
000266 375 1242 2 601.079 195.502 15.1221 47.9731 0.622625
000267 375 1242 2 406.949 226.478 44.391 109.165 0.859538
000267 375 1242 2 1015.08 234.984 84.302 176.057 0.845451
000267 375 1242 2 320.637 265.523 77.1354 182.625 0.83931
000267 375 1242 2 950.816 232.811 75.6328 175.869 0.817464
000267 375 1242 2 451.805 199.153 19.5293 54.6111 0.718051
000268 375 1242 2 403.091 228.715 44.772 115.866 0.873561
000268 375 1242 2 1064.21 234.635 99.0652 192.683 0.868299
000268 375 1242 2 289.495 266.572 84.948 198.259 0.856735
000268 375 1242 2 985.418 242.45 84.0105 199.673 0.852449
000268 375 1242 2 452.056 199.101 20.509 56.4736 0.688628
000268 375 1242 2 605.589 195.565 17.0319 49.1597 0.607498
000268 375 1242 3 82.0274 252.36 164.055 235.509 0.724888
000269 375 1242 2 1031.99 241.127 94.4866 217.802 0.866252
000269 375 1242 2 391.07 231.88 50.9972 120.065 0.838101
000269 375 1242 2 243.832 273.472 108.681 203.056 0.833796
000269 375 1242 2 1114.61 243.701 111.411 210.822 0.807688
000269 375 1242 2 972.254 194.972 32.7607 112.632 0.737693
000269 375 1242 2 451.961 198.866 20.9708 58.9001 0.69024
000270 375 1242 2 1082.42 245.879 109.185 247.47 0.863869
000270 375 1242 2 386.632 239.452 46.9166 124.958 0.830159
000270 375 1242 2 187.255 265.755 214.234 218.489 0.729124
000270 375 1242 2 438.571 198.222 20.8721 55.9615 0.668883
000270 375 1242 2 616.233 195.639 16.4902 49.8873 0.667879
000270 375 1242 2 455.039 198.969 20.7648 57.4025 0.650878
000271 375 1242 2 102.154 273.703 204.308 202.595 0.848861
000271 375 1242 2 1160.34 240.351 132.742 229.776 0.771007
000271 375 1242 2 378.071 240.442 57.4423 139.659 0.769287
000271 375 1242 2 454.156 207.613 21.5493 60.4327 0.6661
000271 375 1242 2 624.215 197.696 20.7128 54.257 0.656653
000271 375 1242 2 439.459 199.13 20.3357 55.9344 0.628775
000272 375 1242 2 368.786 241.24 58.0033 151.353 0.849174
000272 375 1242 2 457.572 208.933 21.4972 60.3369 0.647445
000272 375 1242 2 81.6608 288.825 163.322 172.35 0.637824
000272 375 1242 2 437.015 199.72 19.9874 56.278 0.624762
000272 375 1242 3 74.7251 290.367 149.45 169.267 0.852298
000273 375 1242 2 355.445 247.2 61.1864 156.163 0.892155
000273 375 1242 2 453.187 211.481 21.1199 61.9656 0.721264
000273 375 1242 2 632.172 207.123 20.8877 53.3728 0.714554
000273 375 1242 2 424.024 210.637 21.0652 62.364 0.620149
000273 375 1242 2 436.628 210.143 20.5153 58.8907 0.601987
000274 375 1242 2 341.748 250.684 67.853 164.429 0.864143
000274 375 1242 2 453.973 209.827 25.8994 67.3018 0.736267
000274 375 1242 2 436.198 208.241 23.824 68.1737 0.691676
000275 375 1242 2 326.574 262.351 70.7452 167.509 0.869507
000275 375 1242 2 450.912 214.373 24.967 67.3576 0.744209
000275 375 1242 2 530.698 198.802 14.9904 36.7035 0.647181
000276 375 1242 2 319.815 263.359 70.4814 174.463 0.848901
000276 375 1242 2 447.349 214.836 27.4577 70.7175 0.797573
000276 375 1242 2 644.631 209.29 20.9761 55.2817 0.764278
000276 375 1242 2 424.362 209.354 22.04 70.5592 0.630519
000277 375 1242 2 290.957 272.474 76.5528 202.375 0.898918
000277 375 1242 2 445.741 214.538 26.6257 71.9881 0.773601
000277 375 1242 2 532.295 198.546 17.0841 38.0568 0.729081
000277 375 1242 2 656.899 208.491 23.229 58.2517 0.724042
000277 375 1242 2 420.035 209.982 21.8239 73.8195 0.689603
000278 375 1242 2 270.162 269.233 87.7078 211.534 0.862526
000278 375 1242 2 445.13 211.66 28.2538 72.9259 0.757661
000278 375 1242 2 657.859 208.291 22.0469 61.346 0.714719
000278 375 1242 2 422.251 208.48 24.3586 74.1363 0.669775
000279 375 1242 2 240.705 271.336 108.286 207.327 0.836612
000279 375 1242 2 659.778 208.637 22.6399 59.7575 0.73151
000279 375 1242 2 439.339 212.451 27.5824 77.5633 0.72468
000279 375 1242 2 420.939 210.724 25.2014 77.3521 0.699308
000280 375 1242 2 206.932 273.479 110.865 203.041 0.789792
000280 375 1242 2 438.995 213.4 27.3367 82.5039 0.752588
000280 375 1242 2 663.755 207.693 23.3907 58.964 0.718148
000280 375 1242 2 421.986 210.724 24.2969 81.6656 0.667607
000281 375 1242 2 160.24 275.636 202.536 198.728 0.78449
000281 375 1242 2 436.275 215.038 32.4099 87.7453 0.760202
000281 375 1242 2 675.412 207.782 25.217 65.2685 0.73518
000281 375 1242 2 407.448 215.075 29.1368 90.2762 0.732271
000282 375 1242 2 677.277 207.162 27.3695 67.2449 0.771502
000282 375 1242 2 99.6174 276.049 193.617 197.901 0.767761
000282 375 1242 2 433.228 221.537 34.1427 88.5618 0.748259
000282 375 1242 2 540.759 198.434 15.0051 40.6805 0.607965
000283 375 1242 2 430.545 224.346 31.9316 87.5732 0.809318
000283 375 1242 2 1214.94 241.464 54.1254 153.516 0.79224
000283 375 1242 2 682.724 207.498 24.4823 71.8537 0.726827
000283 375 1242 2 74.9039 271.2 149.808 207.599 0.723271
000283 375 1242 2 392.008 218.903 31.0513 87.6389 0.719871
000283 375 1242 2 541.126 198.55 15.2522 43.1514 0.647756
000283 375 1242 3 493.656 199.26 27.2571 52.3986 0.79523
000284 375 1242 2 687.567 209.756 25.7684 70.8206 0.779089
000284 375 1242 2 387.871 222.431 35.4799 97.0614 0.769302
000284 375 1242 2 421.559 224.571 32.8906 95.4696 0.764879
000284 375 1242 2 544.401 197.105 16.1227 45.2686 0.700037
000284 375 1242 3 495.131 197.695 26.3171 50.8864 0.736781
000285 375 1242 2 416.557 225.926 35.1572 103.521 0.81504
000285 375 1242 2 697.215 211.324 25.1316 79.8675 0.798028
000285 375 1242 2 545.37 196.153 17.6918 45.6058 0.718971
000285 375 1242 2 385.953 224.272 36.3077 103.7 0.709258
000285 375 1242 3 494.327 198.756 26.7955 52.2741 0.7124
000286 375 1242 1 232.928 242.373 119.829 103.562 0.778429
000286 375 1242 2 404.046 227.739 37.2697 111.513 0.786523
000286 375 1242 2 705.22 213.658 29.6224 82.0891 0.785934
000286 375 1242 2 370.53 227.073 41.1729 112.942 0.769894
000286 375 1242 2 546.788 197.08 18.2373 47.7426 0.747576
000286 375 1242 3 487.12 207.75 28.399 55.1776 0.726289
000287 375 1242 2 712.561 216.408 28.0402 84.5784 0.809115
000287 375 1242 2 399.486 230.755 40.6116 121.226 0.767048
000287 375 1242 2 356.408 229.869 42.6266 123.314 0.733901
000287 375 1242 2 547.101 197.993 16.1035 44.7993 0.686913
000287 375 1242 3 486.905 208.112 33.1426 55.574 0.746762
000288 375 1242 2 720.598 213.223 32.3894 89.0764 0.793632
000288 375 1242 2 343.075 232.037 54.7872 138.417 0.769644
000288 375 1242 2 384.704 240.446 45.0768 131.85 0.732176
000288 375 1242 2 550.849 196.426 17.8917 47.4796 0.713967
000288 375 1242 3 484.106 207.344 35.851 65.0617 0.752291
000289 375 1242 2 725.801 215.717 32.4946 97.2238 0.801834
000289 375 1242 2 322.018 234.356 54.0757 145.609 0.772606
000289 375 1242 2 365.457 240.208 52.83 145.99 0.769803
000289 375 1242 2 549.531 196.517 18.9585 40.2556 0.707201
000289 375 1242 3 480.239 208.695 38.1228 66.8818 0.783305
000290 375 1242 2 303.195 242.871 59.9568 159.543 0.829941
000290 375 1242 2 351.029 242.448 56.1781 156.525 0.824407
000290 375 1242 2 737.741 215.129 38.2666 107.808 0.821595
000290 375 1242 2 551.422 195.608 22.0085 42.2653 0.776819
000290 375 1242 3 474.832 206.038 34.9032 63.0166 0.780317
000291 375 1242 2 276.937 246.502 65.4423 169.632 0.866663
000291 375 1242 2 744.632 217.845 43.4419 117.467 0.847424
000291 375 1242 2 327.414 248.654 61.2455 173.182 0.816818
000291 375 1242 2 551.419 195.501 17.9937 44.1447 0.716458
000291 375 1242 3 473.573 204.24 36.3041 62.4955 0.80318
000292 375 1242 2 758.909 217.425 49.1823 112.023 0.870877
000292 375 1242 2 304.928 258.659 68.3307 184.516 0.845234
000292 375 1242 2 256.049 250.224 71.5427 186.329 0.795064
000292 375 1242 2 548.235 196.122 17.7037 40.4999 0.721967
000292 375 1242 3 467.936 208.449 41.3737 63.0923 0.858788
000292 375 1242 3 510.913 198.077 21.8651 51.1916 0.617342
000293 375 1242 2 273.828 264.536 81.7522 208.918 0.854068
000293 375 1242 2 211.113 262.05 86.8646 203.091 0.842606
000293 375 1242 2 774.508 229.128 53.2574 116.971 0.755134
000293 375 1242 2 548.006 197.045 16.618 43.5075 0.699118
000293 375 1242 3 464.493 211.82 38.6324 68.1369 0.874999
000294 375 1242 2 239.045 265.837 98.7884 208.914 0.753781
000294 375 1242 2 176.141 258.983 107.345 232.035 0.745144
000294 375 1242 2 785.371 234.177 54.5267 133.913 0.725511
000294 375 1242 2 549.124 196.848 16.0447 43.4044 0.684728
000294 375 1242 2 505.326 197.55 20.111 56.9826 0.682148
000294 375 1242 2 753.03 195.695 23.6633 50.6161 0.638619
000294 375 1242 3 458.113 215.117 39.2147 69.7026 0.845979
000295 375 1242 2 802.682 233.002 58.5796 135.022 0.761283
000295 375 1242 2 761.266 194.789 24.5283 51.7697 0.737984
000295 375 1242 2 549.127 194.907 19.3601 42.0308 0.721311
000295 375 1242 2 177.843 266.489 102.592 212.944 0.696753
000295 375 1242 2 114.405 259.275 103.372 227.895 0.634616
000295 375 1242 3 455.654 213.611 41.2487 78.1908 0.895195
000296 375 1242 2 822.319 235.712 58.2173 153.813 0.895378
000296 375 1242 2 41.3854 261.509 82.7707 226.982 0.801115
000296 375 1242 2 546.745 194.91 21.7639 41.9807 0.728058
000296 375 1242 2 768.257 194.496 22.9415 54.5538 0.680189
000296 375 1242 3 450.284 213.087 50.9153 82.9404 0.892167
000296 375 1242 3 500.986 201.574 32.4096 69.5864 0.817279
000297 375 1242 2 843.932 245.427 62.4326 174.159 0.845342
000297 375 1242 2 776.3 194.19 22.7209 54.1144 0.755646
000297 375 1242 2 547.137 195.064 18.771 45.2421 0.731868
000297 375 1242 3 448.994 214.306 49.8608 95.904 0.876159
000297 375 1242 3 497.931 203.055 32.8976 69.8039 0.804817
000298 375 1242 2 872.437 249.451 63.396 178.826 0.861263
000298 375 1242 2 779.403 196.281 25.8776 55.6236 0.712915
000298 375 1242 3 435.296 215.249 51.2934 100.898 0.865216
000298 375 1242 3 493.925 202.761 31.9714 70.9801 0.774585
000298 375 1242 3 548.642 196.325 23.8949 44.0011 0.77176
000299 375 1242 2 904.059 258.66 76.5713 205.242 0.864234
000299 375 1242 2 547.97 195.896 21.8051 45.9084 0.732782
000299 375 1242 2 789.166 198.98 25.507 57.4408 0.723545
000299 375 1242 3 422.824 223.189 66.6939 123.175 0.877069
000299 375 1242 3 488.989 205.856 39.204 81.7202 0.874262
000300 375 1242 2 938.721 258.493 87.0734 211.083 0.823574
000300 375 1242 2 794.157 199.753 25.7432 67.067 0.711367
000300 375 1242 2 549.328 198.217 18.7086 44.726 0.693164
000300 375 1242 3 481.698 207.967 38.0215 84.4406 0.91341
000300 375 1242 3 407.93 227.542 64.4559 123.924 0.801247
000301 375 1242 2 987.94 250.933 92.0094 216.853 0.859522
000301 375 1242 2 803.434 205.591 30.282 71.0325 0.753936
000301 375 1242 2 536.43 198.571 18.3649 47.4226 0.650191
000301 375 1242 2 551.848 198.676 19.37 45.6032 0.638995
000301 375 1242 3 473.184 210.168 45.04 86.7797 0.906197
000301 375 1242 3 397.479 232.901 73.5877 135.424 0.840737
000302 375 1242 2 1065.17 238.127 103.195 211.308 0.820479
000302 375 1242 2 809.005 206.608 30.8406 70.6499 0.739508
000302 375 1242 2 532.523 198.88 18.7341 46.3669 0.671384
000302 375 1242 2 552.306 198.558 18.3291 44.7176 0.613071
000302 375 1242 3 466.574 212.291 46.6439 98.9883 0.935371
000302 375 1242 3 375.15 239.757 79.0112 134.242 0.895744
000303 375 1242 2 813.682 202.79 33.2279 67.0222 0.767917
000303 375 1242 2 532.102 199.237 20.6842 51.4757 0.699614
000303 375 1242 2 1150.22 254.567 183.564 236.08 0.679209
000303 375 1242 2 548.748 199.235 20.0836 50.6778 0.66898
000303 375 1242 3 357.166 241.722 90.8176 155.031 0.895628
000303 375 1242 3 454.29 214.71 49.5125 112.486 0.871326
000303 375 1242 3 1146.58 251.77 190.846 214.72 0.707824
000304 375 1242 2 826.49 201.453 32.1832 67.5642 0.765748
000304 375 1242 2 544.265 198.852 18.6047 50.2753 0.673439
000304 375 1242 2 533.388 199.356 20.7183 52.51 0.673191
000304 375 1242 2 521.996 197.648 19.6725 50.1807 0.62075
000304 375 1242 3 338.831 247.02 105.247 172.692 0.881621
000304 375 1242 3 443.096 218.802 60.1922 131.492 0.799458
000305 375 1242 2 837.934 202.192 32.9949 68.7547 0.791555
000305 375 1242 2 521.506 199.065 21.0142 50.1823 0.693808
000305 375 1242 2 541.296 199.759 20.5348 49.5461 0.662889
000305 375 1242 3 427.748 221.895 67.3909 134.675 0.871162
000305 375 1242 3 308.581 254.366 113.939 194.98 0.797663
000306 375 1242 2 843.636 202.64 36.9259 75.6096 0.817838
000306 375 1242 2 517.923 198.919 21.7467 50.6292 0.709158
000306 375 1242 2 537.99 199.723 20.1901 51.2989 0.626673
000306 375 1242 3 415.952 228.83 85.301 157.74 0.917332
000306 375 1242 3 275.662 251.518 173.38 222.701 0.663604
000307 375 1242 2 855.923 204.033 37.7931 81.3167 0.7896
000307 375 1242 2 518.711 198.503 22.523 53.7693 0.713087
000307 375 1242 2 536.147 199.123 22.5283 54.4474 0.667493
000307 375 1242 3 388.71 241.637 87.2327 175.878 0.90118
000307 375 1242 3 217.404 255.307 211.04 231.427 0.85174
000308 375 1242 2 869.884 202.332 38.5885 80.8454 0.802207
000308 375 1242 2 517.409 197.715 24.0245 54.1861 0.738909
000308 375 1242 2 537.232 198.385 22.631 54.4991 0.671685
000308 375 1242 3 358.195 248.612 92.9532 196.83 0.906676
000308 375 1242 3 163.495 265.171 221.644 219.659 0.867142
000309 375 1242 2 885.571 203.988 38.9048 82.0124 0.7757
000309 375 1242 2 513.273 208.506 22.0998 60.4898 0.686254
000309 375 1242 2 536.218 207.764 20.5398 58.2681 0.614826
000309 375 1242 3 325.442 250.469 101.911 208.757 0.817209
000309 375 1242 3 94.6969 273.146 189.394 203.708 0.734515
000310 375 1242 1 1150.82 228.015 173.311 75.6817 0.643383
000310 375 1242 2 899.707 207.524 40.1821 90.123 0.802694
000310 375 1242 2 288.862 243.671 109.043 230.34 0.67947
000310 375 1242 2 516.2 208.276 22.1643 62.8347 0.676896
000310 375 1242 2 534.472 208.025 20.8602 61.3328 0.662543
000310 375 1242 3 272.23 253.944 182.542 242.111 0.680713
000311 375 1242 2 917.452 211.19 39.702 91.3924 0.833979
000311 375 1242 2 214.052 239.608 205.018 231.594 0.747626
000311 375 1242 2 527.615 209.051 20.6097 64.6955 0.717731
000312 375 1242 1 338.14 233.55 95.9429 53.6522 0.691966
000312 375 1242 2 106.596 239.242 213.191 221.114 0.876134
000312 375 1242 2 934.594 212.603 44.4868 102.492 0.858664
000312 375 1242 2 504.868 205.656 26.0051 70.7974 0.714571
000312 375 1242 2 518.572 206.375 25.2292 71.0482 0.700122
000312 375 1242 2 669.492 194.195 19.4905 55.3748 0.602875
000312 375 1242 3 102.324 259.428 204.648 231.144 0.743125
000313 375 1242 2 951.171 212.123 46.1378 104.87 0.836193
000313 375 1242 2 525.893 205.002 26.952 69.1974 0.745356
000313 375 1242 2 501.425 205.618 26.5999 71.1424 0.741739
000313 375 1242 2 683.007 198.501 19.2511 54.6756 0.670506
000313 375 1242 2 719.428 197.435 15.6292 48.5525 0.608029
000314 375 1242 2 969.271 213.762 52.5153 109.858 0.791526
000314 375 1242 2 660.103 193.151 21.3357 52.7396 0.714145
000314 375 1242 2 500.529 204.668 27.157 69.2451 0.708183
000314 375 1242 2 681.224 193.992 20.6826 54.3008 0.662129
000314 375 1242 2 525.698 199.411 22.3374 55.2259 0.647482
000315 375 1242 2 1000.78 208.304 62.5499 127.092 0.806593
000315 375 1242 2 501.308 204.544 26.2868 71.1082 0.736836
000315 375 1242 2 516.851 203.151 26.6117 69.6443 0.721371
000315 375 1242 2 687.542 195.319 21.4353 57.0867 0.675732
000316 375 1242 2 1030.74 213.863 63.8457 128.246 0.81723
000316 375 1242 2 514.751 204.291 26.8057 69.1975 0.747896
000316 375 1242 2 689.815 193.097 22.1864 59.4363 0.681357
000316 375 1242 2 486.391 206.051 25.1635 72.8176 0.672447
000316 375 1242 2 665.821 183.25 21.9336 54.7529 0.625367
000317 375 1242 2 1061.72 220.554 66.6094 129.991 0.844575
000317 375 1242 2 485.161 208.174 28.0596 72.6067 0.789338
000317 375 1242 2 512.681 206.37 29.0321 71.4109 0.787068
000317 375 1242 2 1216.47 243.96 51.062 179.655 0.684343
000317 375 1242 2 692.889 194.208 20.4061 55.2781 0.680712
000317 375 1242 2 675.207 192.895 19.9945 54.2253 0.653798
000318 375 1242 2 1095.18 225.489 67.293 143.327 0.878657
000318 375 1242 2 512.442 207.405 33.3904 75.4232 0.825885
000318 375 1242 2 483.23 210.009 29.5013 76.3035 0.788736
000318 375 1242 2 693.726 197.431 22.0876 61.7872 0.706286
000318 375 1242 2 678.781 196.985 20.8328 57.9813 0.636468
000319 375 1242 2 1142.95 226.463 68.0752 145.359 0.833611
000319 375 1242 2 509.449 214.111 30.7293 79.4142 0.799277
000319 375 1242 2 473.426 212.385 29.4042 81.0261 0.787534
000319 375 1242 2 677.516 196.405 20.8646 56.0924 0.690662
000319 375 1242 2 702.904 198.322 22.4475 57.7942 0.674452
000320 375 1242 1 187.615 275.024 164.593 89.6025 0.629671
000320 375 1242 2 1192.24 238.719 76.8523 175.168 0.879998
000320 375 1242 2 501.165 217.62 33.3753 83.1184 0.832959
000320 375 1242 2 469.529 215.58 30.092 84.5933 0.813104
000320 375 1242 2 695.194 201.375 25.924 74.4937 0.69561
000320 375 1242 2 709.37 202.522 25.1774 71.9028 0.682214
000321 375 1242 2 497.413 217.19 32.2063 84.601 0.811138
000321 375 1242 2 465.521 216.555 30.9721 84.0786 0.747423
000321 375 1242 2 694.14 197.982 28.4594 71.2181 0.733639
000321 375 1242 2 710.724 200.563 28.9816 72.2024 0.705171
000322 375 1242 2 496.745 215.79 35.0578 96.1175 0.785625
000322 375 1242 2 455.436 212.63 32.3036 93.4507 0.784589
000322 375 1242 2 717.546 198.033 23.9512 74.0066 0.749074
000322 375 1242 2 695.686 193.35 24.9392 73.7549 0.619053
000323 375 1242 2 451.82 214.166 33.3815 96.2707 0.794176
000323 375 1242 2 496.665 216.011 33.9691 96.9115 0.792885
000323 375 1242 2 726.402 198.084 30.4052 80.4141 0.754919
000323 375 1242 2 695.95 195.137 28.8793 75.9861 0.730695
000323 375 1242 2 418.743 199.771 26.4092 74.3924 0.645572
000324 375 1242 2 481.08 222.558 35.9404 95.6411 0.841836
000324 375 1242 2 449.428 215.894 36.6663 95.5847 0.787202
000324 375 1242 2 729.18 201.621 27.0385 71.4687 0.658109
000324 375 1242 2 420.654 207.127 29.7817 80.5584 0.648672
000324 375 1242 2 708.194 201.67 26.6316 69.97 0.640796
000325 375 1242 2 479.386 226.825 40.6654 102.376 0.850679
000325 375 1242 2 440.407 223.443 41.2647 109.688 0.798281
000325 375 1242 2 745.437 202.562 30.4626 78.1031 0.767371
000325 375 1242 2 710.922 204.454 29.7521 79.6204 0.735007
000325 375 1242 2 403.043 208.157 31.5301 84.5561 0.681872
000326 375 1242 2 470.935 227.386 40.7211 103.993 0.850595
000326 375 1242 2 433.167 225.411 41.9166 105.886 0.835376
000326 375 1242 2 752.399 201.422 29.8641 76.4025 0.768827
000326 375 1242 2 393.192 208.275 32.5719 83.3152 0.745857
000326 375 1242 2 721.072 200.4 29.7018 76.4759 0.722716
000327 375 1242 2 464.851 232.089 44.3965 118.716 0.869522
000327 375 1242 2 421.997 228.518 41.8855 117.262 0.866184
000327 375 1242 2 726.422 201.669 31.6068 82.4399 0.805832
000327 375 1242 2 759.049 202.343 31.5635 82.1469 0.783779
000327 375 1242 2 387.43 211.43 30.959 78.5388 0.733124
000328 375 1242 2 416.597 229.122 44.1516 126.325 0.832244
000328 375 1242 2 770.427 202.291 31.4116 87.0144 0.794391
000328 375 1242 2 453.333 232.666 41.1967 124.364 0.790065
000328 375 1242 2 740.034 201.669 33.3298 85.2619 0.748221
000328 375 1242 2 386.55 213.283 34.9471 88.9747 0.707658
000328 375 1242 3 882.205 203.179 40.8307 64.7326 0.638265
000329 375 1242 1 504.745 191.421 35.8805 26.2244 0.64942
000329 375 1242 2 401.998 232.139 46.8207 136.254 0.820497
000329 375 1242 2 448.272 242.666 43.2591 129.823 0.806295
000329 375 1242 2 775.636 208.191 35.7026 92.6097 0.805879
000329 375 1242 2 739.542 200.839 37.677 87.831 0.803752
000329 375 1242 2 360.37 210.796 33.803 83.1509 0.728971
000329 375 1242 3 879.966 211.368 29.3022 60.0879 0.740674
000330 375 1242 2 745.137 201.437 38.4863 92.5419 0.847544
000330 375 1242 2 789.14 208.556 38.676 97.8848 0.82787
000330 375 1242 2 386.22 233.001 45.8968 137.73 0.809232
000330 375 1242 2 433.345 248.643 47.8497 146.933 0.780234
000330 375 1242 2 353.876 214.147 35.7684 89.6707 0.757965
000330 375 1242 3 901.814 203.418 41.5814 67.4816 0.666963
000331 375 1242 2 370.333 247.404 53.0771 159.095 0.848929
000331 375 1242 2 791.894 211.319 41.877 104.123 0.834339
000331 375 1242 2 747.813 201.79 37.9113 95.7252 0.798027
000331 375 1242 2 418.03 252.514 51.0873 148.654 0.785867
000331 375 1242 2 336.436 214.142 34.7853 89.5916 0.760612
000331 375 1242 3 898.459 211.577 37.0271 67.9972 0.791203
000331 375 1242 3 933.244 207.862 49.9431 75.0493 0.767897
000332 375 1242 1 488.068 196.139 32.2318 32.0753 0.748241
000332 375 1242 2 806.356 212.181 47.3521 108.756 0.865975
000332 375 1242 2 343.744 250.762 54.9504 171.63 0.838103
000332 375 1242 2 757.909 210.635 38.2593 105.546 0.788426
000332 375 1242 2 398.233 254.492 56.988 158.658 0.777789
000332 375 1242 2 319.688 215.162 34.4443 91.2899 0.713128
000332 375 1242 3 902.859 214.302 32.3691 67.2719 0.832366
000332 375 1242 3 937.498 208.114 46.6185 69.5452 0.752266
000332 375 1242 3 918.682 212.316 29.2966 55.3162 0.663131
000333 375 1242 1 499.58 192.784 46.8776 26.3617 0.720819
000333 375 1242 2 761.586 211.629 42.2952 112.239 0.857181
000333 375 1242 2 808.754 214.018 45.3884 113.391 0.851863
000333 375 1242 2 325.506 256.813 61.8895 179.812 0.81822
000333 375 1242 2 382.168 255.243 61.0328 165.844 0.789108
000333 375 1242 2 306.439 216.146 37.2373 100.977 0.622232
000333 375 1242 3 916.207 216.44 42.225 71.0453 0.837674
000333 375 1242 3 948.97 209.206 45.1864 70.7234 0.827392
000334 375 1242 1 498.451 191.091 47.0865 24.9114 0.705172
000334 375 1242 2 356.14 261.144 70.7449 182.125 0.846708
000334 375 1242 2 822.795 215.948 44.8582 123.866 0.846114
000334 375 1242 2 774.699 214.974 46.895 126.044 0.843998
000334 375 1242 2 306.823 260.353 68.0712 194.064 0.831916
000334 375 1242 3 921.81 218.122 36.405 78.6849 0.825678
000334 375 1242 3 954.245 212.442 32.7993 72.7773 0.752308
000335 375 1242 1 480.382 197.819 33.3727 28.3482 0.718523
000335 375 1242 2 337.933 261.536 66.9476 176.657 0.860907
000335 375 1242 2 839.072 221.532 54.0605 143.427 0.829441
000335 375 1242 2 779.304 215.948 47.5073 122.126 0.811293
000335 375 1242 2 276.695 260.893 69.5582 198.074 0.756286
000335 375 1242 2 260.21 216.163 32.6077 108.507 0.651008
000335 375 1242 3 933.712 222.637 43.8551 82.6343 0.830471
000335 375 1242 3 964.749 215.905 41.245 75.8029 0.797444
000336 375 1242 1 481.823 191.131 40.9615 28.4279 0.814504
000336 375 1242 2 857.41 219.702 56.4712 147.554 0.831712
000336 375 1242 2 792.126 216.069 49.3716 124.579 0.828111
000336 375 1242 2 307.034 272.5 73.9411 187.983 0.80297
000336 375 1242 2 258.059 261.182 67.8632 197.789 0.740196
000336 375 1242 3 979.089 213.822 43.6349 80.7801 0.847958
000336 375 1242 3 949.716 220.198 46.486 87.0993 0.798416
000337 375 1242 1 470.661 192.675 36.9346 29.4377 0.76434
000337 375 1242 2 806.972 220.168 57.0504 139.853 0.82675
000337 375 1242 2 275.128 274.837 82.4483 192.732 0.818813
000337 375 1242 2 875.29 215.438 57.7686 144.116 0.795469
000337 375 1242 2 211.364 273.008 82.1934 201.409 0.775201
000337 375 1242 2 226.283 214.059 54.2461 104.039 0.68672
000337 375 1242 3 993.652 213.545 38.8501 80.097 0.858731
000337 375 1242 3 957.5 225.19 37.5736 86.9407 0.759215
000338 375 1242 2 897.364 223.482 59.4247 160.807 0.826012
000338 375 1242 2 822.195 219.916 59.0652 146.246 0.802769
000338 375 1242 2 242.846 271.871 84.8865 206.258 0.786073
000338 375 1242 2 195.235 269.308 79.8481 205.052 0.7786
000338 375 1242 3 1067.53 215.12 48.5857 87.3541 0.818382
000338 375 1242 3 1003.97 217.408 45.8831 88.3973 0.812667
000338 375 1242 3 974.169 229.066 49.1636 105.653 0.701678
000339 375 1242 1 1096.45 200.001 128.035 47.4146 0.682711
000339 375 1242 1 455.459 190.572 34.2485 27.7021 0.679943
000339 375 1242 2 919.54 225.813 77.4067 172.339 0.820707
000339 375 1242 2 838.392 220.332 66.5839 157.558 0.816668
000339 375 1242 2 129.131 275.444 78.3937 191.374 0.814199
000339 375 1242 3 1015.09 225.061 66.9559 114.293 0.755102
