000003 370 1224 1 755.575 158.853 814.588 180.545 0.63345
000005 370 1224 1 769.968 155.947 821.224 181.31 0.94958
000006 370 1224 1 769.031 154.656 825.483 178.797 0.983296
000007 370 1224 1 770.974 152.639 831.86 178.341 0.834257
000010 370 1224 1 555.723 164.402 578.451 184.937 0.84654
000011 370 1224 1 554.398 163.226 576.314 182.509 0.651195
000012 370 1224 1 554.242 163.632 575.76 183.5 0.505845
000013 370 1224 1 551.485 165.09 575.727 185.711 0.84386
000014 370 1224 1 550.284 165.789 575.294 187.905 0.983132
000015 370 1224 1 549.702 166.908 573.184 187.187 0.97947
000016 370 1224 1 546.56 166.048 572.545 186.872 0.995174
000017 370 1224 1 545.588 165.962 570.484 186.97 0.996209
000018 370 1224 1 544.704 167.532 568.952 188.408 0.99821
000018 370 1224 1 820.359 147.719 882.71 178.964 0.875722
000019 370 1224 1 541.918 168.932 568.341 189.578 0.999085
000019 370 1224 1 825.02 149.391 912.812 179.865 0.98356
000020 370 1224 1 541.264 170.073 569.067 192.338 0.99844
000020 370 1224 1 832.095 148.8 917.385 180.526 0.995644
000021 370 1224 1 537.608 171.821 565.998 194.017 0.999612
000021 370 1224 1 833.464 149.146 936.992 180.483 0.998948
000022 370 1224 1 537.688 171.847 565.552 194.696 0.99955
000022 370 1224 1 845.694 149.18 939.16 181.587 0.998646
000023 370 1224 1 534.284 171.131 563.889 195.117 0.999896
000023 370 1224 1 845.001 146.597 959.075 179.886 0.998291
000024 370 1224 1 532.632 170.358 563.857 195.08 0.999598
000024 370 1224 1 858.949 147.347 970.86 180.586 0.998755
000025 370 1224 1 530.876 172.682 561.011 197.208 0.99983
000025 370 1224 1 866.108 145.683 986.052 183.706 0.995074
000026 370 1224 1 529.013 174.47 560.662 200.123 0.999941
000026 370 1224 1 882.152 147.62 989.301 187.239 0.997356
000027 370 1224 1 525.599 177.876 559.877 203.77 0.999958
000027 370 1224 1 891.724 150.297 998.699 189.78 0.98601
000028 370 1224 1 524.045 177.261 556.941 203.285 0.999924
000028 370 1224 1 894.44 150.426 1024.61 192.491 0.967169
000029 370 1224 1 521.032 174.239 555.727 203.832 0.999662
000029 370 1224 1 912.621 148.606 1044.47 189.955 0.994673
000029 370 1224 1 876.999 154.508 918.243 176.265 0.648995
000030 370 1224 1 518.556 175.721 556.083 203.548 0.999933
000030 370 1224 1 927.033 146.568 1062.93 191.774 0.983373
000030 370 1224 1 876.487 155.871 935.497 178.009 0.858146
000031 370 1224 1 516.312 174.862 553.059 204.897 0.999808
000031 370 1224 1 942.916 145.938 1083.93 191.419 0.995328
000031 370 1224 1 885.498 154.665 947.113 175.26 0.950909
000032 370 1224 1 513.786 175.362 551.958 204.863 0.99954
000032 370 1224 1 954.333 141.945 1111.42 191.105 0.99803
000032 370 1224 1 880.885 151.533 956.277 175.664 0.92222
000033 370 1224 1 511.085 173.323 548.731 205.765 0.999847
000033 370 1224 1 972.786 141.748 1140.49 190.764 0.995514
000033 370 1224 1 894.215 150.753 962.74 175.321 0.993168
000034 370 1224 1 507.394 175.881 546.815 207.579 0.999865
000034 370 1224 1 900.923 152.325 975.4 175.925 0.989686
000034 370 1224 1 988.42 139.978 1160.78 194.798 0.98879
000035 370 1224 1 503.075 174.92 546.349 208.199 0.999913
000035 370 1224 1 1009.51 138.751 1201.21 197.735 0.990432
000035 370 1224 1 911.714 152.494 978.167 176.397 0.988235
000036 370 1224 1 499.842 173.388 545.422 209.831 0.999947
000036 370 1224 1 1037.25 136.062 1222.89 196.467 0.894652
000036 370 1224 1 844.305 158.098 909.802 176.508 0.87472
000036 370 1224 1 914.708 151.764 960.333 177.731 0.557541
000037 370 1224 1 496.363 173.951 545.017 210.145 0.998986
000037 370 1224 1 1076.44 132.842 1224.0 198.675 0.896873
000037 370 1224 1 921.085 150.929 959.236 176.473 0.723368
000037 370 1224 1 849.74 156.796 916.945 177.904 0.709168
000038 370 1224 1 493.212 174.462 543.638 211.626 0.999871
000038 370 1224 1 930.577 148.538 999.444 178.834 0.638924
000038 370 1224 1 858.154 155.369 919.639 179.784 0.513513
000039 370 1224 1 488.227 172.264 542.071 211.558 0.999886
000039 370 1224 1 862.984 158.152 936.358 176.757 0.941478
000039 370 1224 1 932.228 148.013 997.381 177.829 0.784161
000040 370 1224 1 487.143 175.167 538.089 214.776 0.999935
000040 370 1224 1 869.382 159.202 944.542 181.351 0.993617
000041 370 1224 1 481.031 175.536 537.634 217.791 0.999987
000041 370 1224 1 877.281 159.213 953.068 180.429 0.99175
000041 370 1224 1 953.379 148.787 1035.86 178.631 0.93881
000042 370 1224 1 478.585 174.392 536.253 219.937 0.999962
000042 370 1224 1 883.869 161.274 960.078 182.702 0.99757
000042 370 1224 1 957.592 147.571 1058.06 185.877 0.994284
000043 370 1224 1 473.05 174.647 533.22 218.008 0.999998
000043 370 1224 1 965.578 149.656 1060.73 182.074 0.997417
000043 370 1224 1 893.44 160.746 974.732 181.305 0.996654
000043 370 1224 1 1056.1 146.875 1135.65 173.997 0.719208
000044 370 1224 1 468.625 171.94 530.732 219.808 0.999998
000044 370 1224 1 899.029 159.256 980.068 183.696 0.999145
000044 370 1224 1 977.743 150.275 1075.62 182.144 0.981568
000045 370 1224 1 465.298 171.248 531.26 220.468 0.999992
000045 370 1224 1 989.747 149.268 1086.22 181.785 0.999606
000045 370 1224 1 906.909 157.875 988.443 182.338 0.999408
000046 370 1224 1 458.848 173.345 529.233 224.593 1.0
000046 370 1224 1 996.602 150.103 1102.09 182.196 0.998976
000046 370 1224 1 919.773 161.946 995.327 185.314 0.998877
000047 370 1224 1 450.561 172.754 525.488 227.091 1.0
000047 370 1224 1 924.215 160.945 1009.37 184.929 0.997841
000047 370 1224 1 1003.77 150.299 1116.94 184.112 0.996792
000048 370 1224 1 445.07 172.651 523.489 229.919 1.0
000048 370 1224 1 1023.67 147.524 1127.74 183.214 0.999066
000048 370 1224 1 933.117 158.735 1020.03 186.699 0.997788
000048 370 1224 1 1111.67 144.448 1194.58 175.717 0.670847
000049 370 1224 1 439.588 171.089 522.13 228.865 1.0
000049 370 1224 1 942.075 158.924 1031.06 184.685 0.998018
000049 370 1224 1 1028.76 145.31 1136.64 182.63 0.98101
000050 370 1224 1 433.604 172.032 519.598 232.93 1.0
000050 370 1224 1 1038.14 145.768 1148.22 181.91 0.99787
000050 370 1224 1 952.166 158.609 1039.07 186.091 0.99784
000050 370 1224 1 1121.58 144.308 1211.93 174.336 0.534427
000051 370 1224 1 425.35 173.122 515.452 238.152 1.0
000051 370 1224 1 963.45 157.862 1053.39 186.687 0.997886
000051 370 1224 1 1047.57 147.186 1165.02 184.59 0.997624
000052 370 1224 1 417.723 178.168 513.025 244.312 1.0
000052 370 1224 1 969.14 158.532 1067.43 185.615 0.997038
000052 370 1224 1 1067.38 146.384 1176.32 184.695 0.992673
000053 370 1224 1 406.92 177.07 509.84 249.126 1.0
000053 370 1224 1 1075.52 146.801 1191.25 186.53 0.993945
000053 370 1224 1 980.083 158.72 1081.41 187.315 0.991441
000054 370 1224 1 393.616 177.69 509.985 253.942 1.0
000054 370 1224 1 993.432 157.89 1091.78 188.909 0.99204
000054 370 1224 1 1076.65 146.285 1208.45 185.179 0.991506
000055 370 1224 1 386.687 176.843 504.298 259.874 1.0
000055 370 1224 1 1004.33 156.214 1097.62 189.572 0.995117
000055 370 1224 1 1091.58 144.983 1224.0 185.666 0.961719
000055 370 1224 1 477.55 170.69 501.803 191.306 0.785404
000056 370 1224 1 373.679 180.274 499.242 261.591 1.0
000056 370 1224 1 1023.2 153.906 1109.19 188.406 0.965153
000056 370 1224 1 1104.38 140.627 1221.23 185.318 0.963042
000056 370 1224 1 477.523 169.775 502.68 191.766 0.947514
000057 370 1224 1 360.092 179.61 494.781 267.683 1.0
000057 370 1224 1 474.635 170.618 500.66 191.114 0.946972
000057 370 1224 1 1117.33 140.955 1224.0 184.508 0.874745
000058 370 1224 1 345.968 176.935 493.779 273.643 1.0
000058 370 1224 1 474.4 170.188 499.339 191.641 0.99172
000058 370 1224 1 1124.65 142.736 1224.0 184.786 0.96988
000059 370 1224 1 329.665 178.477 490.52 282.486 1.0
000059 370 1224 1 472.924 169.753 499.031 190.738 0.995391
000059 370 1224 1 1124.83 142.614 1224.0 182.511 0.85859
000059 370 1224 1 1049.92 155.615 1145.4 188.675 0.852389
000060 370 1224 1 307.856 178.41 485.725 291.066 1.0
000060 370 1224 1 471.821 169.97 498.267 191.516 0.996605
000060 370 1224 1 1062.52 156.402 1158.44 189.674 0.996279
000061 370 1224 1 291.672 177.428 480.633 299.299 0.999999
000061 370 1224 1 470.423 169.413 496.743 191.498 0.99893
000061 370 1224 1 1067.39 152.5 1182.35 187.859 0.954539
000062 370 1224 1 276.728 177.339 466.128 305.595 0.999999
000062 370 1224 1 467.924 168.105 495.715 191.034 0.995123
000063 370 1224 1 265.369 177.652 464.219 314.102 0.999999
000063 370 1224 1 466.975 169.271 494.498 191.263 0.992812
000064 370 1224 1 233.167 177.231 457.236 326.19 0.999998
000064 370 1224 1 466.299 168.367 493.915 191.334 0.999526
000064 370 1224 1 1092.01 153.937 1205.77 189.777 0.748079
000065 370 1224 1 219.733 179.106 446.536 335.087 0.999998
000065 370 1224 1 465.533 169.695 493.481 192.322 0.99955
000065 370 1224 1 1100.95 153.226 1200.78 191.936 0.915424
000066 370 1224 1 187.31 178.994 439.303 347.072 0.999992
000066 370 1224 1 463.792 169.672 492.185 193.014 0.99938
000066 370 1224 1 1111.04 150.096 1224.0 192.121 0.813291
000067 370 1224 1 163.078 179.713 434.237 355.854 0.999964
000067 370 1224 1 461.833 171.571 492.114 193.117 0.99947
000068 370 1224 1 113.917 180.379 435.825 370.0 0.999968
000068 370 1224 1 461.635 172.0 491.177 193.386 0.999542
000069 370 1224 1 79.2046 183.674 425.682 370.0 0.999944
000069 370 1224 1 460.781 171.447 490.232 193.884 0.999638
000070 370 1224 1 43.8382 188.459 420.66 370.0 0.999985
000070 370 1224 1 458.771 171.347 490.679 193.297 0.999876
000071 370 1224 1 13.207 191.452 416.997 370.0 0.999991
000071 370 1224 1 459.22 172.032 490.132 193.977 0.999825
000072 370 1224 1 0.0 192.64 424.095 370.0 0.999951
000072 370 1224 1 457.023 171.663 488.989 194.067 0.999848
000073 370 1224 1 0.0 193.545 424.304 370.0 0.999585
000073 370 1224 1 456.36 170.765 485.525 194.051 0.999241
000074 370 1224 1 457.0 170.289 486.11 194.092 0.999694
000074 370 1224 1 0.0 195.952 423.771 370.0 0.994276
000075 370 1224 1 454.466 169.84 485.993 193.298 0.999484
000075 370 1224 1 0.0 194.211 403.874 370.0 0.979586
000076 370 1224 1 455.863 171.125 483.578 194.076 0.985638
000076 370 1224 1 0.0 199.025 431.17 364.982 0.80135
000077 370 1224 1 0.0 200.267 402.972 366.786 0.728258
000077 370 1224 1 444.223 168.749 483.665 193.331 0.649689
000078 370 1224 1 0.0 205.522 356.074 362.355 0.520272
000080 370 1224 1 450.418 170.395 487.687 196.666 0.944648
000080 370 1224 1 0.0 214.091 367.146 356.649 0.617504
000081 370 1224 1 450.153 170.139 486.101 195.791 0.999249
000081 370 1224 1 0.0 214.541 351.793 364.063 0.747383
000082 370 1224 1 449.571 169.799 481.529 195.175 0.999478
000083 370 1224 1 449.216 170.142 483.605 193.552 0.999926
000084 370 1224 1 449.653 170.232 482.935 194.724 0.999923
000084 370 1224 1 1157.14 140.983 1224.0 186.809 0.658481
000085 370 1224 1 449.602 171.162 482.608 195.02 0.999811
000085 370 1224 1 1144.75 141.898 1224.0 187.216 0.889686
000086 370 1224 1 449.428 170.793 482.342 195.191 0.999885
000086 370 1224 1 1126.69 146.69 1224.0 190.198 0.797818
000087 370 1224 1 448.322 170.815 481.919 195.587 0.999907
000087 370 1224 1 1113.72 145.979 1224.0 186.902 0.682395
000088 370 1224 1 447.712 171.07 481.585 195.6 0.99991
000088 370 1224 1 1100.86 148.285 1211.27 188.237 0.98922
000089 370 1224 1 447.542 170.995 481.481 195.41 0.999907
000089 370 1224 1 1090.4 147.773 1205.19 189.978 0.995633
000090 370 1224 1 447.736 171.011 480.906 195.516 0.999893
000090 370 1224 1 1066.35 149.866 1212.45 191.786 0.981543
000091 370 1224 1 447.642 171.134 481.093 195.444 0.999899
000091 370 1224 1 1059.58 150.396 1193.33 191.352 0.994673
000092 370 1224 1 447.346 170.954 481.394 195.326 0.999906
000092 370 1224 1 1046.93 148.35 1162.79 190.536 0.967593
000093 370 1224 1 448.599 172.023 481.904 196.088 0.999872
000093 370 1224 1 1021.6 152.309 1161.59 194.63 0.998844
000094 370 1224 1 448.669 173.691 482.517 198.688 0.999899
000094 370 1224 1 1022.32 153.916 1141.31 195.413 0.984264
000095 370 1224 1 448.373 174.443 482.31 199.373 0.99972
000095 370 1224 1 1010.18 155.573 1121.07 195.613 0.985951
000096 370 1224 1 448.379 174.234 482.209 198.774 0.999803
000097 370 1224 1 448.752 173.7 482.603 198.692 0.999893
000098 370 1224 1 448.698 174.063 482.517 198.503 0.999887
000098 370 1224 1 941.282 159.766 1074.43 197.325 0.972163
000099 370 1224 1 449.172 173.992 482.555 198.513 0.9999
000099 370 1224 1 940.159 159.994 1039.1 195.328 0.893253
000100 370 1224 1 448.577 174.309 482.298 198.501 0.99986
000101 370 1224 1 448.946 173.959 482.537 198.449 0.999909
000101 370 1224 1 893.394 159.276 1007.43 200.482 0.999806
000102 370 1224 1 448.974 174.186 482.578 198.588 0.999894
000102 370 1224 1 873.505 160.074 996.674 199.333 0.999072
000103 370 1224 1 858.749 160.982 973.789 200.895 0.999874
000103 370 1224 1 448.635 174.22 482.493 198.519 0.999857
000104 370 1224 1 842.21 162.31 953.153 200.463 0.999935
000104 370 1224 1 448.898 174.197 482.439 198.528 0.99989
000105 370 1224 1 824.955 163.438 934.733 199.208 0.999955
000105 370 1224 1 448.617 174.144 482.62 198.531 0.999885
000106 370 1224 1 808.963 164.064 912.857 200.027 0.999923
000106 370 1224 1 448.754 173.95 482.522 198.463 0.999899
000107 370 1224 1 448.679 174.165 482.638 198.53 0.9999
000107 370 1224 1 798.404 163.169 895.995 199.687 0.999071
000108 370 1224 1 448.359 174.041 482.154 198.448 0.999807
000108 370 1224 1 804.255 163.749 880.049 199.006 0.653636
000109 370 1224 1 448.681 174.255 482.405 198.608 0.999906
000110 370 1224 1 448.256 174.275 482.139 198.456 0.999809
000110 370 1224 1 751.588 166.839 840.509 200.72 0.975515
000111 370 1224 1 448.668 174.063 482.598 198.436 0.999873
000111 370 1224 1 740.259 166.3 837.517 200.199 0.999265
000112 370 1224 1 448.929 173.975 482.487 198.524 0.999875
000112 370 1224 1 727.517 167.83 823.107 201.239 0.998699
000113 370 1224 1 448.139 174.039 482.235 198.5 0.999787
000113 370 1224 1 720.049 167.476 803.508 201.456 0.998866
000114 370 1224 1 707.966 168.634 789.991 201.395 0.999927
000114 370 1224 1 448.762 173.962 482.504 198.475 0.999898
000115 370 1224 1 699.61 169.215 777.717 201.191 0.999965
000115 370 1224 1 448.659 174.126 482.659 198.58 0.999891
000116 370 1224 1 693.076 167.986 767.077 200.773 0.99998
000116 370 1224 1 448.466 174.03 482.155 198.534 0.999781
000117 370 1224 1 686.614 168.193 753.14 200.156 0.999932
000117 370 1224 1 449.088 173.892 482.411 198.528 0.999879
000118 370 1224 1 448.684 173.964 482.33 198.412 0.999881
000118 370 1224 1 678.585 167.62 743.102 197.309 0.999744
000119 370 1224 1 448.923 173.973 482.471 198.552 0.999881
000119 370 1224 1 675.111 166.871 732.576 197.09 0.999462
000120 370 1224 1 448.818 174.201 482.491 198.673 0.999897
000120 370 1224 1 675.095 168.564 724.014 198.789 0.99987
000121 370 1224 1 448.811 173.93 482.363 198.502 0.999885
000121 370 1224 1 669.497 170.088 716.9 197.516 0.999011
000122 370 1224 1 448.877 174.042 482.474 198.469 0.999898
000122 370 1224 1 664.83 166.839 710.655 197.528 0.999264
000123 370 1224 1 448.988 174.209 482.528 198.602 0.999869
000123 370 1224 1 661.437 168.182 704.999 195.902 0.999468
000124 370 1224 1 448.932 173.794 482.44 198.391 0.999854
000124 370 1224 1 657.687 169.911 698.096 194.162 0.99953
000125 370 1224 1 448.902 173.695 482.64 198.073 0.999824
000125 370 1224 1 655.39 169.381 694.879 194.567 0.999788
000126 370 1224 1 447.987 173.44 481.981 198.166 0.999721
000126 370 1224 1 651.359 170.092 690.1 195.2 0.999604
000127 370 1224 1 653.59 169.26 685.876 192.989 0.999762
000127 370 1224 1 449.869 173.318 481.117 198.128 0.994349
000128 370 1224 1 651.752 169.01 682.48 193.386 0.999423
000129 370 1224 1 649.939 168.665 679.549 192.595 0.999093
000130 370 1224 1 649.414 169.269 679.152 192.17 0.999428
000131 370 1224 1 648.366 169.058 675.53 192.405 0.997137
000132 370 1224 1 647.628 168.719 674.64 191.584 0.997144
000132 370 1224 1 448.96 175.077 482.357 201.991 0.918901
000133 370 1224 1 647.515 168.546 674.599 191.02 0.996957
000133 370 1224 1 448.216 174.236 485.782 200.146 0.983674
000134 370 1224 1 449.206 174.109 481.747 198.64 0.998745
000134 370 1224 1 646.187 168.904 671.482 189.78 0.991191
000135 370 1224 1 448.566 173.804 481.998 198.295 0.99986
000135 370 1224 1 645.622 169.002 669.904 189.884 0.989777
000136 370 1224 1 448.45 173.896 482.395 198.423 0.999892
000136 370 1224 1 643.528 168.808 668.921 190.506 0.953908
000137 370 1224 1 448.275 173.699 482.39 198.169 0.999902
000137 370 1224 1 643.608 168.71 667.956 189.271 0.934685
000138 370 1224 1 448.501 173.775 482.652 198.381 0.999894
000138 370 1224 1 643.041 169.515 666.631 189.033 0.968606
000139 370 1224 1 448.424 173.874 482.249 198.453 0.999906
000139 370 1224 1 642.845 168.906 666.711 189.162 0.936261
000140 370 1224 1 448.493 173.867 482.308 198.196 0.999891
000140 370 1224 1 641.672 167.883 666.13 189.574 0.913544
000141 370 1224 1 448.436 173.869 482.446 198.3 0.999911
000141 370 1224 1 640.468 166.789 665.131 189.002 0.951608
000142 370 1224 1 448.802 173.909 482.239 198.293 0.999837
000142 370 1224 1 640.567 166.842 663.936 188.431 0.858626
000143 370 1224 1 448.672 173.908 482.4 198.346 0.999902
000143 370 1224 1 639.966 168.141 663.049 188.23 0.52638
000144 370 1224 1 448.533 173.89 482.309 198.233 0.999895
000145 370 1224 1 448.576 173.774 482.424 198.309 0.999902
000146 370 1224 1 448.665 173.747 482.524 198.295 0.999893
000147 370 1224 1 448.062 173.79 482.216 198.197 0.999827
000148 370 1224 1 448.498 173.775 482.39 198.278 0.999897
000149 370 1224 1 448.62 173.662 482.58 198.261 0.999896
000150 370 1224 1 448.449 173.882 482.469 198.204 0.999891
000151 370 1224 1 448.587 173.92 482.367 198.245 0.999892
000152 370 1224 1 448.635 173.696 482.459 198.172 0.999895
000153 370 1224 1 448.518 173.702 482.297 198.245 0.999894
000154 370 1224 1 448.868 173.316 482.352 198.213 0.999903
000155 370 1224 1 448.951 173.642 482.307 198.293 0.99989
000156 370 1224 1 448.781 173.743 482.26 198.313 0.999898
000157 370 1224 1 448.961 173.647 482.228 198.308 0.99991
000158 370 1224 1 448.67 173.64 482.088 198.191 0.999915
000159 370 1224 1 448.284 173.489 481.947 198.127 0.999912
000160 370 1224 1 447.991 173.602 482.017 198.268 0.999936
000161 370 1224 1 448.154 173.429 481.617 198.229 0.999897
000162 370 1224 1 447.72 173.669 481.349 198.628 0.999901
000163 370 1224 1 446.922 173.666 480.995 199.098 0.999923
000164 370 1224 1 446.132 173.946 480.855 199.017 0.999954
000165 370 1224 1 445.852 173.782 480.571 198.997 0.999942
000166 370 1224 1 445.611 173.762 480.115 198.841 0.999968
000167 370 1224 1 445.498 173.362 480.446 199.939 0.999943
000168 370 1224 1 444.767 174.213 480.217 199.584 0.999958
000169 370 1224 1 445.103 173.988 480.353 199.62 0.999952
000170 370 1224 1 443.929 174.05 479.944 200.016 0.999945
000171 370 1224 1 442.609 174.172 479.252 199.575 0.999982
000172 370 1224 1 442.891 174.184 479.482 200.19 0.99997
000173 370 1224 1 441.683 174.279 478.751 200.271 0.999967
000174 370 1224 1 441.599 174.091 479.126 200.73 0.999935
000175 370 1224 1 441.222 174.391 478.671 201.923 0.999988
000176 370 1224 1 440.61 174.55 478.359 202.389 0.999987
000177 370 1224 1 439.828 174.842 478.253 202.409 0.999941
000178 370 1224 1 439.812 174.442 477.037 202.843 0.999888
000179 370 1224 1 439.828 174.862 477.525 202.984 0.999927
000180 370 1224 1 439.784 174.976 478.303 202.678 0.999948
000181 370 1224 1 439.817 174.317 478.729 202.851 0.999951
000182 370 1224 1 440.017 174.35 479.622 203.365 0.999908
000183 370 1224 1 438.821 174.577 479.591 204.344 0.999961
000184 370 1224 1 439.568 174.129 479.134 204.953 0.999975
000185 370 1224 1 438.166 174.265 480.202 205.134 0.999993
000186 370 1224 1 439.758 174.41 481.382 205.879 0.999983
000187 370 1224 1 440.441 174.582 483.362 205.702 0.999963
000188 370 1224 1 441.36 174.158 484.846 206.031 0.99997
000189 370 1224 1 441.505 173.811 486.194 206.925 0.999989
000190 370 1224 1 440.846 173.86 489.313 207.042 0.999994
000191 370 1224 1 442.396 172.963 491.116 206.985 0.999991
000192 370 1224 1 444.675 172.286 493.834 207.364 0.999996
000193 370 1224 1 442.054 173.397 498.866 208.622 0.999992
000194 370 1224 1 444.222 171.826 501.038 208.429 0.999998
000195 370 1224 1 445.097 171.796 504.009 209.481 0.999995
000196 370 1224 1 446.015 172.352 508.341 209.159 0.999998
000197 370 1224 1 447.821 172.564 510.996 209.682 0.999998
000198 370 1224 1 450.551 171.975 516.136 210.078 0.999998
000199 370 1224 1 453.668 171.379 520.185 210.569 0.999989
000200 370 1224 1 456.431 171.873 526.785 210.714 0.999982
000201 370 1224 1 457.933 171.786 531.673 211.087 0.999992
000202 370 1224 1 462.286 170.76 539.561 210.949 0.999942
000203 370 1224 1 465.577 171.049 546.559 210.749 0.999965
000204 370 1224 1 467.211 171.745 552.562 210.566 0.999668
000205 370 1224 1 474.152 172.361 559.95 212.41 0.99994
000206 370 1224 1 477.172 171.716 568.298 213.52 0.99997
000207 370 1224 1 482.922 171.242 577.0 213.203 0.999924
000208 370 1224 1 486.69 171.126 586.715 213.429 0.999922
000209 370 1224 1 493.872 170.794 595.884 213.02 0.999971
000210 370 1224 1 501.0 171.521 605.569 214.462 0.999913
000211 370 1224 1 510.198 171.705 616.959 215.892 0.99986
000212 370 1224 1 518.001 171.909 630.83 217.083 0.999836
000213 370 1224 1 524.784 171.153 643.094 216.171 0.998099
000214 370 1224 1 534.344 171.313 655.216 215.429 0.999427
000215 370 1224 1 543.545 170.624 668.781 215.968 0.999131
000216 370 1224 1 553.081 170.791 681.656 217.059 0.999007
000217 370 1224 1 567.141 170.34 696.134 217.369 0.999451
000218 370 1224 1 581.407 169.808 706.898 216.914 0.999628
000219 370 1224 1 588.39 170.324 722.909 217.421 0.999766
000220 370 1224 1 608.129 170.24 741.177 216.135 0.999975
000221 370 1224 1 620.684 169.206 754.095 218.198 0.999983
000222 370 1224 1 630.128 168.092 769.041 217.854 0.99998
000223 370 1224 1 646.069 168.416 781.669 217.389 0.999995
000224 370 1224 1 661.374 167.777 802.101 217.817 0.999995
000225 370 1224 1 675.223 167.966 815.994 218.341 0.999998
000226 370 1224 1 690.316 165.545 828.865 217.265 0.999999
000227 370 1224 1 705.414 167.135 847.089 214.883 0.999997
000228 370 1224 1 726.38 164.062 870.112 215.262 0.999991
000229 370 1224 1 739.044 165.404 883.019 214.813 0.999982
000230 370 1224 1 759.471 164.829 903.295 214.083 0.99999
000231 370 1224 1 773.287 165.074 922.578 215.098 0.999968
000232 370 1224 1 794.574 166.156 941.771 213.911 0.999989
000233 370 1224 1 811.374 164.069 962.217 213.853 0.999994
000234 370 1224 1 831.363 162.686 980.907 213.851 0.999986
000235 370 1224 1 850.489 162.463 1003.25 212.525 0.999975
000236 370 1224 1 871.74 161.278 1013.94 212.543 0.999961
000237 370 1224 1 886.002 159.957 1034.72 213.201 0.999878
000238 370 1224 1 902.009 161.091 1052.48 210.274 0.997499
000239 370 1224 1 928.82 159.457 1082.04 212.401 0.994593
000240 370 1224 1 940.334 160.974 1099.15 209.898 0.999943
000241 370 1224 1 976.581 160.22 1126.93 207.379 0.999685
000242 370 1224 1 1003.75 158.049 1141.17 209.645 0.99982
000243 370 1224 1 1007.52 156.654 1165.3 205.948 0.999978
000244 370 1224 1 1025.08 156.002 1187.08 204.293 0.999998
000245 370 1224 1 1042.88 154.298 1197.68 207.252 0.999997
000246 370 1224 1 1062.85 153.95 1224.0 203.837 0.999976
000247 370 1224 1 1084.91 151.578 1224.0 206.015 0.999913
000248 370 1224 1 1104.93 151.341 1224.0 203.582 0.99915
000249 370 1224 1 1122.76 146.022 1224.0 203.439 0.980388
000250 370 1224 1 1144.71 146.46 1224.0 201.407 0.751362
000251 370 1224 1 1170.19 145.665 1224.0 200.45 0.722358
000278 370 1224 1 476.803 169.785 513.964 192.145 0.753337
000280 370 1224 1 469.266 170.643 504.723 190.993 0.557434
000281 370 1224 1 465.565 170.836 497.939 191.445 0.9433
000282 370 1224 1 462.109 170.567 493.786 191.295 0.931813
000283 370 1224 1 460.081 172.419 490.147 193.963 0.936194
000284 370 1224 1 458.794 172.256 487.651 194.348 0.993921
000285 370 1224 1 453.792 170.744 483.078 193.857 0.994835
000286 370 1224 1 451.571 172.663 482.696 194.976 0.997917
000287 370 1224 1 449.822 172.153 479.159 195.868 0.999464
000288 370 1224 1 446.96 171.613 477.931 195.583 0.99931
000289 370 1224 1 445.2 172.916 474.985 196.516 0.999489
000290 370 1224 1 442.339 172.129 474.042 196.834 0.999664
000291 370 1224 1 438.296 173.473 472.243 198.388 0.998714
000292 370 1224 1 436.375 173.195 469.488 199.24 0.999509
000293 370 1224 1 433.742 174.078 468.607 199.608 0.998944
000294 370 1224 1 431.265 173.173 468.041 200.847 0.99981
000295 370 1224 1 430.248 173.758 465.585 202.236 0.999863
000296 370 1224 1 429.003 173.681 464.677 202.804 0.999874
000297 370 1224 1 428.365 174.301 463.978 204.37 0.999833
000298 370 1224 1 426.995 174.729 464.489 205.741 0.999847
000299 370 1224 1 426.86 173.293 466.498 204.394 0.999748
000299 370 1224 1 399.744 171.965 436.809 194.893 0.720133
000300 370 1224 1 428.566 173.441 466.751 206.938 0.999844
000300 370 1224 1 394.525 173.016 433.411 196.347 0.964958
000301 370 1224 1 427.554 174.398 472.233 206.919 0.99959
000301 370 1224 1 392.531 172.75 431.129 196.778 0.987179
000302 370 1224 1 427.325 172.177 475.592 208.143 0.999676
000302 370 1224 1 387.73 174.332 429.936 198.133 0.988048
000303 370 1224 1 427.394 173.251 482.818 209.242 0.999988
000303 370 1224 1 384.283 172.305 424.582 197.047 0.992164
000304 370 1224 1 431.731 174.47 490.546 209.914 0.999978
000304 370 1224 1 380.592 170.707 423.073 195.71 0.954198
000305 370 1224 1 434.34 173.962 501.348 209.69 0.999958
000305 370 1224 1 379.123 172.984 420.556 197.711 0.940863
000306 370 1224 1 439.4 172.277 512.739 209.72 0.999982
000306 370 1224 1 375.591 172.985 416.108 197.962 0.996896
000307 370 1224 1 445.793 172.074 528.998 210.914 0.99999
000307 370 1224 1 372.198 174.596 412.418 200.832 0.996418
000308 370 1224 1 453.294 172.289 542.984 210.995 0.99994
000308 370 1224 1 367.304 173.309 410.073 199.101 0.998398
000309 370 1224 1 462.981 172.379 562.321 211.721 0.999733
000309 370 1224 1 365.559 175.844 407.572 200.505 0.999078
000310 370 1224 1 471.727 171.833 584.196 213.36 0.999979
000310 370 1224 1 361.785 174.505 406.058 200.478 0.999357
000311 370 1224 1 490.291 172.738 600.49 213.203 0.999928
000311 370 1224 1 360.027 175.369 401.116 202.172 0.998973
000311 370 1224 1 461.515 172.528 486.474 193.061 0.611888
000312 370 1224 1 507.117 171.745 623.147 214.441 0.999772
000312 370 1224 1 353.765 173.914 397.084 202.842 0.999636
000312 370 1224 1 460.825 172.275 486.933 193.954 0.879886
000313 370 1224 1 529.852 168.765 647.388 212.418 0.999821
000313 370 1224 1 350.546 174.142 395.479 203.496 0.999624
000313 370 1224 1 457.087 172.642 484.206 194.232 0.94876
000314 370 1224 1 547.455 172.079 673.091 215.002 0.999949
000314 370 1224 1 346.832 175.598 392.029 204.037 0.999787
000314 370 1224 1 456.9 172.434 482.746 194.115 0.978774
000315 370 1224 1 341.951 175.849 386.8 204.869 0.999909
000315 370 1224 1 567.326 170.684 700.885 215.471 0.999893
000315 370 1224 1 455.886 173.264 482.298 195.666 0.993567
000316 370 1224 1 590.363 171.648 723.456 214.418 0.999978
000316 370 1224 1 334.712 174.181 384.258 206.267 0.999948
000316 370 1224 1 451.334 171.965 479.366 194.97 0.995678
000317 370 1224 1 615.467 170.736 749.1 215.322 0.999991
000317 370 1224 1 329.702 174.319 382.525 207.168 0.99995
000317 370 1224 1 449.603 171.96 479.088 195.647 0.999365
000318 370 1224 1 641.418 169.464 774.097 213.634 0.999982
000318 370 1224 1 326.039 177.419 376.573 209.129 0.999974
000318 370 1224 1 449.381 171.697 477.917 195.213 0.999601
000319 370 1224 1 668.99 167.826 802.638 213.55 0.999982
000319 370 1224 1 321.151 177.004 372.08 209.837 0.999974
000319 370 1224 1 448.191 172.957 476.391 195.418 0.998736
000320 370 1224 1 696.99 167.26 832.08 213.929 0.999992
000320 370 1224 1 313.229 175.678 367.098 210.427 0.999932
000320 370 1224 1 445.449 174.394 474.217 197.227 0.998839
000321 370 1224 1 723.46 165.16 863.266 210.368 0.999989
000321 370 1224 1 304.149 176.018 364.82 211.272 0.999924
000321 370 1224 1 444.838 173.986 474.788 197.059 0.999493
000322 370 1224 1 752.262 163.33 888.818 209.656 0.99993
000322 370 1224 1 294.483 176.016 361.371 212.356 0.999919
000322 370 1224 1 442.128 174.102 472.616 198.006 0.999461
000323 370 1224 1 780.803 164.513 922.27 210.97 0.999935
000323 370 1224 1 286.546 175.489 356.493 213.841 0.999771
000323 370 1224 1 440.88 173.845 471.811 198.465 0.999462
000324 370 1224 1 803.718 162.484 945.29 209.087 0.99994
000324 370 1224 1 439.128 173.49 470.198 199.549 0.999837
000324 370 1224 1 282.086 176.202 349.66 213.743 0.999825
000325 370 1224 1 830.023 161.904 972.861 209.679 0.999977
000325 370 1224 1 277.192 174.954 343.241 214.539 0.999805
000325 370 1224 1 438.019 172.674 470.311 199.051 0.999232
000326 370 1224 1 857.021 160.749 1000.31 209.539 0.999978
000326 370 1224 1 438.266 173.929 470.039 200.546 0.999641
000326 370 1224 1 267.927 174.16 336.046 216.224 0.998657
000327 370 1224 1 880.164 159.743 1027.53 209.077 0.99979
000327 370 1224 1 438.511 174.883 469.491 202.055 0.999372
000327 370 1224 1 258.507 174.575 332.995 217.912 0.99693
000328 370 1224 1 908.123 161.552 1053.0 208.235 0.999869
000328 370 1224 1 438.678 174.118 471.273 203.263 0.999734
000328 370 1224 1 249.29 176.413 325.194 219.878 0.994917
000329 370 1224 1 438.02 173.506 472.67 202.642 0.999923
000329 370 1224 1 939.595 160.942 1090.54 207.359 0.998356
000329 370 1224 1 237.692 178.18 316.375 221.905 0.992706
000330 370 1224 1 438.256 173.487 475.061 202.225 0.99987
000330 370 1224 1 967.797 158.781 1130.45 203.029 0.999137
000330 370 1224 1 225.818 177.896 315.169 223.642 0.998327
000331 370 1224 1 440.765 174.093 479.243 203.665 0.999882
000331 370 1224 1 211.538 178.33 309.446 227.049 0.998958
000331 370 1224 1 988.88 154.924 1156.15 204.56 0.997148
000332 370 1224 1 439.664 172.206 483.056 203.326 0.999878
000332 370 1224 1 198.489 177.661 296.861 230.078 0.999863
000332 370 1224 1 1015.17 155.007 1179.97 204.278 0.99871
000333 370 1224 1 186.079 178.665 285.913 233.688 0.999982
000333 370 1224 1 1043.16 155.59 1220.16 202.748 0.999896
000333 370 1224 1 441.571 173.336 488.018 204.693 0.999845
000334 370 1224 1 443.275 172.566 495.619 206.424 0.999989
000334 370 1224 1 169.18 178.952 274.783 236.591 0.999932
000334 370 1224 1 1061.94 153.623 1224.0 204.628 0.999315
000335 370 1224 1 445.573 171.627 501.505 206.519 0.999983
000335 370 1224 1 152.715 176.229 263.237 237.17 0.999675
000335 370 1224 1 1089.57 152.21 1224.0 203.523 0.996948
000336 370 1224 1 450.289 172.785 510.348 206.595 0.999965
000336 370 1224 1 127.137 179.98 250.372 239.802 0.999421
000336 370 1224 1 1118.36 151.68 1224.0 202.06 0.893873
000337 370 1224 1 456.453 171.99 518.698 206.439 0.99983
000337 370 1224 1 103.03 180.499 244.42 244.346 0.999814
000337 370 1224 1 1141.81 150.383 1224.0 201.053 0.647458
000338 370 1224 1 461.554 171.169 527.747 207.269 0.999865
000338 370 1224 1 83.3599 182.671 231.062 247.086 0.998034
000339 370 1224 1 468.499 171.676 538.346 205.715 0.999096
000339 370 1224 1 49.9829 183.111 208.67 252.739 0.986489
000340 370 1224 1 477.554 171.766 547.69 209.442 0.998663
000340 370 1224 1 21.1898 182.561 172.218 258.017 0.989267
000341 370 1224 1 484.404 170.159 561.762 208.312 0.998986
000341 370 1224 1 0.909916 181.269 180.341 260.277 0.979484
000342 370 1224 1 492.117 170.199 575.248 208.823 0.9997
000342 370 1224 1 0.0 182.916 182.44 268.97 0.615071
000343 370 1224 1 503.607 170.347 588.642 208.823 0.996244
000344 370 1224 1 513.656 171.586 606.28 208.808 0.984907
000345 370 1224 1 526.057 172.763 620.561 208.091 0.98518
000346 370 1224 1 539.091 171.746 636.911 209.61 0.996427
000347 370 1224 1 552.745 170.527 651.156 210.674 0.996705
000348 370 1224 1 570.555 170.503 669.802 211.621 0.998547
000349 370 1224 1 582.718 168.885 688.493 209.991 0.996135
000350 370 1224 1 599.336 170.832 706.621 210.309 0.998038
000351 370 1224 1 616.434 168.354 721.335 211.443 0.995399
000352 370 1224 1 634.611 166.814 744.805 212.917 0.999923
000353 370 1224 1 651.305 168.333 763.406 212.227 0.999863
000354 370 1224 1 673.516 166.832 785.156 211.764 0.999905
000355 370 1224 1 691.82 166.607 806.51 212.317 0.999962
000356 370 1224 1 713.089 166.904 829.288 210.816 0.999891
000357 370 1224 1 739.478 164.877 853.779 209.917 0.999799
000358 370 1224 1 760.7 165.86 878.384 210.828 0.999728
000359 370 1224 1 779.818 165.186 906.184 209.535 0.999309
000360 370 1224 1 803.525 164.335 928.983 209.747 0.999394
000361 370 1224 1 831.832 162.077 955.225 211.56 0.999646
000362 370 1224 1 851.2 164.079 981.376 208.598 0.999805
000363 370 1224 1 873.063 163.683 997.515 209.856 0.999268
000364 370 1224 1 896.734 162.447 1018.31 209.228 0.999887
000365 370 1224 1 922.375 157.32 1023.5 210.802 0.998439
000366 370 1224 1 942.219 156.84 1060.56 209.15 0.976551
000367 370 1224 1 968.976 158.932 1097.0 206.868 0.998551
000368 370 1224 1 983.943 157.967 1130.07 202.246 0.998952
000369 370 1224 1 1003.65 153.921 1148.33 204.313 0.999242
000370 370 1224 1 1026.74 157.649 1168.91 203.12 0.999495
000371 370 1224 1 1052.7 155.782 1202.62 203.388 0.999697
000372 370 1224 1 1065.25 152.798 1205.8 203.068 0.999707
000373 370 1224 1 1090.09 153.796 1224.0 200.383 0.999753
000374 370 1224 1 1118.84 151.672 1224.0 199.383 0.987648
000375 370 1224 1 1137.13 149.507 1224.0 197.357 0.947801
