000000 375 1242 1 228.026 239.57 171.798 79.7076 0.917354
000000 375 1242 1 414.604 203.063 67.138 41.6034 0.864241
000000 375 1242 1 475.223 197.651 38.5807 25.5466 0.794993
000001 375 1242 1 130.081 248.713 235.478 96.7366 0.905471
000001 375 1242 1 390.94 208.753 81.3726 50.5817 0.884088
000001 375 1242 1 465.655 198.932 40.7512 27.6058 0.806851
000001 375 1242 1 486.753 196.196 31.1488 24.1028 0.67084
000002 375 1242 1 77.0962 261.983 154.192 103.345 0.952552
000002 375 1242 1 359.777 210.911 95.4213 56.974 0.879696
000002 375 1242 1 452.849 201.129 47.5843 30.8938 0.821426
000002 375 1242 1 483.342 197.231 32.5212 23.6041 0.686402
000003 375 1242 1 324.003 213.85 110.493 65.9419 0.887219
000003 375 1242 1 438.703 201.585 52.1584 32.2143 0.821132
000003 375 1242 1 477.396 194.967 32.1954 23.6707 0.752776
000004 375 1242 1 273.694 216.484 129.482 69.8327 0.896723
000004 375 1242 1 464.343 197.498 36.0145 24.1973 0.815086
000004 375 1242 1 420.276 204.269 52.8568 33.2312 0.77873
000005 375 1242 1 198.622 228.815 173.888 84.9348 0.922552
000005 375 1242 1 401.653 206.307 62.2693 36.7121 0.90319
000005 375 1242 1 450.279 200.41 38.6973 28.0914 0.815872
000005 375 1242 1 1161.33 271.216 161.343 207.568 0.776749
000006 375 1242 1 115.261 241.2 222.142 111.457 0.956441
000006 375 1242 1 376.336 209.344 64.9266 38.8719 0.861707
000006 375 1242 1 440.403 200.237 41.9036 26.2847 0.824967
000007 375 1242 1 65.0117 245.512 128.716 119.715 0.919528
000007 375 1242 1 352.878 211.625 84.9244 46.9355 0.906395
000007 375 1242 1 422.981 201.312 42.8906 28.2871 0.808672
000008 375 1242 1 315.314 214.269 96.3093 51.5153 0.875979
000008 375 1242 1 406.954 202.315 50.6907 30.6674 0.826773
000009 375 1242 1 271.659 222.016 119.325 62.3376 0.894826
000009 375 1242 1 386.653 204.382 54.5227 35.1305 0.842518
000010 375 1242 1 212.412 226.656 135.535 67.1992 0.883822
000010 375 1242 1 364.57 206.605 62.8666 38.667 0.872332
000010 375 1242 3 877.708 201.111 20.6766 33.6658 0.609224
000011 375 1242 1 336.488 211.609 74.748 45.1763 0.896642
000011 375 1242 1 131.961 238.207 197.75 78.5722 0.860898
000012 375 1242 1 83.6003 248.547 166.49 99.814 0.954786
000012 375 1242 1 304.091 213.982 81.2781 50.0661 0.901916
000012 375 1242 3 95.4299 213.484 34.3433 41.6732 0.735043
000013 375 1242 1 259.806 223.655 103.761 63.4525 0.897848
000013 375 1242 1 15.3569 248.728 30.7137 101.777 0.731544
000014 375 1242 1 205.301 229.305 127.632 71.7123 0.894138
000015 375 1242 1 129.6 237.848 172.029 78.9111 0.934103
000016 375 1242 1 65.677 250.9 131.354 94.0488 0.922686
000018 375 1242 1 481.172 189.595 25.0039 18.7991 0.649907
000019 375 1242 1 480.093 188.955 26.3175 19.5206 0.616015
000020 375 1242 1 479.632 190.627 27.6696 21.4938 0.682911
000021 375 1242 1 477.106 192.265 27.2969 21.8492 0.705128
000022 375 1242 1 479.292 191.234 29.6841 25.4631 0.771085
000023 375 1242 1 476.652 197.494 28.126 23.3829 0.69542
000026 375 1242 1 476.581 201.341 31.4724 26.1224 0.626691
000026 375 1242 1 565.969 193.764 18.6639 14.7716 0.602965
000027 375 1242 1 476.296 200.943 31.5099 26.4612 0.616002
000028 375 1242 1 476.323 198.351 33.1107 28.7891 0.753741
000029 375 1242 1 473.992 195.85 38.3159 33.7663 0.833305
000030 375 1242 1 472.45 197.273 41.1835 32.138 0.83066
000031 375 1242 1 472.306 195.477 43.9324 36.6123 0.749077
000032 375 1242 1 471.455 194.333 46.4818 39.5377 0.717327
000033 375 1242 1 468.243 193.992 47.072 42.5677 0.846247
000034 375 1242 1 466.802 193.886 47.3295 43.2793 0.836978
000035 375 1242 1 463.049 191.915 55.9185 45.2775 0.867491
000036 375 1242 1 458.197 191.111 55.3478 48.4702 0.83733
000037 375 1242 1 459.006 194.979 66.4559 44.5335 0.714241
000038 375 1242 1 452.743 193.39 65.9374 51.2331 0.855316
000039 375 1242 1 446.227 195.155 67.7567 52.9854 0.850813
000040 375 1242 1 440.067 197.901 74.992 52.9102 0.723772
000041 375 1242 1 431.681 200.288 79.701 55.9285 0.825315
000042 375 1242 1 424.364 200.5 84.2601 62.2431 0.87893
000043 375 1242 1 413.383 200.605 100.291 63.7719 0.843816
000044 375 1242 1 402.273 201.159 105.578 66.055 0.792468
000045 375 1242 1 392.446 200.797 111.018 76.1667 0.759084
000047 375 1242 1 363.021 205.264 136.253 83.2635 0.665307
000048 375 1242 1 347.251 207.1 149.741 97.9071 0.797473
000049 375 1242 1 326.889 208.199 158.779 105.168 0.904542
000050 375 1242 1 296.968 209.031 175.629 119.993 0.827129
000051 375 1242 1 264.167 211.268 200.627 128.8 0.929647
000052 375 1242 1 225.9 216.653 247.028 149.504 0.953317
000053 375 1242 1 148.456 223.699 267.134 166.155 0.898849
000054 375 1242 1 153.385 220.717 306.771 213.104 0.701026
000054 375 1242 2 336.208 196.579 22.0844 40.8946 0.651364
000055 375 1242 1 123.057 227.163 232.296 239.353 0.626443
000055 375 1242 2 325.15 196.224 24.0279 45.5598 0.60732
000056 375 1242 1 95.6287 200.316 191.257 249.127 0.632617
000057 375 1242 1 53.4526 230.382 106.905 255.41 0.807674
000084 375 1242 1 506.418 186.711 29.7968 22.2618 0.695466
000085 375 1242 1 496.116 187.864 35.1534 22.6558 0.738096
000086 375 1242 1 489.643 192.243 36.8893 24.0161 0.834207
000087 375 1242 1 480.253 195.375 43.9413 27.083 0.821967
000088 375 1242 1 467.927 196.181 47.4777 28.7615 0.861551
000089 375 1242 1 453.042 197.289 55.3083 32.0196 0.858516
000090 375 1242 1 434.886 199.69 62.6201 35.6303 0.864964
000090 375 1242 1 500.421 184.724 30.6872 21.6687 0.606565
000091 375 1242 1 415.604 203.039 74.0668 41.9925 0.891527
000091 375 1242 1 492.832 186.189 32.1762 22.6105 0.706414
000092 375 1242 1 388.618 207.882 83.0193 46.2295 0.912023
000092 375 1242 1 484.422 188.453 35.0594 23.6219 0.782707
000093 375 1242 1 350.813 211.905 98.829 55.4951 0.93094
000093 375 1242 1 472.73 190.751 41.2397 27.3505 0.839968
000093 375 1242 2 290.877 195.104 20.5613 35.6728 0.643366
000094 375 1242 1 302.198 218.308 136.865 65.0427 0.906362
000094 375 1242 1 465.073 191.368 48.6076 29.349 0.868498
000094 375 1242 3 274.922 195.622 30.893 32.481 0.742145
000095 375 1242 1 226.457 231.731 180.026 83.8193 0.96261
000095 375 1242 1 450.743 196.172 53.0051 33.1132 0.855466
000096 375 1242 1 125.427 246.498 240.383 109.852 0.92127
000096 375 1242 1 435.383 198.925 58.4971 37.1165 0.895054
000096 375 1242 3 197.36 206.997 30.4288 39.8728 0.624914
000097 375 1242 1 415.339 202.066 66.4371 41.4062 0.888322
000097 375 1242 1 60.8871 261.271 121.774 113.09 0.860621
000098 375 1242 1 391.917 206.449 80.3214 46.031 0.910932
000099 375 1242 1 358.325 210.63 102.567 55.2201 0.915936
000099 375 1242 2 31.7665 232.746 45.8057 91.6303 0.606038
000100 375 1242 1 308.857 217.056 128.704 68.8301 0.921762
000100 375 1242 1 351.357 202.11 64.113 39.8158 0.798552
000101 375 1242 1 240.557 229.235 172.167 85.3277 0.962279
000102 375 1242 1 126.675 244.926 245.002 115.605 0.934296
000103 375 1242 1 66.3784 259.265 132.757 129.416 0.851199
000103 375 1242 1 509.023 184.515 29.9922 21.6914 0.622377
000104 375 1242 1 501.395 187.51 31.0389 23.4356 0.753805
000105 375 1242 1 493.82 188.64 34.7906 24.7125 0.788168
000106 375 1242 1 485.818 189.441 38.6328 26.2011 0.824738
000107 375 1242 1 474.082 192.022 42.0899 28.1188 0.837238
000108 375 1242 1 463.683 193.379 46.7333 31.8884 0.852431
000109 375 1242 1 448.803 196.537 56.8344 34.8878 0.854349
000110 375 1242 1 430.191 199.915 61.3932 35.9708 0.867626
000111 375 1242 1 409.993 202.439 73.8618 42.5146 0.883858
000112 375 1242 1 381.011 202.343 91.486 49.2653 0.866233
000113 375 1242 1 343.985 209.337 112.125 55.8416 0.8842
000114 375 1242 1 291.519 216.016 141.688 68.1466 0.876215
000115 375 1242 1 209.879 229.446 196.39 87.2888 0.930002
000115 375 1242 1 497.724 184.255 31.9886 23.7881 0.658048
000116 375 1242 1 113.83 246.526 220.152 123.614 0.960341
000116 375 1242 1 491.348 188.851 36.1913 26.9388 0.821503
000117 375 1242 1 45.8459 247.756 91.6917 138.42 0.888207
000117 375 1242 1 483.316 190.19 40.0881 27.7477 0.849422
000118 375 1242 1 473.025 192.275 44.4525 30.3996 0.864402
000119 375 1242 1 463.941 193.807 50.4337 34.1945 0.846512
000120 375 1242 1 445.479 199.042 57.4204 36.0682 0.862253
000121 375 1242 1 430.255 200.74 66.3647 42.1765 0.870317
000122 375 1242 1 411.185 205.357 75.542 47.6628 0.886386
000123 375 1242 1 383.704 207.764 94.2537 54.6281 0.931553
000124 375 1242 1 344.555 213.941 113.557 62.5105 0.901714
000125 375 1242 1 292.314 223.206 149.696 78.6249 0.937686
000126 375 1242 1 211.732 236.386 203.599 99.1117 0.93178
000126 375 1242 1 275.351 214.331 109.679 56.7545 0.639913
000127 375 1242 1 113.767 258.999 226.346 137.205 0.918653
000128 375 1242 1 48.6404 261.874 92.3136 146.512 0.872171
000133 375 1242 1 586.475 181.642 21.4241 17.7702 0.613821
000134 375 1242 1 582.675 180.415 21.6125 17.1223 0.610719
000135 375 1242 1 580.724 179.648 22.1887 18.1911 0.649347
000136 375 1242 1 595.123 179.702 22.511 18.6709 0.680143
000136 375 1242 1 578.321 176.95 21.6124 17.1812 0.635552
000137 375 1242 1 577.414 180.447 20.2439 16.6994 0.635143
000137 375 1242 1 596.556 183.464 22.2297 18.6821 0.632602
000141 375 1242 1 600.115 184.991 24.2523 19.0539 0.633625
000142 375 1242 1 599.195 179.093 23.3817 20.4329 0.722032
000143 375 1242 1 593.506 176.683 24.7842 19.8886 0.732331
000144 375 1242 1 592.573 179.415 25.3961 19.9811 0.745615
000144 375 1242 1 568.787 174.304 22.7301 17.7393 0.640057
000145 375 1242 1 591.283 184.595 25.5444 19.7255 0.682351
000145 375 1242 1 570.767 179.153 22.8787 16.5615 0.658374
000146 375 1242 1 566.397 183.02 22.5681 17.168 0.637204
000146 375 1242 1 593.808 188.118 25.1675 19.7555 0.603411
000148 375 1242 1 588.243 189.018 25.2628 20.6641 0.609645
000149 375 1242 1 587.972 187.558 24.5637 20.4373 0.638473
000150 375 1242 1 587.024 186.701 24.9026 20.1056 0.657725
000151 375 1242 1 587.737 188.168 24.8138 20.5918 0.633629
000152 375 1242 1 588.0 189.106 25.5071 20.2884 0.616799
000153 375 1242 1 587.948 187.845 26.9326 21.8552 0.687248
000154 375 1242 1 587.374 185.387 26.1321 21.0231 0.715803
000154 375 1242 1 558.378 181.183 24.3539 18.0697 0.634843
000155 375 1242 1 587.825 181.007 28.3737 22.8669 0.786802
000155 375 1242 1 558.309 175.397 25.2434 19.1804 0.639611
000156 375 1242 1 586.995 184.102 27.5411 22.2486 0.740019
000156 375 1242 1 558.037 177.426 25.5031 19.0893 0.649888
000157 375 1242 1 587.964 188.6 28.683 22.7985 0.706823
000157 375 1242 1 557.063 184.665 25.8805 18.4814 0.605366
000158 375 1242 1 588.967 184.803 28.2179 22.8474 0.718752
000158 375 1242 2 662.985 195.129 22.7706 40.8633 0.616545
000159 375 1242 1 589.809 189.677 28.2194 23.3189 0.80233
000159 375 1242 2 661.135 197.019 19.4994 42.6241 0.608152
000160 375 1242 1 589.647 188.016 29.113 23.4741 0.794551
000161 375 1242 1 590.11 185.354 30.3666 23.7539 0.742017
000161 375 1242 1 559.814 180.462 25.4873 19.7639 0.672208
000162 375 1242 1 590.643 175.79 32.0038 25.8753 0.838138
000162 375 1242 1 557.944 170.337 28.0641 21.4907 0.665395
000163 375 1242 1 590.803 176.569 32.2188 26.0528 0.833764
000163 375 1242 1 557.726 171.281 28.1184 21.4648 0.660327
000164 375 1242 1 591.242 180.022 32.3424 26.0532 0.818566
000164 375 1242 1 558.52 175.751 28.8356 22.3685 0.727647
000164 375 1242 2 681.253 193.155 25.0984 54.0435 0.627645
000165 375 1242 1 592.575 187.187 31.7365 25.9042 0.774103
000165 375 1242 1 558.798 185.331 28.4612 21.1998 0.664085
000166 375 1242 1 593.554 189.361 32.5511 25.204 0.7249
000166 375 1242 1 557.279 187.382 29.2725 21.3498 0.627493
000167 375 1242 1 593.304 185.911 34.473 25.8732 0.771277
000167 375 1242 1 557.114 183.247 29.2693 22.1072 0.718432
000168 375 1242 1 594.899 187.468 33.5901 26.2241 0.75361
000168 375 1242 1 556.647 184.094 30.7788 22.5835 0.725254
000169 375 1242 1 595.292 188.751 33.8463 26.8167 0.732902
000169 375 1242 1 556.394 187.878 30.8638 22.1414 0.640146
000169 375 1242 3 808.276 184.666 43.9661 68.6565 0.652268
000170 375 1242 1 595.511 188.383 34.9149 27.1146 0.773484
000170 375 1242 1 556.692 184.451 31.0043 23.8894 0.677686
000170 375 1242 2 31.4259 225.028 45.5667 97.8429 0.795385
000170 375 1242 2 667.107 194.156 17.106 42.6003 0.668755
000171 375 1242 1 595.917 194.137 35.3324 27.9273 0.817081
000171 375 1242 1 557.628 190.084 33.4124 26.2784 0.792773
000171 375 1242 2 668.92 200.012 21.2919 43.9844 0.625962
000172 375 1242 1 596.377 196.165 37.26 26.4209 0.823908
000172 375 1242 1 558.164 192.657 33.1377 24.9175 0.782734
000173 375 1242 1 597.048 192.125 36.9033 28.672 0.82754
000173 375 1242 1 556.801 188.036 32.6399 24.9523 0.769316
000173 375 1242 2 675.493 200.588 22.1958 45.1951 0.697833
000174 375 1242 1 597.007 190.8 37.5009 29.2404 0.828476
000174 375 1242 1 556.9 187.094 33.866 24.9777 0.763935
000174 375 1242 2 685.289 198.631 20.3141 48.9662 0.681296
000175 375 1242 1 597.712 190.905 37.5875 30.096 0.830618
000175 375 1242 1 556.37 187.357 34.7626 25.761 0.775299
000175 375 1242 2 690.416 199.169 26.8204 50.0136 0.703803
000176 375 1242 1 597.924 190.97 37.9813 29.7364 0.834857
000176 375 1242 1 555.587 187.126 34.7972 25.555 0.781432
000176 375 1242 2 695.0 208.333 26.5729 54.1746 0.719447
000177 375 1242 1 599.326 193.007 38.3872 29.2116 0.827754
000177 375 1242 1 556.353 188.928 34.3287 25.2914 0.790464
000178 375 1242 1 599.526 193.495 37.5895 29.743 0.831079
000178 375 1242 1 555.896 190.097 34.4758 26.0228 0.805639
000179 375 1242 1 600.584 195.005 39.1163 29.6744 0.837808
000179 375 1242 1 556.191 192.069 35.521 26.3479 0.809251
000180 375 1242 1 555.389 192.177 37.951 27.3655 0.840356
000180 375 1242 1 600.831 194.666 40.3816 29.5461 0.836896
000181 375 1242 1 601.897 195.407 43.1128 31.2939 0.849997
000181 375 1242 1 555.183 192.224 38.2611 27.7953 0.8464
000182 375 1242 1 601.645 194.068 42.3081 31.6413 0.852781
000182 375 1242 1 554.597 191.35 38.8702 27.1884 0.84833
000182 375 1242 1 889.235 241.003 69.4822 36.631 0.731005
000183 375 1242 1 602.784 196.192 44.0331 32.4112 0.849903
000183 375 1242 1 553.609 192.492 38.015 27.5648 0.847928
000184 375 1242 1 602.927 198.823 42.5387 31.868 0.849713
000184 375 1242 1 552.474 194.669 39.2522 28.7145 0.848127
000185 375 1242 1 602.933 198.251 43.106 32.6906 0.858909
000185 375 1242 1 551.555 195.519 37.1096 29.112 0.840986
000186 375 1242 1 602.768 197.834 41.6541 30.9576 0.854324
000186 375 1242 1 550.485 195.652 38.4421 28.8425 0.852331
000187 375 1242 1 603.165 199.477 43.752 32.0003 0.858555
000187 375 1242 1 550.595 197.079 36.4049 28.3597 0.846035
000187 375 1242 1 475.229 188.249 22.9458 23.3139 0.669774
000188 375 1242 1 603.112 199.021 43.2521 31.786 0.857086
000188 375 1242 1 549.112 196.287 37.9611 29.3777 0.856394
000188 375 1242 1 463.478 185.825 25.6746 24.0002 0.629982
000189 375 1242 1 602.591 198.425 44.9893 33.2295 0.863812
000189 375 1242 1 548.487 194.846 40.3306 31.6974 0.86195
000190 375 1242 1 547.258 192.607 39.7474 29.8616 0.854929
000190 375 1242 1 601.545 195.32 42.0594 31.9959 0.85159
000190 375 1242 1 453.314 186.558 27.5315 24.6235 0.655428
000191 375 1242 1 601.065 195.469 42.8997 33.0869 0.858105
000191 375 1242 1 545.513 192.646 40.0497 30.1436 0.85745
000192 375 1242 1 601.952 197.574 45.2118 34.2256 0.866634
000192 375 1242 1 544.055 193.693 38.7007 31.3923 0.851862
000192 375 1242 1 437.238 190.591 26.3566 25.9689 0.761868
000193 375 1242 1 601.925 200.364 47.4568 36.3158 0.866938
000193 375 1242 1 544.2 196.19 41.3367 31.126 0.848638
000193 375 1242 1 429.81 189.198 29.6108 23.0286 0.769561
000194 375 1242 1 601.119 202.214 48.4712 36.6219 0.852406
000194 375 1242 1 419.337 194.24 30.8828 26.3515 0.843289
000194 375 1242 1 542.449 196.635 40.7944 30.7591 0.83959
000195 375 1242 1 600.388 201.915 48.2562 36.2438 0.863844
000195 375 1242 1 538.508 196.547 41.9816 31.5323 0.851104
000195 375 1242 1 408.105 193.21 35.8434 24.0211 0.6605
000196 375 1242 1 537.8 195.827 43.0863 31.2891 0.859993
000196 375 1242 1 599.94 201.223 49.5873 36.8745 0.85418
000196 375 1242 1 398.601 196.065 36.7269 29.6953 0.841651
000197 375 1242 1 537.007 195.733 45.4482 32.07 0.867513
000197 375 1242 1 600.019 201.204 49.6477 36.3666 0.858504
000197 375 1242 1 385.162 195.249 43.587 26.7245 0.834113
000198 375 1242 1 535.7 195.54 45.7775 31.3382 0.865099
000198 375 1242 1 599.753 201.539 50.2321 36.928 0.844771
000198 375 1242 1 370.528 196.654 62.8727 29.0296 0.79675
000199 375 1242 1 535.275 195.528 46.7762 31.8162 0.872033
000199 375 1242 1 600.09 201.454 49.5266 37.3999 0.845754
000199 375 1242 1 353.577 198.013 65.4898 31.4272 0.79359
000200 375 1242 1 534.458 195.288 46.5487 31.5852 0.873383
000200 375 1242 1 333.044 199.352 70.3437 37.3018 0.834209
000200 375 1242 1 601.961 203.323 52.4861 37.5293 0.828731
000201 375 1242 1 310.444 201.118 76.9949 39.6449 0.875652
000201 375 1242 1 533.612 194.857 45.4995 31.4903 0.869084
000201 375 1242 1 600.868 203.43 53.0084 38.4166 0.841537
000202 375 1242 1 288.711 202.01 87.3508 45.0753 0.88285
000202 375 1242 1 532.6 196.097 44.3767 32.2603 0.868728
000202 375 1242 1 600.004 203.77 53.3593 40.9442 0.860527
000203 375 1242 1 253.321 205.574 108.391 51.4442 0.898881
000203 375 1242 1 598.75 204.282 53.4954 41.7616 0.866923
000203 375 1242 1 532.055 197.399 44.0705 32.1508 0.866251
000204 375 1242 1 211.944 213.116 128.32 58.442 0.906408
000204 375 1242 1 598.603 207.289 53.8562 43.7586 0.875773
000204 375 1242 1 531.785 200.489 46.3328 31.0474 0.857709
000204 375 1242 1 410.555 191.943 34.201 23.2463 0.777622
000205 375 1242 1 157.107 221.13 163.449 70.7348 0.920523
000205 375 1242 1 597.997 209.949 54.6819 45.1157 0.884314
000205 375 1242 1 531.695 202.486 45.7561 32.4507 0.856559
000205 375 1242 1 400.379 199.495 37.0437 24.2272 0.779402
000206 375 1242 1 95.2148 230.793 177.413 81.8752 0.941563
000206 375 1242 1 596.946 209.765 54.104 46.6609 0.887421
000206 375 1242 1 531.036 202.165 48.1831 33.3654 0.865231
000206 375 1242 1 388.58 201.032 39.7593 24.9229 0.775731
000207 375 1242 1 59.7652 232.826 119.53 91.8332 0.947514
000207 375 1242 1 595.67 206.359 55.5833 44.2113 0.881255
000207 375 1242 1 530.109 199.056 48.4781 32.1605 0.856332
000207 375 1242 1 377.015 196.467 45.6494 27.8776 0.851814
000208 375 1242 1 529.457 194.904 47.8185 33.248 0.869169
000208 375 1242 1 367.021 192.537 53.8863 29.473 0.840412
000208 375 1242 1 594.445 204.684 56.5035 45.3012 0.830908
000208 375 1242 1 453.96 183.349 24.562 18.7921 0.696803
000209 375 1242 1 348.808 191.692 57.6275 31.5235 0.87844
000209 375 1242 1 529.011 193.962 48.5331 33.9868 0.871853
000209 375 1242 1 593.229 201.349 57.7437 46.5771 0.870207
000209 375 1242 1 447.059 179.389 23.5659 19.399 0.721098
000210 375 1242 1 332.177 196.756 61.7549 32.8302 0.88858
000210 375 1242 1 529.545 194.809 46.8206 33.058 0.87136
000210 375 1242 1 594.44 204.812 55.885 45.9846 0.831241
000210 375 1242 1 444.328 183.907 28.6418 19.7546 0.662067
000211 375 1242 1 529.684 196.425 49.2781 33.164 0.867384
000211 375 1242 1 313.241 201.608 70.2557 35.1277 0.862918
000211 375 1242 1 593.528 202.661 57.3201 45.3709 0.86245
000212 375 1242 1 292.407 203.782 76.173 37.7936 0.895658
000212 375 1242 1 594.83 205.563 58.2979 46.5396 0.872937
000212 375 1242 1 529.383 197.475 47.8633 33.0936 0.860759
000213 375 1242 1 264.489 207.417 92.1827 42.5515 0.896107
000213 375 1242 1 594.824 206.159 58.3083 46.01 0.880763
000213 375 1242 1 528.947 198.868 47.0225 32.5005 0.845653
000214 375 1242 1 232.389 211.857 107.974 46.5623 0.885398
000214 375 1242 1 594.912 207.67 56.7795 46.6468 0.876616
000214 375 1242 1 530.072 199.598 46.8403 31.8819 0.851089
000215 375 1242 1 194.897 214.98 118.706 53.0573 0.890725
000215 375 1242 1 595.825 207.431 57.1669 47.8456 0.87531
000215 375 1242 1 530.099 199.617 45.4816 31.7177 0.845745
000215 375 1242 1 416.378 184.552 34.4377 23.6919 0.632346
000216 375 1242 1 595.277 206.785 58.9854 47.0297 0.872586
000216 375 1242 1 145.147 222.53 146.395 61.831 0.859558
000216 375 1242 1 529.791 198.542 44.8271 31.5332 0.840386
000216 375 1242 1 410.25 184.164 35.826 23.8739 0.693947
000217 375 1242 1 596.104 206.176 59.609 47.718 0.882287
000217 375 1242 1 85.3047 226.01 162.504 68.5954 0.880715
000217 375 1242 1 530.459 197.808 45.473 34.2319 0.85866
000217 375 1242 1 402.221 186.526 39.9875 27.2097 0.775378
000218 375 1242 1 59.9881 228.815 119.976 73.2614 0.90965
000218 375 1242 1 595.343 205.63 59.4163 47.0772 0.874418
000218 375 1242 1 530.074 197.351 47.0479 33.796 0.851036
000218 375 1242 1 391.976 183.723 43.902 25.0796 0.710076
000219 375 1242 1 530.593 195.108 47.3395 34.6279 0.866078
000219 375 1242 1 594.577 205.552 60.0226 47.4271 0.859414
000219 375 1242 1 386.48 184.961 41.9608 25.9233 0.728052
000219 375 1242 1 13.8882 228.106 27.7765 122.671 0.707745
000220 375 1242 1 530.261 194.225 44.363 34.0753 0.870807
000220 375 1242 1 593.858 201.57 57.8856 48.3808 0.851902
000220 375 1242 1 376.511 189.305 43.9052 27.1736 0.727754
000221 375 1242 1 530.041 193.874 42.4703 32.872 0.862658
000221 375 1242 1 593.65 201.86 56.5662 48.1647 0.854624
000221 375 1242 1 367.098 188.052 48.9548 29.8593 0.781534
000222 375 1242 1 592.685 201.838 56.0981 49.063 0.878178
000222 375 1242 1 529.958 193.946 43.4296 33.3027 0.85994
000222 375 1242 1 350.273 189.842 59.7833 31.9352 0.840163
000223 375 1242 1 592.476 201.343 56.8425 48.5881 0.885377
000223 375 1242 1 336.581 192.03 59.3786 34.9297 0.870785
000223 375 1242 1 529.308 193.657 43.0403 32.724 0.851946
000224 375 1242 1 591.671 201.504 56.5675 48.7095 0.903986
000224 375 1242 1 319.461 193.705 66.2941 38.7313 0.888997
000224 375 1242 1 529.577 194.14 44.4436 33.5247 0.858594
000225 375 1242 1 301.374 195.599 75.8956 39.8603 0.896357
000225 375 1242 1 590.441 201.552 55.2902 47.1944 0.887463
000225 375 1242 1 529.498 193.094 44.4129 32.789 0.847777
000225 375 1242 1 380.812 186.468 36.4069 22.1336 0.705111
000226 375 1242 1 280.898 200.122 81.5292 45.9843 0.895673
000226 375 1242 1 590.106 205.568 57.8771 47.309 0.877395
000226 375 1242 1 529.518 196.992 44.9165 32.0924 0.844359
000226 375 1242 1 370.12 191.044 38.6566 23.8285 0.817309
000227 375 1242 1 589.115 207.532 58.1672 48.0615 0.879805
000227 375 1242 1 252.57 202.681 91.8893 50.035 0.850973
000227 375 1242 1 528.825 199.125 45.8884 31.8116 0.839918
000227 375 1242 1 358.497 194.399 40.7646 24.8381 0.833968
000227 375 1242 1 854.045 190.57 54.0597 23.7932 0.793175
000228 375 1242 1 227.309 206.079 103.31 53.629 0.912174
000228 375 1242 1 527.827 199.857 44.7862 31.5154 0.836021
000228 375 1242 1 589.292 206.87 58.4769 47.8395 0.834353
000228 375 1242 1 344.423 197.631 43.4824 26.4028 0.828811
000228 375 1242 1 851.038 192.235 63.1055 25.3997 0.794192
000229 375 1242 1 193.072 208.574 114.762 59.8472 0.905772
000229 375 1242 1 588.614 206.391 58.6229 48.0721 0.86985
000229 375 1242 1 527.09 199.934 45.5022 32.8867 0.831397
000229 375 1242 1 334.501 198.485 49.6851 27.6685 0.823306
000229 375 1242 1 851.907 191.437 67.2848 24.6726 0.751621
000230 375 1242 1 147.337 212.021 134.458 65.4702 0.939831
000230 375 1242 1 587.579 206.13 57.1261 46.1817 0.877388
000230 375 1242 1 521.867 198.954 43.8454 32.7112 0.856587
000230 375 1242 1 857.853 192.649 57.4346 24.3084 0.829198
000230 375 1242 1 319.194 200.182 54.5505 28.5413 0.803272
000231 375 1242 1 94.0667 217.123 168.348 77.0962 0.911944
000231 375 1242 1 584.016 205.906 56.4645 46.6857 0.884562
000231 375 1242 1 521.854 198.543 44.7228 31.0517 0.860656
000231 375 1242 1 299.717 201.675 61.2367 31.0159 0.812525
000231 375 1242 1 856.178 191.72 64.2616 24.8011 0.799577
000232 375 1242 1 60.6241 218.48 121.248 87.686 0.906121
000232 375 1242 1 520.609 195.853 45.9726 31.4514 0.872143
000232 375 1242 1 582.189 204.672 54.2471 45.4143 0.852705
000232 375 1242 1 281.321 201.045 67.5581 34.0294 0.848754
000232 375 1242 1 857.641 190.988 54.1847 24.7452 0.773962
000232 375 1242 1 754.647 182.656 67.9286 23.5635 0.61641
000233 375 1242 1 32.2222 216.104 58.8411 84.5865 0.919182
000233 375 1242 1 258.366 202.796 72.7174 37.5526 0.880682
000233 375 1242 1 519.213 195.196 43.756 30.9214 0.871917
000233 375 1242 1 580.072 205.394 54.6731 47.276 0.859002
000233 375 1242 1 854.484 190.042 65.8186 27.8552 0.819309
000233 375 1242 1 756.925 183.219 71.3254 22.6188 0.707934
000234 375 1242 1 230.709 205.911 80.4476 39.547 0.894183
000234 375 1242 1 578.068 204.847 56.5933 44.9998 0.87224
000234 375 1242 1 516.995 196.535 41.4294 31.3273 0.862603
000234 375 1242 1 860.343 193.868 62.5304 29.7564 0.816791
000235 375 1242 1 575.29 206.836 56.7621 44.7542 0.883096
000235 375 1242 1 200.442 211.113 89.3181 43.1112 0.8691
000235 375 1242 1 515.072 199.926 41.9557 30.169 0.84459
000235 375 1242 1 863.74 197.681 61.2385 30.5244 0.830349
000235 375 1242 1 756.833 187.664 71.4023 20.42 0.701874
000236 375 1242 1 165.454 213.544 101.369 49.7041 0.896962
000236 375 1242 1 572.904 206.614 56.0195 45.0225 0.890051
000236 375 1242 1 868.923 201.697 63.6071 30.3206 0.840952
000236 375 1242 1 513.69 200.171 40.6058 30.2518 0.838338
000236 375 1242 1 758.32 189.262 70.9911 20.4341 0.758739
000237 375 1242 1 123.422 216.698 119.643 59.9126 0.896188
000237 375 1242 1 571.111 206.793 55.2545 45.3923 0.867912
000237 375 1242 1 511.533 199.856 41.0355 31.1073 0.830511
000237 375 1242 1 871.556 203.079 65.4784 27.6223 0.792024
000237 375 1242 1 760.57 194.751 75.76 21.9163 0.791407
000238 375 1242 1 71.9328 223.011 138.147 63.6365 0.877435
000238 375 1242 1 571.414 206.106 56.3844 45.9904 0.869178
000238 375 1242 1 507.271 199.324 40.3676 31.2151 0.835793
000238 375 1242 1 771.438 197.321 83.9271 23.1867 0.781839
000238 375 1242 1 872.858 203.09 67.5159 25.1074 0.76571
000239 375 1242 1 44.31 224.97 88.6199 68.2356 0.915265
000239 375 1242 1 569.78 205.47 55.8796 42.6741 0.865928
000239 375 1242 1 506.793 199.652 41.0242 31.8444 0.850786
000239 375 1242 1 770.938 198.142 75.0524 24.1296 0.801184
000239 375 1242 1 881.35 205.256 66.9933 26.6353 0.75903
000240 375 1242 1 569.049 206.004 54.6349 42.6212 0.863922
000240 375 1242 1 506.053 200.358 41.537 31.0401 0.840769
000240 375 1242 1 770.759 198.989 68.7672 24.7476 0.804884
000240 375 1242 1 884.883 202.908 73.251 25.6541 0.795182
000241 375 1242 1 568.126 205.724 54.9877 44.1245 0.866973
000241 375 1242 1 506.621 197.724 40.2266 30.9406 0.845826
000241 375 1242 1 776.125 198.711 71.7904 26.4962 0.783091
000241 375 1242 1 898.294 202.101 74.2887 26.0527 0.747294
000242 375 1242 1 506.515 195.864 41.1347 31.3229 0.855512
000242 375 1242 1 568.974 204.123 53.1122 41.0142 0.827188
000242 375 1242 1 779.612 196.571 69.1804 25.5021 0.81677
000242 375 1242 1 889.723 199.884 67.2439 26.3132 0.78016
000243 375 1242 1 569.681 203.439 53.0729 42.334 0.835139
000243 375 1242 1 787.724 195.197 70.2732 26.6119 0.830842
000243 375 1242 1 507.505 194.956 38.3593 31.1508 0.825081
000243 375 1242 1 901.105 201.006 68.8292 28.6749 0.777256
000244 375 1242 1 571.313 204.032 52.5891 40.8354 0.8299
000244 375 1242 1 510.201 195.881 38.9874 29.5758 0.825032
000244 375 1242 1 795.017 198.65 72.8793 26.7502 0.808037
000244 375 1242 1 907.367 202.715 65.8644 26.2153 0.719518
000245 375 1242 1 572.616 206.022 52.0739 42.0868 0.855337
000245 375 1242 1 511.783 201.103 38.4788 28.107 0.785635
000245 375 1242 1 805.935 202.824 75.0544 28.9257 0.766772
000245 375 1242 1 905.732 202.329 77.1539 30.3294 0.738941
000246 375 1242 1 920.447 206.7 79.4802 32.8272 0.876378
000246 375 1242 1 573.087 207.076 53.0302 42.9218 0.839777
000246 375 1242 1 512.389 202.5 38.748 30.1308 0.812636
000246 375 1242 1 817.482 205.913 76.5193 28.175 0.717224
000247 375 1242 1 937.033 206.445 72.2776 30.4507 0.843661
000247 375 1242 1 573.796 208.154 50.9402 42.7127 0.808411
000247 375 1242 1 513.583 203.757 37.5057 29.2743 0.787796
000247 375 1242 1 821.347 201.879 76.5254 28.6089 0.767667
000248 375 1242 1 949.547 208.539 73.3502 30.4049 0.873122
000248 375 1242 1 514.098 203.77 37.5377 29.3727 0.80689
000248 375 1242 1 570.321 209.308 51.9341 41.7032 0.804242
000248 375 1242 1 826.725 204.175 76.5149 29.4471 0.795887
000249 375 1242 1 954.024 209.463 81.088 30.7722 0.878205
000249 375 1242 1 836.328 204.753 77.8612 30.4579 0.819216
000249 375 1242 1 572.03 208.308 51.8423 41.0518 0.812136
000249 375 1242 1 516.289 204.132 37.5537 27.5878 0.780794
000250 375 1242 1 968.013 208.618 81.0012 30.6895 0.847709
000250 375 1242 1 515.398 201.049 35.895 28.6851 0.811446
000250 375 1242 1 848.621 204.975 77.944 31.6007 0.803163
000250 375 1242 1 570.718 205.849 51.7596 40.025 0.790921
000251 375 1242 1 516.975 195.891 35.2302 28.826 0.835416
000251 375 1242 1 854.898 204.716 82.2177 32.6179 0.831522
000251 375 1242 1 981.078 204.019 86.3685 31.8708 0.819128
000251 375 1242 1 569.288 203.861 50.9163 37.0834 0.805798
000252 375 1242 1 576.15 197.415 47.7952 37.3208 0.868805
000252 375 1242 1 996.545 204.919 91.6453 35.0844 0.849291
000252 375 1242 1 517.437 193.034 37.3975 28.0988 0.849021
000252 375 1242 1 866.642 205.395 88.3269 34.7067 0.84346
000253 375 1242 1 1003.52 209.848 90.6454 34.4344 0.874047
000253 375 1242 1 876.723 205.951 87.2368 34.6827 0.855212
000253 375 1242 1 576.402 201.314 50.3745 36.3434 0.853068
000253 375 1242 1 519.226 197.463 36.333 26.8794 0.821198
000254 375 1242 1 891.8 212.853 95.3882 37.1714 0.902751
000254 375 1242 1 1019.59 216.498 95.6528 38.7794 0.882663
000254 375 1242 1 576.859 205.446 48.8433 37.8927 0.871091
000254 375 1242 1 519.686 200.36 33.6604 28.7964 0.810344
000255 375 1242 1 905.265 214.872 96.0426 37.0279 0.901532
000255 375 1242 1 576.969 205.594 47.8048 37.5497 0.875369
000255 375 1242 1 1033.7 218.475 97.6404 36.4703 0.857852
000255 375 1242 1 520.322 200.838 33.4277 28.0022 0.80257
000256 375 1242 1 919.611 215.001 104.13 37.4926 0.894808
000256 375 1242 1 578.558 204.932 47.4856 37.5386 0.867645
000256 375 1242 1 1050.64 219.139 96.6304 37.4173 0.826349
000256 375 1242 1 521.87 198.916 33.7581 27.5388 0.810651
000257 375 1242 1 932.56 217.516 107.224 42.5773 0.891567
000257 375 1242 1 577.26 203.047 47.8975 38.075 0.852852
000257 375 1242 1 1068.58 222.215 106.733 43.7805 0.851293
000257 375 1242 1 522.301 198.049 34.7121 26.1973 0.820383
000258 375 1242 1 949.652 216.351 114.137 42.0096 0.906565
000258 375 1242 1 576.474 202.091 44.9911 34.9422 0.874142
000258 375 1242 1 1092.05 220.914 108.542 49.4644 0.846778
000258 375 1242 1 523.237 196.291 35.6712 27.2214 0.83468
000259 375 1242 1 966.166 214.839 120.519 45.3889 0.909325
000259 375 1242 1 577.529 199.891 44.9517 33.4907 0.875951
000259 375 1242 1 1114.04 220.418 113.219 49.2405 0.874364
000259 375 1242 1 523.792 194.676 34.5743 26.4618 0.833394
000260 375 1242 1 987.385 216.686 126.479 47.2495 0.914287
000260 375 1242 1 1141.42 218.578 126.6 50.3244 0.892958
000260 375 1242 1 578.285 198.755 45.2045 34.6009 0.87457
000260 375 1242 1 524.44 191.635 35.2526 26.9326 0.824402
000261 375 1242 1 1009.81 217.242 135.687 49.2982 0.892331
000261 375 1242 1 1165.9 221.047 129.149 53.6888 0.890968
000261 375 1242 1 579.468 197.984 44.8595 34.1315 0.875772
000261 375 1242 1 525.035 189.997 36.3291 26.1758 0.811946
000262 375 1242 1 1035.07 219.322 137.601 54.5506 0.909964
000262 375 1242 1 579.15 198.371 43.4608 33.7342 0.875363
000262 375 1242 1 1180.88 222.335 113.601 54.8358 0.8405
000262 375 1242 1 525.223 191.474 35.1989 26.3193 0.797898
000263 375 1242 1 1062.17 225.612 149.104 57.2943 0.898297
000263 375 1242 1 1197.01 228.638 89.9846 60.3634 0.8845
000263 375 1242 1 579.69 200.16 45.0262 34.2822 0.881
000263 375 1242 1 525.523 192.901 36.2936 25.7973 0.800284
000264 375 1242 1 1094.98 228.516 163.932 58.0647 0.904666
000264 375 1242 1 580.047 202.518 45.7959 34.7411 0.869204
000264 375 1242 1 1215.45 229.027 53.0974 51.64 0.845922
000264 375 1242 1 526.112 195.791 34.8692 25.7877 0.789629
000265 375 1242 1 1131.96 230.091 173.564 63.9219 0.921089
000265 375 1242 1 580.46 201.945 45.6824 35.4606 0.871344
000265 375 1242 1 527.481 195.55 34.6812 26.2499 0.782706
000266 375 1242 1 1162.1 237.744 156.868 72.4973 0.90778
000266 375 1242 1 579.911 202.935 43.4562 33.6952 0.859946
000266 375 1242 1 528.188 198.667 34.9409 27.8686 0.79677
000267 375 1242 1 1175.76 239.663 123.326 57.8521 0.904151
000267 375 1242 1 580.596 203.413 43.9637 33.9545 0.848193
000267 375 1242 1 529.268 200.131 34.1276 26.5207 0.774382
000268 375 1242 1 581.576 203.479 43.002 34.0847 0.837372
000268 375 1242 1 1207.48 242.168 69.0387 68.149 0.822984
000268 375 1242 1 530.507 200.222 33.5894 26.4458 0.776644
000269 375 1242 1 582.555 200.9 44.6693 36.4609 0.887876
000269 375 1242 1 531.818 196.78 33.4351 25.9144 0.795309
000270 375 1242 1 583.061 200.733 43.3785 36.1321 0.887626
000270 375 1242 1 533.971 197.78 33.2004 26.3055 0.796861
000271 375 1242 1 583.822 204.306 41.151 32.607 0.820761
000271 375 1242 1 534.128 201.527 32.516 24.9685 0.746869
000272 375 1242 1 583.862 208.885 41.6559 32.7777 0.864
000272 375 1242 1 534.954 200.601 31.8673 24.0667 0.651401
000273 375 1242 1 583.854 209.982 41.3972 31.8859 0.861187
000273 375 1242 1 534.865 201.709 34.4564 24.4256 0.712112
000274 375 1242 1 584.804 209.646 41.7175 32.5798 0.862848
000274 375 1242 1 534.939 200.935 32.1582 24.5854 0.655432
000275 375 1242 1 583.709 205.323 41.3448 34.7631 0.854528
000275 375 1242 1 534.993 202.222 32.4988 25.163 0.743047
000276 375 1242 1 584.604 200.881 41.2734 34.3582 0.872029
000276 375 1242 1 535.187 195.49 32.2764 25.0068 0.79493
000277 375 1242 1 584.484 193.97 40.5377 31.2112 0.859288
000277 375 1242 1 535.837 186.351 32.2173 23.3901 0.687747
000278 375 1242 1 584.503 190.949 39.7882 31.8803 0.85835
000278 375 1242 1 535.438 183.771 31.8903 23.9994 0.651826
000279 375 1242 1 583.832 190.188 39.0078 31.8708 0.864322
000279 375 1242 1 536.078 184.179 31.599 24.0167 0.64799
000280 375 1242 1 585.415 194.454 40.6155 31.1159 0.857927
000280 375 1242 1 538.68 191.483 32.967 26.1754 0.817998
000281 375 1242 1 585.162 201.021 38.3457 31.5306 0.855448
000281 375 1242 1 538.83 199.341 30.2358 24.9837 0.772018
000282 375 1242 1 585.171 202.929 37.9669 30.7794 0.82469
000282 375 1242 1 539.402 201.278 30.8635 24.0638 0.735322
000283 375 1242 1 586.067 203.367 37.3396 30.4579 0.811839
000283 375 1242 1 539.237 201.377 29.5735 24.0048 0.722487
000284 375 1242 1 586.318 201.72 37.55 30.4388 0.833462
000284 375 1242 1 540.42 198.74 30.6117 24.3544 0.769927
000285 375 1242 1 586.143 200.099 38.6725 30.135 0.838058
000285 375 1242 1 540.963 196.501 30.8732 23.6939 0.790546
000286 375 1242 1 589.937 199.898 38.0634 30.5335 0.843054
000286 375 1242 1 541.725 195.871 31.1969 23.49 0.773907
000287 375 1242 1 590.49 201.81 36.2593 29.9919 0.848254
000287 375 1242 1 541.86 198.038 30.3376 23.4138 0.754515
000288 375 1242 1 590.76 201.751 35.5021 30.157 0.850043
000288 375 1242 1 542.046 198.343 31.163 24.1055 0.762453
000289 375 1242 1 591.947 199.891 36.8297 29.8809 0.849312
000289 375 1242 1 541.018 195.646 32.792 22.951 0.759417
000290 375 1242 1 592.653 196.531 35.4053 29.2383 0.841184
000290 375 1242 1 542.847 191.538 32.5262 24.6318 0.781885
000291 375 1242 1 594.413 196.828 36.1937 28.8456 0.837411
000291 375 1242 1 544.229 191.928 33.0092 23.6897 0.77449
000292 375 1242 1 595.617 199.296 39.3035 30.2328 0.857505
000292 375 1242 1 544.734 194.535 33.1152 23.741 0.782286
000293 375 1242 1 597.374 198.462 38.8345 30.5062 0.861086
000293 375 1242 1 547.088 195.931 33.0398 24.6241 0.791989
000293 375 1242 1 419.866 186.94 35.2577 19.7527 0.639553
000294 375 1242 1 598.443 195.908 37.0793 28.5013 0.847421
000294 375 1242 1 548.467 192.702 32.5037 23.9502 0.785226
000295 375 1242 1 598.83 194.808 35.3834 29.1246 0.84541
000295 375 1242 1 549.848 190.083 31.5909 24.3486 0.764803
000296 375 1242 1 599.132 196.568 35.9641 28.3805 0.842199
000296 375 1242 1 550.384 193.319 31.3867 24.7323 0.797658
000296 375 1242 1 389.276 187.916 37.2659 21.6909 0.725558
000297 375 1242 1 599.99 201.161 35.0055 28.9832 0.829694
000297 375 1242 1 376.865 195.056 37.8378 22.4175 0.822663
000297 375 1242 1 549.569 199.258 31.7391 25.4538 0.776138
000298 375 1242 1 599.04 204.514 35.219 28.8799 0.776448
000298 375 1242 1 360.99 202.647 43.8486 24.0959 0.742989
000298 375 1242 1 548.457 202.634 31.4678 24.6573 0.741087
000299 375 1242 1 342.715 199.462 48.7653 26.5177 0.821498
000299 375 1242 1 599.689 204.031 34.4033 28.2105 0.782278
000299 375 1242 1 547.658 201.185 30.6404 24.2952 0.749856
000300 375 1242 1 322.308 196.14 59.2042 29.4901 0.798924
000300 375 1242 1 600.15 203.296 32.256 27.5112 0.789441
000300 375 1242 1 546.881 198.205 32.243 25.404 0.783461
000301 375 1242 1 298.148 193.599 64.5832 32.1013 0.854203
000301 375 1242 1 599.817 200.88 35.6542 29.5322 0.843892
000301 375 1242 1 547.544 194.682 31.1671 25.1394 0.800466
000302 375 1242 1 268.937 196.776 69.5922 35.5615 0.880668
000302 375 1242 1 600.254 200.66 33.9373 28.4879 0.827121
000302 375 1242 1 547.351 193.571 30.6661 25.4988 0.801069
000303 375 1242 1 236.903 200.043 83.764 39.7267 0.885334
000303 375 1242 1 600.981 199.897 36.0311 30.1666 0.846445
000303 375 1242 1 547.818 194.518 31.554 26.3512 0.798858
000304 375 1242 1 193.803 199.893 91.074 42.1982 0.906819
000304 375 1242 1 601.126 195.346 34.9656 27.8062 0.828292
000304 375 1242 1 547.989 190.45 32.606 25.5925 0.78408
000305 375 1242 1 140.563 200.501 114.253 49.3793 0.886043
000305 375 1242 1 601.835 190.328 34.6089 27.5212 0.815663
000305 375 1242 1 546.04 186.604 33.8563 25.2574 0.740879
000306 375 1242 1 77.5902 205.438 138.813 59.9403 0.898263
000306 375 1242 1 600.779 189.029 36.1307 27.1781 0.812446
000306 375 1242 1 546.908 184.945 34.194 24.4578 0.676235
000307 375 1242 1 43.0891 208.108 72.3483 58.9141 0.877994
000307 375 1242 1 602.219 191.9 35.0972 27.3191 0.822486
000307 375 1242 1 547.208 187.629 31.9587 24.2 0.741165
000308 375 1242 1 602.516 193.47 34.9268 26.9371 0.816788
000308 375 1242 1 545.779 188.768 34.1132 23.9265 0.764106
000309 375 1242 1 602.441 196.125 34.603 27.3181 0.828458
000309 375 1242 1 545.947 191.409 35.0974 26.0121 0.8065
000310 375 1242 1 601.952 196.184 34.3551 26.5915 0.816657
000310 375 1242 1 543.692 190.816 35.0712 25.5608 0.803916
000311 375 1242 1 601.737 193.841 34.8652 27.4624 0.816205
000311 375 1242 1 543.585 189.73 33.6116 23.6416 0.767058
000312 375 1242 1 601.289 194.316 34.662 27.1407 0.807838
000312 375 1242 1 542.79 190.333 33.7021 24.8083 0.787728
000313 375 1242 1 601.571 199.056 33.425 26.5139 0.806502
000313 375 1242 1 541.167 196.449 33.4441 24.1355 0.780795
000314 375 1242 1 602.14 202.506 32.413 26.326 0.779448
000314 375 1242 1 541.61 198.021 32.6891 23.5249 0.765788
000315 375 1242 1 600.054 199.565 33.5026 26.0577 0.808511
000315 375 1242 1 542.003 194.974 31.494 24.0397 0.766687
000316 375 1242 1 599.256 195.617 33.8654 26.7846 0.823877
000316 375 1242 1 540.704 191.184 32.786 24.0726 0.792479
000317 375 1242 1 600.461 192.66 34.1354 27.2809 0.831973
000317 375 1242 1 538.87 187.66 30.2976 23.6788 0.741565
000318 375 1242 1 600.11 190.939 34.056 26.1658 0.823388
000318 375 1242 1 536.886 188.192 31.4037 24.1146 0.778867
000319 375 1242 1 601.337 190.0 34.192 26.6933 0.819292
000319 375 1242 1 536.268 187.649 30.9315 24.4576 0.781045
000319 375 1242 1 33.8918 291.119 67.7835 167.762 0.739651
000320 375 1242 1 601.795 192.071 32.905 26.9751 0.821952
000320 375 1242 1 536.869 188.047 31.8229 24.2791 0.785708
000320 375 1242 1 87.9901 291.585 175.98 166.829 0.731005
000321 375 1242 1 109.118 289.505 218.236 170.576 0.924117
000321 375 1242 1 538.474 193.518 33.7036 24.5872 0.829457
000321 375 1242 1 604.64 198.492 32.084 26.0766 0.792571
000322 375 1242 1 112.27 273.859 224.54 200.073 0.906729
000322 375 1242 1 537.54 191.243 33.2683 25.0257 0.815665
000322 375 1242 1 604.599 197.512 32.8092 26.1203 0.795468
000323 375 1242 1 127.602 288.312 255.204 173.376 0.946711
000323 375 1242 1 605.328 192.151 33.4121 26.737 0.823396
000323 375 1242 1 535.896 186.96 31.7301 22.9415 0.731764
000324 375 1242 1 135.113 280.161 270.226 189.678 0.906971
000324 375 1242 1 605.171 188.632 33.3384 26.1069 0.819454
000324 375 1242 1 535.231 185.884 31.8829 25.8932 0.742485
000325 375 1242 1 158.144 288.851 316.287 172.298 0.915264
000325 375 1242 1 605.116 191.144 32.9031 26.2695 0.826287
000325 375 1242 1 534.53 187.61 33.5394 23.907 0.754991
000326 375 1242 1 168.569 281.865 337.138 186.271 0.918961
000326 375 1242 1 605.403 192.841 32.1887 26.1608 0.819501
000326 375 1242 1 534.485 189.52 34.6454 25.6643 0.807235
000327 375 1242 1 178.423 280.503 356.846 187.928 0.935089
000327 375 1242 1 533.474 195.652 31.9235 24.7958 0.806989
000327 375 1242 1 604.801 198.608 30.7179 24.3397 0.775287
000328 375 1242 1 179.29 281.417 358.58 187.165 0.910688
000328 375 1242 1 530.367 195.672 34.0214 25.0871 0.798799
000328 375 1242 1 605.104 198.701 31.6945 25.2383 0.780182
000329 375 1242 1 206.435 279.828 367.641 187.22 0.895028
000329 375 1242 1 526.864 196.933 33.7657 25.5127 0.808368
000329 375 1242 1 603.666 197.411 30.4592 25.2763 0.800293
000330 375 1242 1 179.777 279.98 359.554 187.432 0.912353
000330 375 1242 1 524.392 195.514 33.3435 26.5415 0.817099
000330 375 1242 1 601.123 196.611 29.2596 25.5187 0.813703
000331 375 1242 1 183.118 282.158 366.236 185.683 0.910603
000331 375 1242 1 598.961 194.248 29.6558 25.479 0.822993
000331 375 1242 1 521.489 194.262 34.6842 26.5272 0.81884
000332 375 1242 1 184.344 279.682 368.689 190.636 0.913203
000332 375 1242 1 518.583 194.138 35.1639 27.0717 0.832539
000332 375 1242 1 596.962 193.141 30.3312 26.2614 0.824304
000333 375 1242 1 195.217 278.974 363.353 190.2 0.945169
000333 375 1242 1 515.533 189.951 34.9526 27.2905 0.827329
000333 375 1242 1 594.97 189.816 31.5372 25.7474 0.823079
000334 375 1242 1 225.718 277.362 345.112 191.851 0.953514
000334 375 1242 1 510.731 189.608 33.7138 26.9416 0.835478
000334 375 1242 1 589.965 188.698 30.6426 25.3807 0.80006
000335 375 1242 1 244.27 275.661 321.191 191.626 0.914478
000335 375 1242 1 508.852 189.402 34.488 29.3757 0.840035
000335 375 1242 1 589.009 186.145 31.2283 24.6706 0.776221
000335 375 1242 1 461.364 183.814 28.3661 18.3269 0.628435
000336 375 1242 1 271.359 264.809 287.132 176.566 0.865251
000336 375 1242 1 505.007 188.838 37.3345 28.0573 0.827057
000336 375 1242 1 588.642 187.842 30.7468 25.0561 0.766369
000336 375 1242 1 452.001 185.055 29.8558 19.9957 0.662025
000337 375 1242 1 274.458 263.263 280.066 170.716 0.932076
000337 375 1242 1 504.048 190.528 36.0411 27.3982 0.82838
000337 375 1242 1 588.619 187.017 30.2024 24.7037 0.750713
000338 375 1242 1 288.621 260.823 264.619 160.58 0.952566
000338 375 1242 1 500.786 192.55 35.3254 28.2479 0.854175
000338 375 1242 1 583.796 188.628 30.329 24.2596 0.78561
000339 375 1242 1 296.153 258.656 254.998 152.876 0.927735
000339 375 1242 1 498.36 196.791 35.4316 27.623 0.834574
000339 375 1242 1 582.897 191.447 31.2039 22.6253 0.800381
000339 375 1242 1 425.325 187.946 34.707 24.9243 0.7695
000340 375 1242 1 310.159 257.078 240.571 144.716 0.895765
000340 375 1242 1 496.523 196.751 36.6367 27.1539 0.827015
000340 375 1242 1 413.419 187.38 38.2689 25.2766 0.820346
000340 375 1242 1 580.792 190.841 31.7041 24.0277 0.816455
000341 375 1242 1 323.247 250.071 226.051 131.183 0.964733
000341 375 1242 1 578.321 191.236 32.1549 23.7044 0.816693
000341 375 1242 1 494.339 197.675 37.6239 26.5156 0.81269
000341 375 1242 1 401.44 189.167 39.2388 22.9395 0.729362
000342 375 1242 1 333.125 249.176 209.396 125.517 0.945464
000342 375 1242 1 576.212 194.889 30.2214 23.9918 0.808172
000342 375 1242 1 491.604 199.786 35.6019 27.0455 0.794606
000342 375 1242 1 388.414 194.868 45.3456 27.8911 0.790766
000343 375 1242 1 342.097 249.461 203.823 122.331 0.90686
000343 375 1242 1 488.891 204.369 40.127 28.5121 0.808378
000343 375 1242 1 574.375 201.134 30.6179 24.2012 0.74263
000343 375 1242 1 372.729 202.592 45.0136 28.8084 0.681165
000344 375 1242 1 353.965 248.046 200.623 119.164 0.905883
000344 375 1242 1 487.913 204.671 35.9771 27.6636 0.770932
000344 375 1242 1 574.41 199.605 32.1499 23.4635 0.748888
000344 375 1242 1 405.088 211.223 40.48 27.652 0.693102
000345 375 1242 1 364.4 244.421 187.85 110.776 0.931663
000345 375 1242 1 485.61 200.283 36.7539 29.018 0.840138
000345 375 1242 1 573.43 191.592 34.2513 23.6784 0.793048
000346 375 1242 1 372.672 242.297 175.375 107.368 0.914161
000346 375 1242 1 289.71 202.566 73.8666 41.4861 0.869716
000346 375 1242 1 483.11 197.617 37.3054 29.6 0.850328
000346 375 1242 1 336.405 197.718 43.3989 30.8342 0.793441
000346 375 1242 1 573.522 188.522 33.038 23.5649 0.762827
000346 375 1242 1 421.2 195.597 38.2123 20.5893 0.655555
000347 375 1242 1 382.591 242.716 170.43 105.778 0.918657
000347 375 1242 1 254.494 209.299 90.3439 49.0831 0.891748
000347 375 1242 1 480.685 199.032 39.9944 30.7695 0.836711
000347 375 1242 1 305.542 201.3 49.9995 30.1864 0.790042
000347 375 1242 1 571.021 192.174 33.646 22.8285 0.789002
000347 375 1242 1 419.018 200.281 34.7368 23.3189 0.679176
000348 375 1242 1 387.195 244.223 164.43 100.227 0.944437
000348 375 1242 1 198.095 216.277 116.299 56.0769 0.884099
000348 375 1242 1 278.795 204.579 75.8825 35.6006 0.857348
000348 375 1242 1 477.679 203.144 42.1092 30.8717 0.828292
000348 375 1242 1 566.177 197.578 28.6962 21.7169 0.745827
000348 375 1242 1 228.145 201.487 45.5939 24.6411 0.652911
000349 375 1242 1 247.762 210.04 80.706 40.9928 0.913345
000349 375 1242 1 392.557 243.657 151.572 96.9586 0.890637
000349 375 1242 1 132.047 226.259 154.997 67.8861 0.880749
000349 375 1242 1 478.744 203.484 40.0902 31.1033 0.811961
000349 375 1242 1 562.674 201.887 29.1194 21.3119 0.652116
000350 375 1242 1 399.948 241.176 153.654 95.718 0.931381
000350 375 1242 1 67.6314 231.05 129.62 83.3215 0.902879
000350 375 1242 1 206.876 210.687 97.3398 41.9355 0.885153
000350 375 1242 1 471.673 204.423 42.4058 28.4325 0.794006
000351 375 1242 1 403.929 237.978 142.119 93.0489 0.90209
000351 375 1242 1 156.12 210.419 123.485 48.6922 0.875293
000351 375 1242 1 466.335 200.921 46.739 29.9689 0.839669
000351 375 1242 1 555.739 194.036 29.0325 22.0591 0.77097
000351 375 1242 1 406.411 210.525 60.351 41.369 0.602516
000352 375 1242 1 84.4338 211.044 149.286 54.9655 0.92483
000352 375 1242 1 409.455 230.592 138.723 91.4803 0.869449
000352 375 1242 1 465.177 198.043 46.7611 29.0883 0.841016
000352 375 1242 1 556.35 190.452 31.2944 23.9413 0.789299
000353 375 1242 1 47.0113 211.163 94.0226 58.2848 0.930038
000353 375 1242 1 413.704 228.378 135.371 86.0233 0.871605
000353 375 1242 1 462.787 197.383 42.3161 28.4694 0.821727
000353 375 1242 1 552.973 189.332 29.3389 23.6921 0.771883
000353 375 1242 1 358.514 190.43 34.9613 22.3699 0.68424
000354 375 1242 1 418.143 227.413 131.203 88.14 0.885551
000354 375 1242 1 550.764 190.424 29.746 21.2291 0.761343
000354 375 1242 1 453.672 199.114 41.6073 28.7725 0.726036
000354 375 1242 1 338.237 188.232 39.6093 21.523 0.700695
000355 375 1242 1 423.684 228.872 131.296 85.0098 0.899642
000355 375 1242 1 320.103 195.578 47.6807 24.5655 0.824056
000355 375 1242 1 547.811 193.114 27.9364 21.038 0.755524
000355 375 1242 1 452.777 200.642 40.5374 27.2681 0.709179
000356 375 1242 1 428.696 229.203 129.872 80.3802 0.864096
000356 375 1242 1 294.341 202.022 52.6291 27.1563 0.759395
000356 375 1242 1 547.225 197.291 27.7949 20.3687 0.741216
000356 375 1242 1 450.593 208.307 63.3705 36.2955 0.705266
000357 375 1242 1 434.219 227.442 121.18 77.6703 0.917135
000357 375 1242 1 271.497 202.867 64.3742 29.6991 0.810615
000357 375 1242 1 545.688 197.882 27.5486 20.6129 0.713967
000358 375 1242 1 437.256 226.017 112.358 73.247 0.92716
000358 375 1242 1 241.184 203.8 76.7636 34.1637 0.831735
000358 375 1242 1 543.599 196.909 28.3856 19.9634 0.718091
000359 375 1242 1 441.063 223.439 110.852 74.1405 0.904127
000359 375 1242 1 197.518 202.005 89.6656 39.1578 0.828499
000359 375 1242 1 543.516 190.796 30.7709 21.0037 0.723214
000359 375 1242 1 452.014 198.759 43.0619 26.1086 0.636079
000360 375 1242 1 446.211 217.416 104.924 72.862 0.91621
000360 375 1242 1 150.134 206.022 114.321 40.3034 0.72543
000360 375 1242 1 545.505 188.036 31.7117 22.9332 0.709002
000360 375 1242 1 453.606 196.071 44.1064 27.9795 0.646114
000361 375 1242 1 450.562 217.042 103.072 67.387 0.927321
000361 375 1242 1 83.5248 210.2 128.864 50.1762 0.878306
000361 375 1242 1 544.867 192.243 29.6752 21.3285 0.751661
000361 375 1242 1 467.309 194.971 38.6695 25.4436 0.627507
000362 375 1242 1 453.062 215.729 100.625 68.8942 0.901652
000362 375 1242 1 49.2042 213.605 93.9 57.9684 0.900188
000362 375 1242 1 545.139 193.004 29.137 21.4503 0.765267
000363 375 1242 1 460.821 214.752 97.5849 67.4366 0.887898
000363 375 1242 1 425.181 204.23 59.1767 38.3772 0.809331
000363 375 1242 1 545.847 189.729 29.2531 21.6529 0.727844
000364 375 1242 1 463.63 214.513 100.394 66.5107 0.89523
000364 375 1242 1 426.766 203.297 60.4401 39.0451 0.849632
000364 375 1242 1 548.541 189.014 27.3322 20.96 0.690511
000365 375 1242 1 466.512 216.091 99.4289 64.9751 0.903327
000365 375 1242 1 425.086 204.471 58.9323 39.9131 0.84804
000365 375 1242 1 547.968 189.175 28.1019 21.7609 0.717757
000365 375 1242 1 469.373 197.561 41.8872 28.7965 0.655905
000366 375 1242 1 416.545 206.298 61.218 43.4293 0.912966
000366 375 1242 1 472.383 216.47 91.2586 66.8193 0.908429
000366 375 1242 1 550.415 190.627 27.5803 20.7699 0.716873
000366 375 1242 1 483.862 195.936 36.2918 26.5599 0.627612
000367 375 1242 1 415.767 208.481 70.7729 42.4793 0.893149
000367 375 1242 1 476.365 217.579 95.3785 62.3229 0.847173
000367 375 1242 1 551.883 193.289 27.9357 21.5937 0.754168
000368 375 1242 1 410.169 210.301 65.1587 44.9385 0.886255
000368 375 1242 1 477.578 217.683 94.6811 63.4875 0.845292
000368 375 1242 1 551.263 192.822 27.9619 20.7156 0.748917
000369 375 1242 1 403.218 211.683 64.9395 45.8089 0.881872
000369 375 1242 1 478.584 221.697 89.8676 59.7416 0.820123
000369 375 1242 1 554.094 195.959 29.1078 22.3045 0.737572
000370 375 1242 1 404.099 212.817 77.6989 46.8516 0.898369
000370 375 1242 1 483.17 215.612 79.1022 53.5132 0.803713
000370 375 1242 1 467.602 202.682 40.4663 28.4482 0.714757
000370 375 1242 1 555.684 196.071 29.4364 21.4801 0.706976
000371 375 1242 1 399.391 215.027 83.7252 47.9993 0.902855
000371 375 1242 1 490.147 218.373 89.5178 60.6225 0.823797
000371 375 1242 1 556.324 195.776 28.355 21.7959 0.724328
000371 375 1242 1 468.999 200.682 35.1273 24.5693 0.652773
000372 375 1242 1 392.46 214.412 85.0043 49.0363 0.906271
000372 375 1242 1 486.858 215.293 79.3886 55.5078 0.846352
000372 375 1242 1 555.365 194.939 28.4053 21.1888 0.742526
000373 375 1242 1 386.51 216.854 95.0104 53.4031 0.901811
000373 375 1242 1 487.854 216.519 76.6371 56.4911 0.874817
000373 375 1242 1 556.57 196.254 27.8926 20.6399 0.700352
000374 375 1242 1 378.387 214.187 100.26 57.5406 0.898553
000374 375 1242 1 489.73 213.016 75.8376 57.6854 0.892614
000374 375 1242 1 555.42 191.143 27.5059 20.6374 0.701612
000375 375 1242 1 372.496 207.723 99.4127 56.5587 0.922121
000375 375 1242 1 495.746 208.206 77.7541 60.6858 0.877243
000375 375 1242 2 744.618 180.894 24.0433 79.0804 0.702452
000376 375 1242 1 360.946 206.055 108.173 60.1145 0.880166
000376 375 1242 1 498.037 201.57 75.7368 56.76 0.865325
000376 375 1242 1 556.031 183.559 27.2905 19.8768 0.647558
000377 375 1242 1 353.753 208.045 113.227 62.7189 0.90616
000377 375 1242 1 500.812 201.312 74.1523 55.1346 0.88979
000377 375 1242 1 556.821 184.678 27.066 19.7445 0.626108
000378 375 1242 1 342.725 213.535 121.959 63.8565 0.910256
000378 375 1242 1 502.786 206.777 73.6532 58.0823 0.903183
000379 375 1242 1 333.353 216.047 130.835 68.3215 0.905538
000379 375 1242 1 506.359 206.908 69.4835 58.5003 0.903201
000380 375 1242 1 319.856 218.741 141.593 73.2859 0.909071
000380 375 1242 1 510.535 205.554 67.663 54.8012 0.858896
000381 375 1242 1 308.118 220.854 150.861 76.1982 0.942677
000381 375 1242 1 511.24 201.772 68.1734 54.1897 0.863307
000381 375 1242 2 965.686 160.206 33.6348 91.5965 0.74107
000382 375 1242 1 291.31 223.403 162.184 83.0475 0.957478
000382 375 1242 1 512.032 201.077 66.6069 51.6399 0.860667
000383 375 1242 1 275.651 226.035 170.332 89.056 0.956199
000383 375 1242 1 517.092 200.159 66.4665 50.2654 0.892573
000383 375 1242 1 568.651 187.427 25.8379 20.3086 0.61276
000384 375 1242 1 254.949 230.85 183.032 94.784 0.932922
000384 375 1242 1 519.722 199.723 65.2407 51.7375 0.899801
000385 375 1242 1 229.447 236.139 204.721 102.007 0.922492
000385 375 1242 1 522.751 199.733 63.3949 52.1853 0.86832
000385 375 1242 1 483.102 178.878 24.8143 17.7628 0.671289
000385 375 1242 1 521.646 185.208 28.257 24.0511 0.607072
000386 375 1242 1 206.867 242.417 234.707 110.005 0.937198
000386 375 1242 1 524.19 201.07 63.4921 49.7286 0.855931
000387 375 1242 1 165.497 246.921 258.48 120.757 0.925487
000387 375 1242 1 526.581 205.34 61.9736 50.7383 0.80265
000388 375 1242 1 136.431 258.807 272.861 137.918 0.940069
000388 375 1242 1 526.424 205.655 63.9577 49.0967 0.850685
000389 375 1242 1 124.823 264.821 245.516 148.439 0.881133
000389 375 1242 1 526.428 206.003 63.0768 47.5909 0.871319
000389 375 1242 1 497.04 188.807 29.4485 21.6166 0.649973
