000000 375 1242 1 426.784 173.965 579.254 218.778 0.999992
000000 375 1242 1 71.5678 182.496 272.397 243.937 0.99998
000000 375 1242 1 806.494 163.045 951.091 250.704 0.994528
000000 375 1242 1 1132.77 161.61 1242.0 225.51 0.695653
000001 375 1242 1 395.677 173.501 556.523 222.268 0.999998
000001 375 1242 1 10.1655 184.652 218.414 249.34 0.999928
000001 375 1242 1 830.451 162.411 983.562 250.649 0.995449
000002 375 1242 1 361.631 171.495 528.9 223.285 0.999997
000002 375 1242 1 0.0 183.177 181.493 253.539 0.993658
000002 375 1242 1 854.614 158.964 1017.92 251.063 0.980035
000003 375 1242 1 320.117 168.264 494.889 225.907 0.999995
000003 375 1242 1 882.288 153.616 1053.04 252.331 0.998745
000004 375 1242 1 276.142 166.668 465.538 226.866 0.999999
000004 375 1242 1 911.168 149.81 1082.82 251.705 0.998641
000005 375 1242 1 223.911 168.32 430.652 232.746 1.0
000005 375 1242 1 934.969 150.96 1122.41 251.786 0.998963
000006 375 1242 1 164.592 167.31 390.22 236.769 0.999969
000006 375 1242 1 965.669 153.341 1166.49 254.33 0.997803
000006 375 1242 1 845.489 149.498 1034.89 212.766 0.65517
000007 375 1242 1 80.3525 170.697 337.278 244.179 0.999981
000007 375 1242 1 992.391 156.73 1199.06 257.109 0.991458
000007 375 1242 1 1177.1 153.598 1242.0 203.787 0.612746
000008 375 1242 1 2.28282 170.685 279.8 254.492 0.999982
000008 375 1242 1 1020.65 156.256 1236.56 259.134 0.997239
000009 375 1242 1 1045.65 155.922 1242.0 261.983 0.999512
000009 375 1242 1 0.0 169.162 244.071 260.174 0.996691
000010 375 1242 1 1071.84 154.219 1242.0 263.034 0.998739
000011 375 1242 1 1095.45 154.722 1242.0 259.635 0.99908
000012 375 1242 1 1109.48 161.889 1242.0 265.63 0.975677
000013 375 1242 1 1010.22 168.171 1169.3 222.83 0.993677
000013 375 1242 1 1122.38 167.739 1242.0 269.795 0.976301
000014 375 1242 1 977.511 170.943 1128.02 228.479 0.999876
000014 375 1242 1 1133.84 168.207 1242.0 270.645 0.993752
000015 375 1242 1 941.816 172.684 1087.44 229.189 0.999848
000015 375 1242 1 1140.23 171.511 1242.0 271.537 0.993897
000016 375 1242 1 892.561 175.459 1039.54 234.172 0.999977
000016 375 1242 1 1139.61 172.544 1242.0 271.029 0.977161
000017 375 1242 1 851.52 176.621 998.103 236.195 0.999967
000017 375 1242 1 1140.38 174.201 1242.0 272.522 0.993203
000017 375 1242 1 1064.53 182.092 1179.35 224.119 0.978436
000018 375 1242 1 806.123 177.34 953.352 238.393 0.999933
000018 375 1242 1 1020.17 181.356 1136.41 225.066 0.999896
000018 375 1242 1 1132.8 177.37 1242.0 272.567 0.99613
000019 375 1242 1 982.831 181.244 1094.2 225.214 0.999818
000019 375 1242 1 766.038 177.468 918.747 242.635 0.999756
000019 375 1242 1 1129.0 178.307 1242.0 269.0 0.999659
000020 375 1242 1 725.399 176.605 874.235 244.089 0.999889
000020 375 1242 1 945.53 180.249 1057.74 224.407 0.999667
000020 375 1242 1 1119.88 174.751 1242.0 266.721 0.999357
000020 375 1242 1 1078.52 178.93 1160.43 214.59 0.729006
000021 375 1242 1 1111.02 173.24 1242.0 263.655 0.999963
000021 375 1242 1 914.757 179.624 1018.75 225.405 0.999728
000021 375 1242 1 674.096 179.227 827.297 246.887 0.999455
000021 375 1242 1 1042.33 178.417 1122.62 214.266 0.999432
000022 375 1242 1 1091.6 175.518 1226.04 261.578 0.999989
000022 375 1242 1 874.191 181.035 980.615 226.386 0.99989
000022 375 1242 1 1006.76 178.786 1085.71 216.154 0.999418
000022 375 1242 1 621.073 177.803 782.779 255.374 0.998445
000022 375 1242 1 1080.69 178.287 1130.26 211.978 0.840037
000023 375 1242 1 1079.86 179.19 1198.95 260.189 0.999996
000023 375 1242 1 968.925 183.537 1050.01 217.413 0.999941
000023 375 1242 1 838.688 183.278 940.961 230.568 0.999881
000023 375 1242 1 560.999 178.332 738.713 258.875 0.998731
000023 375 1242 1 1041.07 182.353 1093.25 213.009 0.998082
000024 375 1242 1 1059.67 182.638 1169.76 260.995 0.999996
000024 375 1242 1 796.263 185.874 901.881 234.76 0.999982
000024 375 1242 1 933.295 187.25 1009.24 221.784 0.999943
000024 375 1242 1 501.998 181.985 691.443 264.971 0.999751
000024 375 1242 1 1002.42 186.318 1055.92 216.999 0.998311
000024 375 1242 1 1190.83 189.999 1242.0 226.24 0.995885
000025 375 1242 1 1038.17 185.588 1140.28 259.121 0.999991
000025 375 1242 1 898.573 187.533 970.898 222.414 0.999984
000025 375 1242 1 756.063 188.09 862.26 237.434 0.99996
000025 375 1242 1 1148.77 189.114 1204.13 225.767 0.999761
000025 375 1242 1 425.243 180.701 629.683 276.0 0.999673
000025 375 1242 1 959.864 186.466 1015.72 218.114 0.99964
000026 375 1242 1 712.561 185.874 823.344 235.48 0.999993
000026 375 1242 1 1012.63 181.143 1106.87 256.098 0.99999
000026 375 1242 1 859.556 184.567 926.654 220.514 0.999978
000026 375 1242 1 921.587 184.152 973.194 215.602 0.999387
000026 375 1242 1 330.469 178.337 572.834 282.513 0.997632
000026 375 1242 1 1106.28 187.195 1157.49 219.568 0.99732
000027 375 1242 1 981.357 180.193 1068.63 251.027 0.999988
000027 375 1242 1 670.428 181.777 778.66 239.061 0.999981
000027 375 1242 1 819.278 183.917 883.453 217.08 0.999759
000027 375 1242 1 882.077 184.047 932.666 213.996 0.999596
000027 375 1242 1 231.863 176.004 508.818 295.224 0.99951
000027 375 1242 1 1064.57 186.826 1106.96 217.681 0.99873
000028 375 1242 1 950.266 182.576 1031.97 246.733 0.999992
000028 375 1242 1 613.332 185.697 734.554 241.775 0.999879
000028 375 1242 1 777.21 183.855 847.005 220.25 0.999744
000028 375 1242 1 844.078 185.208 890.869 213.607 0.999555
000028 375 1242 1 1019.19 186.467 1061.53 215.768 0.997654
000028 375 1242 1 87.18 173.396 438.22 312.078 0.996025
000029 375 1242 1 919.541 181.523 993.583 244.756 0.999992
000029 375 1242 1 565.122 184.006 684.011 249.422 0.999942
000029 375 1242 1 736.157 184.571 805.072 219.398 0.999664
000029 375 1242 1 801.843 185.049 848.359 214.121 0.999196
000029 375 1242 1 0.0 172.264 365.382 331.966 0.994703
000029 375 1242 1 971.868 186.943 1015.86 217.013 0.96475
000030 375 1242 1 887.834 182.641 956.989 241.415 0.999991
000030 375 1242 1 502.547 183.241 641.792 251.75 0.999989
000030 375 1242 1 693.808 183.378 765.161 221.036 0.99997
000030 375 1242 1 761.821 183.102 809.337 214.443 0.999546
000031 375 1242 1 854.099 182.103 919.708 240.347 0.999997
000031 375 1242 1 652.839 183.696 724.691 221.365 0.999983
000031 375 1242 1 434.598 181.737 591.924 255.005 0.999953
000031 375 1242 1 722.124 185.18 766.73 213.226 0.999529
000031 375 1242 1 757.182 183.693 790.395 208.943 0.573679
000032 375 1242 1 610.612 182.175 679.629 222.917 0.999997
000032 375 1242 1 818.943 182.363 882.361 236.431 0.999995
000032 375 1242 1 365.839 182.306 537.028 261.396 0.999942
000032 375 1242 1 682.226 183.534 727.352 212.335 0.998955
000033 375 1242 1 785.734 180.367 844.934 234.74 0.999998
000033 375 1242 1 566.414 181.53 641.23 222.901 0.999997
000033 375 1242 1 279.469 178.727 473.764 270.721 0.999946
000033 375 1242 1 639.774 181.451 688.404 212.79 0.999892
000034 375 1242 1 751.905 177.896 807.836 231.912 0.999999
000034 375 1242 1 518.587 179.634 599.224 224.271 0.999999
000034 375 1242 1 163.702 179.045 413.957 283.376 0.999917
000034 375 1242 1 600.264 180.851 649.843 212.906 0.999891
000035 375 1242 1 472.328 181.013 558.768 224.574 0.999995
000035 375 1242 1 719.486 178.301 773.366 229.303 0.999994
000035 375 1242 1 559.831 181.877 612.813 214.798 0.999939
000035 375 1242 1 31.7945 182.057 330.926 306.052 0.998133
000036 375 1242 1 688.064 178.862 741.591 228.098 0.999994
000036 375 1242 1 521.407 180.004 578.623 214.909 0.99998
000036 375 1242 1 420.196 179.887 519.929 230.282 0.99998
000036 375 1242 1 0.0 179.033 292.369 310.743 0.960923
000036 375 1242 1 592.33 178.956 625.306 203.175 0.576268
000037 375 1242 1 662.381 176.013 712.023 226.475 0.999987
000037 375 1242 1 486.741 181.312 544.842 216.389 0.999983
000037 375 1242 1 373.63 180.816 479.492 235.21 0.99994
000037 375 1242 1 560.955 177.327 594.551 203.589 0.822578
000038 375 1242 1 641.202 178.577 689.747 225.446 0.999997
000038 375 1242 1 455.511 182.82 515.031 220.752 0.999964
000038 375 1242 1 327.57 183.284 446.787 238.961 0.999912
000038 375 1242 1 499.456 180.478 541.664 209.718 0.996753
000038 375 1242 1 532.7 179.701 564.863 205.016 0.832334
000039 375 1242 1 621.99 180.018 670.255 225.911 0.999996
000039 375 1242 1 426.102 183.735 488.619 222.568 0.999989
000039 375 1242 1 277.42 184.557 407.875 247.078 0.999885
000039 375 1242 1 474.227 181.547 516.456 211.627 0.995549
000039 375 1242 1 507.511 179.329 540.431 206.542 0.956487
000040 375 1242 1 607.642 178.002 653.398 225.301 0.999996
000040 375 1242 1 397.382 184.366 467.558 224.367 0.999976
000040 375 1242 1 237.889 184.989 377.891 252.096 0.999846
000040 375 1242 1 449.965 182.521 496.085 212.787 0.998436
000040 375 1242 1 489.127 179.898 521.542 204.492 0.94594
000041 375 1242 1 594.073 179.821 638.017 224.901 0.999997
000041 375 1242 1 369.519 185.361 445.894 227.583 0.999956
000041 375 1242 1 432.6 181.657 480.008 215.143 0.999281
000041 375 1242 1 190.14 187.206 342.257 258.909 0.999044
000041 375 1242 1 469.404 178.587 504.743 207.833 0.996819
000042 375 1242 1 345.637 184.701 426.788 231.086 0.999991
000042 375 1242 1 583.802 179.022 627.741 224.025 0.999972
000042 375 1242 1 412.284 183.797 463.48 216.286 0.999327
000042 375 1242 1 453.7 179.58 490.441 209.215 0.997184
000042 375 1242 1 119.475 188.543 317.839 267.803 0.995719
000043 375 1242 1 575.187 180.254 619.519 225.472 0.999992
000043 375 1242 1 322.67 187.024 411.216 235.962 0.999978
000043 375 1242 1 394.856 183.617 450.114 218.599 0.999512
000043 375 1242 1 443.605 182.124 478.439 210.642 0.989377
000043 375 1242 1 71.1753 191.589 284.607 281.49 0.985216
000044 375 1242 1 572.456 180.273 614.769 224.835 0.999996
000044 375 1242 1 299.307 187.196 395.974 241.365 0.999964
000044 375 1242 1 379.076 185.145 441.759 222.797 0.999848
000044 375 1242 1 434.072 183.794 473.059 213.949 0.998212
000044 375 1242 1 0.0 192.423 253.564 298.406 0.995578
000045 375 1242 1 273.741 188.496 382.184 245.308 0.999992
000045 375 1242 1 571.188 180.905 614.515 224.399 0.999988
000045 375 1242 1 370.778 185.872 433.21 224.435 0.999859
000045 375 1242 1 426.905 186.061 467.448 215.225 0.998991
000045 375 1242 1 459.46 186.16 490.545 208.376 0.912348
000045 375 1242 1 0.0 198.954 236.08 312.109 0.709498
000046 375 1242 1 568.369 181.045 611.049 223.299 0.999987
000046 375 1242 1 355.487 186.447 426.552 228.288 0.999949
000046 375 1242 1 249.166 192.075 362.52 251.769 0.999937
000046 375 1242 1 419.409 183.896 462.788 215.464 0.99919
000046 375 1242 1 453.592 185.308 487.917 210.49 0.988235
000047 375 1242 1 568.49 181.908 610.283 224.778 0.999985
000047 375 1242 1 215.348 193.552 347.466 258.409 0.999952
000047 375 1242 1 343.384 187.917 419.959 229.57 0.999943
000047 375 1242 1 414.243 184.93 455.648 216.484 0.999772
000047 375 1242 1 450.136 186.743 486.192 209.322 0.980863
000048 375 1242 1 328.84 186.383 413.464 233.243 0.999989
000048 375 1242 1 568.249 180.783 608.901 222.389 0.999953
000048 375 1242 1 178.404 192.957 324.113 263.819 0.999845
000048 375 1242 1 406.292 185.508 452.015 217.225 0.999809
000048 375 1242 1 447.954 183.817 484.096 208.806 0.996136
000049 375 1242 1 567.137 180.385 608.869 220.723 0.999987
000049 375 1242 1 312.219 186.546 402.502 234.339 0.999975
000049 375 1242 1 402.964 182.998 447.782 217.799 0.999945
000049 375 1242 1 135.586 193.304 303.832 273.062 0.999901
000049 375 1242 1 443.153 184.305 483.807 209.159 0.99956
000050 375 1242 1 567.538 180.943 610.79 221.4 0.999984
000050 375 1242 1 392.786 183.504 443.973 221.461 0.999968
000050 375 1242 1 82.9876 195.747 278.259 284.851 0.999937
000050 375 1242 1 295.688 186.567 391.419 240.295 0.99992
000050 375 1242 1 441.765 185.094 481.664 212.397 0.998785
000051 375 1242 1 568.308 182.564 610.631 222.557 0.999987
000051 375 1242 1 274.672 188.156 380.681 246.981 0.999967
000051 375 1242 1 383.81 185.949 438.821 223.502 0.999904
000051 375 1242 1 18.6044 196.238 247.071 298.656 0.999742
000051 375 1242 1 437.204 187.783 478.806 213.323 0.999014
000052 375 1242 1 252.969 190.065 369.401 253.299 0.999993
000052 375 1242 1 570.408 182.882 610.371 222.595 0.99998
000052 375 1242 1 375.366 186.324 435.195 225.834 0.999972
000052 375 1242 1 435.038 188.168 478.1 214.492 0.999629
000052 375 1242 1 0.0 202.912 219.47 316.822 0.988969
000053 375 1242 1 221.189 190.952 353.203 256.153 0.999989
000053 375 1242 1 570.97 179.843 609.884 219.244 0.999983
000053 375 1242 1 365.003 185.705 428.154 226.649 0.999934
000053 375 1242 1 431.704 186.859 473.703 213.645 0.999537
000054 375 1242 1 570.413 179.102 609.159 218.511 0.999988
000054 375 1242 1 351.969 184.202 418.565 226.395 0.999987
000054 375 1242 1 182.376 190.637 331.506 264.898 0.999986
000054 375 1242 1 424.083 186.898 471.682 213.244 0.999495
000055 375 1242 1 570.261 179.526 609.091 219.352 0.999976
000055 375 1242 1 338.767 185.426 412.809 229.48 0.999945
000055 375 1242 1 137.179 190.037 312.133 274.068 0.999906
000055 375 1242 1 421.864 186.195 467.711 214.739 0.999879
000056 375 1242 1 572.581 181.847 609.723 219.664 0.999987
000056 375 1242 1 323.015 185.606 405.887 235.755 0.999921
000056 375 1242 1 417.112 188.543 463.785 217.115 0.999914
000056 375 1242 1 74.49 192.357 283.146 284.825 0.999864
000057 375 1242 1 571.284 183.643 608.795 223.083 0.999999
000057 375 1242 1 408.802 188.876 461.852 219.753 0.99998
000057 375 1242 1 305.022 186.691 391.312 242.471 0.999961
000057 375 1242 1 0.0 193.29 258.257 297.815 0.999105
000058 375 1242 1 572.905 184.774 610.599 223.021 0.999995
000058 375 1242 1 285.302 188.411 380.719 245.211 0.999979
000058 375 1242 1 405.665 192.187 458.897 221.316 0.999962
000058 375 1242 1 0.0 197.907 207.232 321.208 0.980899
000059 375 1242 1 573.805 183.333 611.407 222.326 0.999997
000059 375 1242 1 398.663 189.829 454.05 220.961 0.99992
000059 375 1242 1 268.821 186.731 366.201 248.883 0.999661
000060 375 1242 1 575.131 182.687 612.651 220.598 0.999996
000060 375 1242 1 394.711 188.391 448.911 219.882 0.999983
000060 375 1242 1 232.14 185.03 350.348 252.25 0.998901
000061 375 1242 1 384.672 186.566 443.365 221.291 0.999995
000061 375 1242 1 576.841 180.389 613.327 218.055 0.999995
000061 375 1242 1 200.852 185.043 332.722 254.551 0.999457
000062 375 1242 1 372.13 184.282 439.051 222.049 0.999998
000062 375 1242 1 578.801 179.61 615.381 214.967 0.999955
000062 375 1242 1 152.284 181.854 312.534 265.249 0.999784
000063 375 1242 1 360.425 183.879 433.256 223.17 0.999995
000063 375 1242 1 579.79 177.95 615.776 214.77 0.999985
000063 375 1242 1 102.696 180.789 284.345 276.083 0.999659
000064 375 1242 1 347.372 185.244 428.699 225.984 0.999992
000064 375 1242 1 583.163 178.237 616.852 214.344 0.999967
000064 375 1242 1 30.0482 186.473 248.893 292.98 0.997104
000065 375 1242 1 331.96 189.222 422.36 232.796 0.999997
000065 375 1242 1 584.986 179.403 619.387 214.871 0.999956
000065 375 1242 1 0.0 190.804 216.938 307.358 0.987466
000066 375 1242 1 587.944 181.901 620.404 216.595 0.999992
000066 375 1242 1 315.362 191.709 409.532 238.551 0.999985
000067 375 1242 1 296.811 190.179 401.308 239.869 0.999968
000067 375 1242 1 588.579 178.411 621.409 213.564 0.999947
000068 375 1242 1 270.681 187.331 390.086 242.287 0.999989
000068 375 1242 1 589.141 174.298 622.974 208.223 0.999878
000069 375 1242 1 590.301 170.436 623.015 205.14 0.999982
000069 375 1242 1 243.519 184.265 369.962 244.575 0.999979
000070 375 1242 1 210.085 186.812 356.515 253.448 0.999986
000070 375 1242 1 591.972 170.614 623.338 206.065 0.999986
000071 375 1242 1 592.547 178.108 622.947 210.87 0.999933
000071 375 1242 1 165.919 194.001 328.918 269.741 0.999904
000072 375 1242 1 591.341 181.568 623.454 214.58 0.999971
000072 375 1242 1 92.1553 198.482 306.054 286.589 0.999658
000073 375 1242 1 591.384 181.161 622.428 213.748 0.999912
000073 375 1242 1 36.647 197.602 260.19 303.165 0.998742
000074 375 1242 1 591.221 180.689 622.48 212.417 0.999994
000074 375 1242 1 0.0 204.044 242.761 315.61 0.984019
000075 375 1242 1 589.445 178.646 619.512 210.361 0.999942
000076 375 1242 1 589.186 179.936 618.018 209.7 0.999726
000077 375 1242 1 588.335 179.63 617.32 209.779 0.999968
000078 375 1242 1 587.018 180.025 615.745 209.514 0.999975
000079 375 1242 1 584.972 179.214 614.79 209.052 0.999969
000080 375 1242 1 584.389 179.381 612.546 207.974 0.999996
000081 375 1242 1 583.408 176.415 612.042 205.528 0.999996
000082 375 1242 1 580.707 170.325 608.387 200.848 0.999995
000083 375 1242 1 578.318 168.9 606.544 197.76 0.99991
000084 375 1242 1 577.932 168.318 605.027 198.072 0.999952
000085 375 1242 1 577.166 169.765 604.294 197.996 0.999985
000086 375 1242 1 577.28 171.609 604.128 201.493 0.999976
000087 375 1242 1 576.401 173.827 603.763 201.871 0.999989
000088 375 1242 1 576.005 177.227 604.133 204.994 0.99999
000089 375 1242 1 576.572 177.518 603.385 206.802 0.99999
000090 375 1242 1 575.594 178.188 602.793 205.074 0.999986
000091 375 1242 1 575.66 177.752 602.907 205.343 0.999995
000092 375 1242 1 576.175 178.423 603.363 206.76 0.999988
000093 375 1242 1 577.263 181.614 602.672 208.379 0.999868
000094 375 1242 1 577.57 183.215 603.964 209.834 0.999989
000095 375 1242 1 575.576 183.796 602.599 210.421 0.999984
000096 375 1242 1 578.758 182.058 604.377 209.244 0.999974
000097 375 1242 1 578.476 180.116 603.889 208.091 0.999949
000098 375 1242 1 577.919 178.951 605.406 207.894 0.99998
000099 375 1242 1 581.404 179.919 606.778 207.213 0.99994
000100 375 1242 1 579.891 178.895 607.097 205.829 0.999983
000101 375 1242 1 580.633 177.15 606.996 204.334 0.999963
000102 375 1242 1 583.093 176.568 607.514 202.999 0.999992
000103 375 1242 1 582.429 176.966 608.558 203.689 0.99997
000104 375 1242 1 583.694 176.817 609.451 203.14 0.999954
000105 375 1242 1 584.692 176.546 611.226 202.41 0.999909
000106 375 1242 1 585.963 175.764 610.813 201.096 0.999818
000107 375 1242 1 585.705 174.063 613.876 199.691 0.999949
000108 375 1242 1 584.669 172.335 612.02 198.707 0.999974
000109 375 1242 1 585.433 172.027 614.047 197.957 0.999977
000110 375 1242 1 585.909 172.592 612.442 197.783 0.999983
000111 375 1242 1 586.809 172.102 613.077 198.883 0.999993
000112 375 1242 1 585.796 174.713 612.411 200.706 0.999834
000113 375 1242 1 585.619 175.593 612.542 201.346 0.999573
000113 375 1242 1 483.881 177.019 508.024 199.161 0.820361
000114 375 1242 1 585.911 176.007 612.027 202.023 0.999991
000114 375 1242 1 476.15 179.36 503.602 200.071 0.962224
000115 375 1242 1 585.274 177.203 612.35 204.903 0.999916
000116 375 1242 1 584.69 180.161 611.998 206.436 0.999953
000116 375 1242 1 465.91 182.74 496.197 205.561 0.943782
000117 375 1242 1 584.938 179.478 611.804 205.133 0.999922
000117 375 1242 1 456.913 182.618 489.994 205.036 0.982079
000118 375 1242 1 584.073 178.102 612.028 204.392 0.999771
000118 375 1242 1 451.488 181.231 486.337 206.544 0.993386
000119 375 1242 1 441.01 180.845 481.365 208.212 0.999568
000119 375 1242 1 584.322 177.683 611.445 204.205 0.999457
000119 375 1242 1 417.403 177.045 450.859 204.943 0.735274
000120 375 1242 1 585.614 179.803 611.802 205.883 0.999895
000120 375 1242 1 431.9 181.959 474.046 211.404 0.996492
000121 375 1242 1 585.555 179.297 612.436 205.187 0.999702
000121 375 1242 1 415.9 182.37 465.521 212.636 0.995252
000122 375 1242 1 586.353 178.129 612.278 204.581 0.999797
000122 375 1242 1 408.515 180.053 457.322 216.443 0.998453
000123 375 1242 1 586.431 176.458 612.34 202.226 0.999951
000123 375 1242 1 388.831 177.64 446.251 215.894 0.999384
000124 375 1242 1 586.914 173.796 613.394 199.754 0.999837
000124 375 1242 1 370.12 175.623 432.842 217.61 0.998521
000125 375 1242 1 586.797 175.895 612.623 201.543 0.999926
000125 375 1242 1 344.889 177.645 420.716 225.194 0.999908
000126 375 1242 1 318.25 178.685 403.106 232.146 0.999968
000126 375 1242 1 587.515 176.154 613.43 202.182 0.999772
000127 375 1242 1 272.948 177.381 380.765 238.884 0.999938
000127 375 1242 1 587.536 174.179 615.184 201.619 0.999851
000128 375 1242 1 587.882 175.587 615.078 201.302 0.999656
000128 375 1242 1 217.497 181.194 357.03 251.044 0.999404
000129 375 1242 1 136.981 180.865 311.043 264.902 0.999724
000129 375 1242 1 589.674 174.821 615.4 200.6 0.999691
000130 375 1242 1 590.126 174.975 615.653 201.124 0.999926
000130 375 1242 1 19.6248 178.648 256.571 286.409 0.999219
000131 375 1242 1 590.439 174.459 617.276 200.644 0.999904
000131 375 1242 1 0.0 179.183 203.47 307.428 0.841309
000132 375 1242 1 590.924 174.541 616.485 199.08 0.999299
000132 375 1242 1 77.2174 167.983 240.285 259.127 0.934967
000133 375 1242 1 590.456 173.4 617.487 198.692 0.999919
000134 375 1242 1 591.458 173.057 616.876 199.307 0.998308
000135 375 1242 1 591.649 176.765 617.359 202.627 0.999898
000136 375 1242 1 591.524 179.843 619.302 204.748 0.999959
000137 375 1242 1 590.799 180.78 619.213 207.249 0.999975
000138 375 1242 1 591.3 180.103 618.646 206.422 0.999985
000138 375 1242 1 466.705 186.551 494.75 207.561 0.996235
000139 375 1242 1 590.345 179.389 617.81 207.132 0.999953
000139 375 1242 1 460.827 185.964 489.332 207.378 0.973087
000140 375 1242 1 589.565 179.157 617.503 206.061 0.999851
000140 375 1242 1 451.482 184.023 483.318 207.637 0.998748
000141 375 1242 1 590.263 179.514 617.999 205.243 0.999926
000141 375 1242 1 442.071 184.284 479.471 210.405 0.99936
000142 375 1242 1 590.466 179.117 618.156 206.037 0.999936
000142 375 1242 1 432.754 184.965 470.375 213.339 0.998859
000143 375 1242 1 590.171 177.054 617.388 204.288 0.9999
000143 375 1242 1 421.06 184.62 462.51 210.932 0.999796
000144 375 1242 1 589.263 173.902 616.152 201.087 0.99984
000144 375 1242 1 407.644 180.561 451.765 210.172 0.999739
000145 375 1242 1 589.72 171.929 615.407 198.259 0.999976
000145 375 1242 1 389.599 180.685 440.878 211.387 0.999905
000145 375 1242 1 469.881 177.203 491.809 198.232 0.629616
000146 375 1242 1 373.715 181.731 432.013 214.258 0.99999
000146 375 1242 1 588.359 173.672 615.616 198.987 0.999925
000146 375 1242 1 462.66 176.893 489.39 198.562 0.988056
000147 375 1242 1 349.421 183.044 414.519 222.031 0.999993
000147 375 1242 1 589.181 173.063 614.756 199.847 0.999932
000147 375 1242 1 453.656 177.753 485.564 200.689 0.994184
000148 375 1242 1 322.92 185.724 396.048 227.733 0.999979
000148 375 1242 1 587.963 172.971 613.905 200.371 0.999918
000148 375 1242 1 446.155 179.539 480.226 201.813 0.999306
000149 375 1242 1 285.355 191.191 376.215 236.364 0.99998
000149 375 1242 1 588.361 174.784 614.94 200.787 0.999368
000149 375 1242 1 437.804 182.5 474.253 206.545 0.999353
000150 375 1242 1 243.333 194.806 349.113 249.376 0.999962
000150 375 1242 1 588.629 177.335 614.871 204.707 0.999939
000150 375 1242 1 427.077 184.045 467.127 210.086 0.998952
000151 375 1242 1 179.934 196.444 311.426 260.036 0.999988
000151 375 1242 1 588.656 175.846 615.098 202.411 0.999948
000151 375 1242 1 414.787 184.021 459.11 213.525 0.999913
000152 375 1242 1 587.91 171.864 614.35 198.077 0.999948
000152 375 1242 1 399.289 180.078 450.259 211.901 0.99984
000152 375 1242 1 84.5433 195.671 266.282 271.435 0.999758
000152 375 1242 1 464.82 175.668 490.194 195.733 0.688959
000153 375 1242 1 587.463 168.442 613.851 195.946 0.999964
000153 375 1242 1 384.126 178.847 438.727 212.016 0.99995
000153 375 1242 1 0.0 198.405 223.684 295.266 0.998508
000153 375 1242 1 460.359 173.628 486.115 194.487 0.796493
000154 375 1242 1 587.493 170.334 614.527 196.492 0.999938
000154 375 1242 1 363.906 179.73 425.091 217.158 0.999912
000154 375 1242 1 454.449 175.493 481.84 196.877 0.979207
000155 375 1242 1 586.323 172.433 615.285 198.608 0.999978
000155 375 1242 1 343.402 185.446 409.447 224.259 0.99994
000155 375 1242 1 447.171 176.761 480.087 201.011 0.996257
000155 375 1242 1 164.605 190.064 190.783 208.754 0.809894
000156 375 1242 1 311.027 186.619 394.423 231.706 0.999967
000156 375 1242 1 587.416 172.28 614.725 198.361 0.999966
000156 375 1242 1 440.156 177.115 474.255 202.388 0.998903
000156 375 1242 1 161.137 190.918 187.183 209.509 0.858634
000157 375 1242 1 276.267 191.509 369.308 240.689 0.999997
000157 375 1242 1 586.956 175.373 615.692 201.065 0.999969
000157 375 1242 1 432.86 179.16 470.121 206.291 0.999961
000158 375 1242 1 224.356 195.864 339.858 254.521 0.99999
000158 375 1242 1 588.274 177.13 615.155 205.07 0.999962
000158 375 1242 1 423.841 182.844 467.278 210.921 0.999956
000158 375 1242 1 141.388 198.649 170.68 218.56 0.854684
000159 375 1242 1 159.533 197.619 304.053 268.383 0.999997
000159 375 1242 1 588.519 176.626 617.014 204.663 0.99997
000159 375 1242 1 415.438 183.249 460.084 213.213 0.99982
000159 375 1242 1 134.823 196.261 164.185 216.173 0.90777
000159 375 1242 1 552.581 178.739 571.946 198.806 0.866036
000160 375 1242 1 64.4301 198.059 254.325 287.025 0.999993
000160 375 1242 1 589.661 175.066 616.894 203.43 0.999901
000160 375 1242 1 405.316 181.361 449.321 212.948 0.999622
000160 375 1242 1 552.017 178.098 571.39 199.777 0.846529
000161 375 1242 1 391.113 178.494 441.766 215.217 0.999963
000161 375 1242 1 589.023 173.72 615.969 201.092 0.9997
000161 375 1242 1 0.0 199.84 204.397 313.588 0.992051
000161 375 1242 1 551.68 175.942 571.644 197.106 0.932319
000162 375 1242 1 374.769 180.498 435.885 217.914 0.999967
000162 375 1242 1 590.116 175.074 615.928 201.509 0.999938
000162 375 1242 1 550.635 175.977 572.831 197.856 0.966146
000162 375 1242 1 103.527 192.46 142.464 212.632 0.719455
000163 375 1242 1 589.027 176.074 615.885 203.797 0.999988
000163 375 1242 1 354.699 182.459 422.898 224.448 0.999962
000163 375 1242 1 550.117 177.675 572.984 200.203 0.99848
000164 375 1242 1 588.919 177.18 615.934 203.766 0.999949
000164 375 1242 1 333.702 183.198 405.551 227.592 0.999938
000164 375 1242 1 549.074 179.097 572.566 201.809 0.998888
000164 375 1242 1 82.6067 194.361 118.265 215.642 0.992711
000165 375 1242 1 301.944 181.643 386.879 231.623 0.999987
000165 375 1242 1 589.029 175.915 617.418 203.68 0.999987
000165 375 1242 1 548.038 176.639 571.895 201.01 0.998938
000165 375 1242 1 69.1786 192.589 109.544 215.97 0.993775
000166 375 1242 1 589.233 176.767 616.428 203.913 0.999973
000166 375 1242 1 266.057 182.482 363.884 238.731 0.999915
000166 375 1242 1 546.401 177.322 571.945 201.178 0.999864
000166 375 1242 1 57.784 193.1 94.271 214.404 0.987396
000167 375 1242 1 588.761 176.91 615.369 204.162 0.999933
000167 375 1242 1 219.212 184.621 335.076 250.278 0.999927
000167 375 1242 1 545.629 177.449 570.399 202.087 0.99988
000167 375 1242 1 45.4852 192.091 85.9317 214.648 0.972513
000168 375 1242 1 155.181 179.684 304.732 259.532 0.999967
000168 375 1242 1 586.823 174.937 615.971 201.788 0.999932
000168 375 1242 1 543.334 175.989 570.34 200.839 0.999804
000168 375 1242 1 30.0829 189.044 73.211 215.242 0.961465
000169 375 1242 1 587.284 171.302 615.395 197.957 0.999971
000169 375 1242 1 63.1217 179.944 256.424 274.868 0.999913
000169 375 1242 1 543.148 171.42 569.108 197.805 0.999811
000169 375 1242 1 16.2301 188.826 62.4142 213.554 0.989572
000170 375 1242 1 585.918 170.391 613.339 197.461 0.999987
000170 375 1242 1 540.201 170.705 569.733 198.033 0.999932
000170 375 1242 1 0.0 183.005 198.907 297.038 0.998102
000171 375 1242 1 539.431 171.607 568.431 200.328 0.99996
000171 375 1242 1 585.14 171.433 613.851 197.797 0.999861
000172 375 1242 1 584.645 174.367 612.236 200.762 0.999916
000172 375 1242 1 536.028 175.046 567.703 204.366 0.999786
000173 375 1242 1 584.369 175.901 611.138 204.606 0.999883
000173 375 1242 1 533.786 178.582 566.554 207.837 0.999689
000173 375 1242 1 456.83 182.802 487.671 204.182 0.893208
000174 375 1242 1 582.584 175.675 611.818 202.564 0.999926
000174 375 1242 1 530.681 177.426 564.876 208.422 0.999783
000174 375 1242 1 450.007 182.505 485.514 203.97 0.854993
000175 375 1242 1 528.355 174.755 563.127 206.549 0.99995
000175 375 1242 1 582.918 173.87 609.255 200.783 0.999845
000175 375 1242 1 443.526 179.559 481.171 203.82 0.862576
000176 375 1242 1 580.874 171.902 608.566 198.912 0.999995
000176 375 1242 1 526.88 172.913 563.237 207.331 0.999965
000176 375 1242 1 435.665 180.77 469.715 204.456 0.88257
000177 375 1242 1 580.865 172.75 608.264 199.88 0.999977
000177 375 1242 1 523.212 173.939 559.801 209.166 0.999938
000177 375 1242 1 427.415 180.5 461.828 205.424 0.994282
000178 375 1242 1 518.846 173.677 558.513 211.036 0.99997
000178 375 1242 1 578.861 173.296 607.06 199.943 0.999931
000178 375 1242 1 414.022 181.718 453.965 207.871 0.997009
000179 375 1242 1 516.349 175.382 556.49 212.561 0.999973
000179 375 1242 1 578.685 174.558 606.506 201.145 0.999944
000179 375 1242 1 404.061 183.964 449.56 213.295 0.998746
000180 375 1242 1 511.259 177.585 554.956 216.558 0.999984
000180 375 1242 1 579.676 176.389 606.791 202.659 0.999952
000180 375 1242 1 392.246 185.843 437.224 217.554 0.998771
000181 375 1242 1 508.89 181.858 553.516 223.552 0.999992
000181 375 1242 1 577.08 181.249 605.683 207.617 0.999972
000181 375 1242 1 377.702 191.704 426.163 225.134 0.999637
000182 375 1242 1 578.676 183.272 606.766 209.75 0.999963
000182 375 1242 1 502.65 185.387 553.037 226.366 0.999954
000182 375 1242 1 360.323 194.493 417.027 231.595 0.999653
000182 375 1242 1 410.297 190.923 444.563 212.952 0.877486
000183 375 1242 1 498.909 184.602 552.134 230.26 0.999998
000183 375 1242 1 579.083 184.157 607.352 209.932 0.99997
000183 375 1242 1 339.419 193.297 409.095 233.112 0.999961
000183 375 1242 1 404.795 190.349 434.32 213.921 0.977865
000184 375 1242 1 494.544 181.007 551.415 230.561 0.999971
000184 375 1242 1 315.222 190.632 388.616 234.77 0.999645
000184 375 1242 1 579.058 181.341 606.436 208.214 0.99949
000184 375 1242 1 392.257 188.362 429.442 211.966 0.994557
000185 375 1242 1 487.842 177.374 546.914 229.977 0.999994
000185 375 1242 1 580.063 177.947 607.606 205.188 0.9999
000185 375 1242 1 287.508 190.043 372.574 235.679 0.999543
000185 375 1242 1 382.009 185.672 421.371 211.498 0.995931
000186 375 1242 1 483.061 177.347 546.075 229.415 0.999997
000186 375 1242 1 580.494 175.507 608.362 202.275 0.999856
000186 375 1242 1 252.679 189.456 350.219 239.47 0.999576
000186 375 1242 1 369.533 184.314 412.197 210.686 0.997858
000187 375 1242 1 475.714 175.489 543.051 233.277 0.999997
000187 375 1242 1 580.321 175.015 608.473 201.956 0.999968
000187 375 1242 1 355.817 185.16 400.739 214.113 0.999924
000187 375 1242 1 209.411 191.032 327.936 248.043 0.999913
000188 375 1242 1 467.785 178.764 542.698 242.122 0.999994
000188 375 1242 1 582.415 177.439 610.209 204.067 0.999984
000188 375 1242 1 341.117 189.233 389.492 218.655 0.999982
000188 375 1242 1 153.139 194.768 294.447 260.311 0.999975
000189 375 1242 1 459.301 177.992 539.38 244.687 0.999999
000189 375 1242 1 321.616 188.116 376.61 221.858 0.999952
000189 375 1242 1 71.1028 196.225 255.123 278.101 0.99995
000189 375 1242 1 583.668 177.361 610.696 204.09 0.999944
000190 375 1242 1 446.319 176.283 535.2 249.012 1.0
000190 375 1242 1 295.306 187.272 363.011 224.242 0.999956
000190 375 1242 1 585.48 175.152 612.501 202.012 0.99988
000190 375 1242 1 0.0 199.756 223.009 299.189 0.997704
000191 375 1242 1 435.239 174.734 530.585 252.765 0.999994
000191 375 1242 1 273.145 186.535 343.008 227.359 0.999984
000191 375 1242 1 584.661 174.61 612.305 200.811 0.999857
000192 375 1242 1 236.068 184.235 318.407 229.406 0.999997
000192 375 1242 1 418.893 174.437 526.632 260.37 0.999996
000192 375 1242 1 585.788 173.125 614.383 198.757 0.999959
000193 375 1242 1 406.007 173.935 519.447 268.619 0.999999
000193 375 1242 1 189.338 184.859 288.723 238.329 0.999975
000193 375 1242 1 585.12 171.36 613.036 197.734 0.999907
000194 375 1242 1 379.693 176.05 513.29 283.594 0.999998
000194 375 1242 1 134.911 193.227 253.827 251.378 0.999997
000194 375 1242 1 587.638 173.661 615.691 200.747 0.999869
000195 375 1242 1 347.001 179.716 503.072 303.337 0.999998
000195 375 1242 1 587.972 176.656 615.482 203.808 0.99998
000195 375 1242 1 73.657 200.184 213.062 266.231 0.999972
000196 375 1242 1 315.719 178.403 496.573 323.52 0.999998
000196 375 1242 1 590.517 177.102 616.576 204.654 0.999987
000196 375 1242 1 0.0 200.861 163.75 280.611 0.999644
000197 375 1242 1 258.254 175.78 482.621 342.562 0.999998
000197 375 1242 1 592.266 173.039 619.268 201.663 0.999979
000198 375 1242 1 163.775 172.288 469.353 375.0 0.999994
000198 375 1242 1 593.481 169.718 620.192 196.467 0.999953
000198 375 1242 1 447.112 177.286 480.263 200.597 0.630755
000199 375 1242 1 594.99 170.05 622.774 197.37 0.999929
000199 375 1242 1 41.5906 176.18 449.323 375.0 0.999755
000199 375 1242 1 438.238 179.893 473.836 202.467 0.540081
000200 375 1242 1 596.705 173.115 624.566 200.653 0.999995
000200 375 1242 1 428.0 182.112 467.144 208.659 0.970006
000200 375 1242 1 0.0 175.201 430.335 374.47 0.943321
000201 375 1242 1 599.198 175.657 626.359 201.624 0.999925
000201 375 1242 1 417.856 184.985 463.164 212.76 0.996097
000202 375 1242 1 600.051 174.315 627.893 201.354 0.999967
000202 375 1242 1 407.91 185.546 455.888 213.651 0.999225
000202 375 1242 1 85.7713 196.539 231.929 276.947 0.933654
000203 375 1242 1 601.02 173.8 628.699 200.062 0.999986
000203 375 1242 1 390.067 183.082 444.537 215.897 0.999466
000203 375 1242 1 0.0 206.835 149.134 299.401 0.990854
000204 375 1242 1 602.936 176.37 630.936 204.382 0.999998
000204 375 1242 1 372.312 186.616 430.578 220.666 0.999821
000205 375 1242 1 348.017 191.412 416.735 230.038 0.999972
000205 375 1242 1 602.239 181.209 630.195 208.443 0.999971
000206 375 1242 1 603.122 183.814 630.827 210.827 0.999984
000206 375 1242 1 321.49 196.363 396.552 238.844 0.999982
000207 375 1242 1 604.001 181.593 630.33 208.995 0.999933
000207 375 1242 1 283.771 195.079 375.346 240.175 0.999805
000208 375 1242 1 237.505 193.291 346.526 246.022 0.99999
000208 375 1242 1 604.031 177.301 631.47 205.078 0.999922
000209 375 1242 1 603.059 177.573 630.698 204.689 0.999941
000209 375 1242 1 173.33 193.272 307.782 257.103 0.999732
000209 375 1242 1 269.26 187.557 343.489 230.538 0.988666
000210 375 1242 1 603.747 176.379 630.378 203.769 0.999866
000210 375 1242 1 99.8135 195.558 265.796 269.354 0.999213
000210 375 1242 1 219.867 188.056 319.365 237.389 0.999169
000210 375 1242 1 460.709 183.279 491.003 203.18 0.825788
000211 375 1242 1 602.641 176.411 630.63 203.287 0.999952
000211 375 1242 1 2.65871 199.187 207.915 286.889 0.99975
000211 375 1242 1 154.623 189.739 282.084 246.54 0.999739
000211 375 1242 1 450.454 181.346 482.123 203.166 0.853426
000212 375 1242 1 602.064 176.587 629.924 202.655 0.999974
000212 375 1242 1 84.4696 188.253 239.171 253.769 0.999857
000212 375 1242 1 437.36 182.189 475.204 205.631 0.998927
000213 375 1242 1 601.034 176.096 627.701 203.341 0.999992
000213 375 1242 1 422.297 182.143 462.58 206.871 0.999911
000213 375 1242 1 0.0 192.82 186.372 271.023 0.99965
000214 375 1242 1 599.95 172.399 628.458 201.133 0.999987
000214 375 1242 1 408.227 179.392 453.48 205.638 0.999851
000215 375 1242 1 392.561 181.124 441.443 211.04 0.999959
000215 375 1242 1 600.034 173.971 627.905 201.744 0.99993
000216 375 1242 1 600.891 175.982 629.063 204.265 0.999995
000216 375 1242 1 372.073 186.773 428.412 215.705 0.999794
000217 375 1242 1 350.038 189.221 410.423 220.783 0.999969
000217 375 1242 1 599.552 177.71 627.922 205.125 0.999943
000218 375 1242 1 322.971 187.526 392.347 223.785 0.999971
000218 375 1242 1 600.119 176.469 628.495 204.415 0.999948
000219 375 1242 1 289.197 189.186 368.749 228.783 0.999995
000219 375 1242 1 599.612 175.377 627.217 203.377 0.999972
000220 375 1242 1 245.816 185.855 339.875 233.134 0.99997
000220 375 1242 1 599.933 172.088 627.012 200.153 0.999924
000221 375 1242 1 600.115 170.956 628.289 199.322 0.999985
000221 375 1242 1 192.126 189.482 310.769 244.188 0.99979
000222 375 1242 1 599.708 172.164 628.098 200.527 0.999968
000222 375 1242 1 126.199 193.646 263.014 255.181 0.999271
000223 375 1242 1 600.059 176.339 628.461 204.435 0.999989
000223 375 1242 1 24.2934 200.748 206.378 274.398 0.999756
000224 375 1242 1 599.411 179.538 628.163 206.515 0.999972
000224 375 1242 1 0.0 208.697 132.785 291.809 0.982826
000225 375 1242 1 599.642 179.405 627.061 207.331 0.99993
000225 375 1242 1 454.768 187.546 483.929 206.685 0.516228
000226 375 1242 1 599.62 178.888 627.428 207.319 0.999979
000226 375 1242 1 446.826 186.776 475.318 206.035 0.515913
000227 375 1242 1 599.285 178.877 626.238 206.989 0.999983
000227 375 1242 1 438.764 186.207 470.774 207.961 0.918
000228 375 1242 1 600.18 181.491 626.667 208.351 0.999199
000228 375 1242 1 432.116 187.726 464.323 209.744 0.985269
000229 375 1242 1 600.26 181.68 627.32 208.659 0.99951
000229 375 1242 1 419.433 189.338 454.138 211.923 0.98377
000229 375 1242 1 472.189 186.045 501.547 207.488 0.970149
000230 375 1242 1 598.879 179.771 626.589 207.116 0.99997
000230 375 1242 1 409.905 187.086 446.299 209.941 0.996969
000230 375 1242 1 462.988 183.825 496.647 206.913 0.991819
000231 375 1242 1 598.138 177.946 625.669 205.542 0.99988
000231 375 1242 1 395.344 184.902 442.332 210.626 0.999808
000231 375 1242 1 452.153 181.933 489.22 206.933 0.998997
000232 375 1242 1 379.299 185.903 429.436 212.151 0.999965
000232 375 1242 1 599.108 176.778 625.97 204.781 0.999844
000232 375 1242 1 438.69 181.802 482.779 209.029 0.999175
000233 375 1242 1 598.903 176.201 626.236 203.737 0.999993
000233 375 1242 1 363.334 184.127 417.179 213.746 0.999937
000233 375 1242 1 425.679 181.524 468.483 210.937 0.998831
000234 375 1242 1 345.708 183.444 402.713 215.585 0.999962
000234 375 1242 1 598.204 174.076 624.577 201.13 0.999883
000234 375 1242 1 407.784 180.029 459.218 211.724 0.99977
000235 375 1242 1 322.848 184.72 388.175 221.057 0.999994
000235 375 1242 1 597.751 173.985 624.959 201.732 0.999939
000235 375 1242 1 387.081 181.855 447.718 217.739 0.999892
000235 375 1242 1 481.907 180.063 507.703 199.464 0.921805
000236 375 1242 1 360.711 184.579 431.258 223.572 0.999984
000236 375 1242 1 296.75 187.633 371.915 225.57 0.999982
000236 375 1242 1 598.919 176.82 626.426 203.823 0.999961
000236 375 1242 1 477.154 181.644 504.392 202.285 0.934271
000237 375 1242 1 263.219 190.28 350.459 231.503 0.999992
000237 375 1242 1 330.399 186.067 410.384 231.337 0.999977
000237 375 1242 1 597.365 176.81 625.793 203.63 0.999961
000237 375 1242 1 468.014 182.754 498.902 205.648 0.998776
000238 375 1242 1 224.341 192.074 324.233 236.486 0.999891
000238 375 1242 1 598.721 177.258 625.838 205.063 0.999888
000238 375 1242 1 459.755 182.692 490.069 206.66 0.996029
000239 375 1242 1 598.731 177.054 626.769 204.996 0.999994
000239 375 1242 1 447.683 182.178 483.68 207.788 0.999773
000239 375 1242 1 227.193 190.291 350.896 249.026 0.99882
000240 375 1242 1 598.997 176.299 626.677 203.546 0.999984
000240 375 1242 1 142.586 192.59 304.619 266.466 0.999966
000240 375 1242 1 435.816 182.81 477.474 209.813 0.999904
000241 375 1242 1 421.268 181.637 468.72 211.212 0.999991
000241 375 1242 1 597.937 175.414 627.229 202.41 0.999988
000241 375 1242 1 18.0852 195.072 231.878 288.966 0.999948
000242 375 1242 1 405.173 182.764 456.905 215.942 0.999942
000242 375 1242 1 599.155 174.888 626.135 201.425 0.99959
000243 375 1242 1 385.935 186.571 444.541 219.716 0.999983
000243 375 1242 1 599.34 176.045 626.405 204.242 0.999972
000244 375 1242 1 360.136 187.605 424.156 227.507 0.999999
000244 375 1242 1 599.336 177.304 625.848 204.884 0.999938
000245 375 1242 1 331.057 186.671 408.519 233.25 0.999999
000245 375 1242 1 599.1 177.219 626.712 204.186 0.999975
000246 375 1242 1 597.861 174.11 626.806 201.847 0.999977
000246 375 1242 1 291.07 186.512 381.989 240.771 0.99991
000247 375 1242 1 599.297 175.878 627.251 202.073 0.999955
000247 375 1242 1 242.584 190.61 352.737 252.189 0.999948
000248 375 1242 1 166.269 195.527 309.385 266.865 0.999988
000248 375 1242 1 599.126 176.996 627.076 205.596 0.999982
000249 375 1242 1 599.716 176.821 626.572 204.675 0.999989
000249 375 1242 1 61.4736 198.573 253.056 288.57 0.999971
000249 375 1242 1 275.696 177.273 329.43 201.985 0.735128
000250 375 1242 1 598.563 176.777 627.122 205.698 0.999992
000250 375 1242 1 0.0 203.89 190.945 309.025 0.965526
000251 375 1242 1 599.299 177.726 627.571 206.074 0.999937
000252 375 1242 1 599.65 180.548 627.998 207.83 0.999982
000253 375 1242 1 599.248 180.553 627.699 208.389 0.999983
000254 375 1242 1 598.035 179.308 627.689 208.417 0.999976
000254 375 1242 1 266.761 179.084 319.426 204.595 0.591156
000255 375 1242 1 598.336 179.26 627.882 208.192 0.999978
000256 375 1242 1 599.64 179.402 627.654 207.473 0.999995
000257 375 1242 1 599.353 177.0 628.628 205.571 0.999973
000258 375 1242 1 599.632 172.921 628.55 201.61 0.999962
000259 375 1242 1 598.807 171.351 628.803 199.957 0.999972
000260 375 1242 1 599.325 171.207 629.532 200.402 0.999978
000261 375 1242 1 599.592 173.978 627.482 203.081 0.99992
000262 375 1242 1 599.074 176.548 626.975 205.38 0.999904
000262 375 1242 1 264.634 177.646 297.732 202.528 0.69523
000263 375 1242 1 596.719 177.069 627.564 205.759 0.999854
000264 375 1242 1 596.49 175.911 625.672 205.652 0.999966
000265 375 1242 1 595.333 172.681 624.021 202.108 0.999827
000266 375 1242 1 597.85 172.96 625.742 201.228 0.999915
000267 375 1242 1 595.025 171.366 626.0 201.033 0.999985
000268 375 1242 1 595.698 171.101 625.0 199.787 0.999996
000269 375 1242 1 595.025 174.255 624.224 203.085 0.999982
000270 375 1242 1 592.691 180.294 622.703 209.078 0.999993
000271 375 1242 1 593.909 181.322 624.214 210.114 0.999976
000272 375 1242 1 592.219 182.294 621.495 211.565 0.99994
000273 375 1242 1 590.701 180.592 622.052 211.535 0.999971
000274 375 1242 1 591.296 179.393 621.061 210.228 0.999938
000275 375 1242 1 589.376 179.491 619.585 208.883 0.999993
000276 375 1242 1 589.324 178.801 618.124 207.867 0.999954
000277 375 1242 1 588.037 175.74 619.203 205.804 0.999989
000278 375 1242 1 587.519 175.07 617.156 204.515 0.999981
000279 375 1242 1 586.599 173.722 617.411 204.802 0.999992
000280 375 1242 1 587.325 174.382 617.244 204.662 0.999938
000280 375 1242 1 93.6615 167.918 236.374 205.841 0.534904
000281 375 1242 1 587.389 173.375 617.232 204.402 0.999978
000282 375 1242 1 588.779 172.549 618.715 203.165 0.999929
000283 375 1242 1 587.669 172.572 617.078 202.689 0.999904
000284 375 1242 1 587.325 172.376 619.141 202.754 0.999854
000285 375 1242 1 587.687 171.477 618.528 202.307 0.999933
000286 375 1242 1 586.675 171.704 618.345 202.454 0.999909
000287 375 1242 1 586.682 172.122 619.1 203.202 0.999866
000288 375 1242 1 586.851 173.648 618.127 205.681 0.999931
000288 375 1242 1 0.0 172.097 131.105 220.324 0.556411
000289 375 1242 1 586.852 173.665 618.545 205.023 0.999974
000289 375 1242 1 30.6245 170.461 143.849 222.219 0.500841
000290 375 1242 1 588.075 172.16 617.523 202.02 0.999988
000291 375 1242 1 588.118 171.328 618.349 201.202 0.999993
000292 375 1242 1 587.052 170.299 620.007 200.336 0.999985
000293 375 1242 1 588.487 169.254 619.17 201.743 0.999996
000294 375 1242 1 588.774 170.842 618.462 201.153 0.999971
000295 375 1242 1 589.907 171.929 619.458 201.553 0.999988
000295 375 1242 1 1188.26 155.689 1234.25 180.66 0.804885
000296 375 1242 1 591.005 172.969 620.321 202.089 0.999979
000297 375 1242 1 591.624 172.701 620.473 203.171 0.999993
000298 375 1242 1 591.08 172.113 621.614 204.123 0.999986
000299 375 1242 1 591.234 173.598 621.492 204.689 0.999962
000300 375 1242 1 594.38 173.826 622.969 203.627 0.999915
000301 375 1242 1 593.364 176.39 621.741 205.923 0.99995
000302 375 1242 1 594.372 174.762 624.043 205.7 0.99995
000303 375 1242 1 596.007 174.574 622.915 205.48 0.999981
000304 375 1242 1 595.25 175.845 624.367 206.217 0.999974
000305 375 1242 1 595.113 176.811 625.604 207.756 0.999987
000306 375 1242 1 596.64 177.504 624.945 207.214 0.999993
000307 375 1242 1 595.808 176.455 624.485 206.922 0.999976
000308 375 1242 1 595.951 178.549 625.444 207.671 0.999988
000309 375 1242 1 596.102 179.884 625.021 209.216 0.999923
000310 375 1242 1 596.556 181.455 625.814 210.34 0.999972
000311 375 1242 1 594.623 180.166 623.94 209.278 0.999936
000312 375 1242 1 593.411 180.552 623.768 209.163 0.999979
000313 375 1242 1 593.466 183.038 623.175 211.635 0.999972
000313 375 1242 1 1080.05 171.489 1157.88 196.031 0.981807
