000000 352 1216 1 377.93528747559 227.18116760254 169.40322875977 122.26162719727 0.99986457824707 11.565532684326 
000000 352 1216 2 1151.5447998047 243.62227630615 92.99365234375 158.0489654541 0.99058657884598 9.1956233978271 
000000 352 1216 2 834.82418823242 253.41173553467 124.30731201172 205.9810333252 0.91979616880417 4.218412399292 
000000 352 1216 3 834.41720581055 282.88441467285 131.47698974609 217.37948608398 0.99037498235703 6.5959148406982 
000001 352 1216 1 379.44592285156 225.71813201904 163.41485595703 120.37306213379 0.99994277954102 11.571623802185 
000001 352 1216 2 1184.2295532227 238.92248535156 94.792602539062 172.9892578125 0.99595910310745 7.7086362838745 
000001 352 1216 2 842.29006958008 251.64642333984 128.79351806641 222.49841308594 0.9888864159584 4.4940309524536 
000001 352 1216 3 834.00698852539 282.35646057129 141.92877197266 216.83529663086 0.94755965471268 6.1264157295227 
000002 352 1216 1 375.70957946777 218.96620941162 165.45071411133 124.0587310791 0.99989211559296 11.813460350037 
000002 352 1216 1 731.03515625 201.66429138184 82.046020507812 55.953369140625 0.67227685451508 27.248649597168 
000002 352 1216 2 1209.7490234375 230.1688079834 81.121337890625 174.2223815918 0.98120385408401 7.7504000663757 
000002 352 1216 2 847.68515014648 248.47691345215 138.41900634766 242.78433227539 0.95438826084137 4.2061057090759 
000002 352 1216 3 842.47500610352 275.32276916504 144.87457275391 225.73031616211 0.97550666332245 5.6737866401672 
000003 352 1216 1 371.5818939209 209.53846740723 171.7663269043 124.64297485352 0.99996662139893 12.782647132874 
000003 352 1216 1 742.35296630859 198.98706817627 94.083862304688 66.217544555664 0.90083742141724 26.083881378174 
000003 352 1216 2 853.34750366211 246.31433105469 138.38934326172 246.61236572266 0.97205895185471 4.604649066925 
000003 352 1216 3 850.46026611328 272.3190612793 143.44030761719 228.51171875 0.95336270332336 6.0132455825806 
000004 352 1216 1 369.86528015137 208.3479385376 167.25155639648 126.34489440918 0.99996757507324 12.336483955383 
000004 352 1216 1 761.48684692383 199.59162139893 95.504333496094 59.687484741211 0.86538642644882 25.097890853882 
000004 352 1216 2 858.65982055664 247.105052948 125.49114990234 246.32358551025 0.99556702375412 4.9398632049561 
000004 352 1216 3 852.71209716797 271.47320556641 122.92895507812 226.22418212891 0.74891024827957 5.7305488586426 
000005 352 1216 1 366.08682250977 209.40692138672 169.84045410156 121.07843017578 0.9999805688858 12.37015914917 
000005 352 1216 1 765.81317138672 200.45100402832 87.57861328125 63.248626708984 0.8097648024559 22.090866088867 
000005 352 1216 2 860.58581542969 245.37066268921 116.15258789062 236.03534698486 0.99594902992249 5.2179126739502 
000006 352 1216 1 364.61511230469 209.45440673828 165.96490478516 119.58355712891 0.9999725818634 12.461837768555 
000006 352 1216 2 861.54388427734 245.24270629883 119.8046875 220.86932373047 0.88961434364319 5.4746255874634 
000006 352 1216 3 858.12704467773 269.94892120361 136.12249755859 214.1932220459 0.83489120006561 5.9076590538025 
000007 352 1216 1 364.68473815918 211.43000793457 157.29531860352 114.51724243164 0.99998068809509 12.482511520386 
000007 352 1216 2 864.39288330078 246.19535064697 117.3662109375 214.69407653809 0.97572362422943 5.4137840270996 
000007 352 1216 3 858.94500732422 275.70214080811 124.46911621094 212.87031555176 0.75598257780075 5.5901207923889 
000008 352 1216 1 362.03092956543 213.8931427002 152.23538208008 110.58505249023 0.99996340274811 12.722932815552 
000008 352 1216 2 867.2385559082 246.62867736816 121.62860107422 212.87185668945 0.96562516689301 5.539306640625 
000008 352 1216 3 867.43609619141 275.32691955566 135.51049804688 214.43399047852 0.94862496852875 6.0473208427429 
000009 352 1216 1 361.35119628906 213.12382507324 148.26721191406 114.37142944336 0.99995410442352 12.343712806702 
000009 352 1216 2 867.11660766602 252.0513458252 105.16522216797 174.35195922852 0.66449725627899 5.6754426956177 
000009 352 1216 3 865.57901000977 276.88306427002 130.47613525391 192.91795349121 0.97855126857758 6.0889210700989 
000010 352 1216 1 361.39317321777 217.3405456543 142.42129516602 111.67614746094 0.99997663497925 12.415797233582 
000010 352 1216 2 861.69830322266 253.43698120117 114.6982421875 199.08654785156 0.69614642858505 5.2135219573975 
000010 352 1216 3 861.13027954102 274.62641143799 128.64385986328 219.82536315918 0.94589996337891 5.9078316688538 
000011 352 1216 1 359.35417175293 218.34149932861 147.61557006836 111.53294372559 0.99996507167816 12.351866722107 
000011 352 1216 2 859.68518066406 252.40546417236 109.31005859375 193.41282653809 0.78754425048828 6.3840622901917 
000011 352 1216 3 860.45352172852 276.34781646729 127.89117431641 216.43992614746 0.95731866359711 6.1285667419434 
000012 352 1216 1 357.11100769043 214.30858612061 147.45352172852 114.50062561035 0.99994564056396 12.396022796631 
000012 352 1216 2 860.22412109375 248.25335693359 115.74780273438 216.47253417969 0.83749800920486 6.5920238494873 
000012 352 1216 3 857.90930175781 271.83271026611 121.71008300781 208.43577575684 0.9538642168045 6.6434845924377 
000012 352 1216 3 477.11404418945 196.50272369385 46.263671875 52.36311340332 0.74195826053619 21.997097015381 
000013 352 1216 1 355.94485473633 210.41537475586 146.54864501953 112.38317871094 0.99979072809219 12.705495834351 
000013 352 1216 3 852.56643676758 265.1460647583 144.62066650391 209.8998260498 0.99552649259567 7.0058188438416 
000013 352 1216 3 484.85775756836 199.50811004639 59.641784667969 57.835342407227 0.91683262586594 20.290460586548 
000014 352 1216 1 355.47801208496 210.07596588135 136.9387512207 110.84233093262 0.99986529350281 12.672290802002 
000014 352 1216 3 849.18707275391 264.97860717773 144.30700683594 223.63824462891 0.99685978889465 6.9681148529053 
000014 352 1216 3 492.54824829102 201.42168426514 52.696105957031 54.290115356445 0.94604033231735 20.233543395996 
000015 352 1216 1 355.07566833496 211.45930480957 134.31936645508 108.38247680664 0.999203145504 13.921191215515 
000015 352 1216 1 905.86529541016 220.37269592285 127.50061035156 76.137908935547 0.76683348417282 19.753129959106 
000015 352 1216 2 843.0842590332 249.72193145752 140.13287353516 227.03434753418 0.78683906793594 5.6991791725159 
000015 352 1216 3 839.97286987305 272.23443603516 134.13226318359 210.77062988281 0.97282606363297 6.2749538421631 
000015 352 1216 3 505.55680847168 200.0366897583 63.868927001953 63.120223999023 0.70318424701691 21.093593597412 
000016 352 1216 1 353.41827392578 207.58658599854 133.142578125 104.96519470215 0.99912387132645 13.961004257202 
000016 352 1216 3 837.59283447266 268.9395904541 143.64184570312 209.62435913086 0.99670886993408 6.5025267601013 
000016 352 1216 3 510.5904083252 200.84491729736 67.153900146484 71.139785766602 0.9799679517746 18.875169754028 
000017 352 1216 1 351.43200683594 209.88165283203 137.83172607422 105.28460693359 0.99869292974472 14.262269973755 
000017 352 1216 2 832.52191162109 253.56708526611 124.0048828125 199.91960144043 0.7235968708992 6.2367324829102 
000017 352 1216 3 833.63961791992 274.54983520508 141.53680419922 209.86456298828 0.96069914102554 6.3477821350098 
000018 352 1216 1 353.91189575195 218.41878509521 136.20593261719 104.2491607666 0.99970859289169 13.485756874084 
000018 352 1216 2 829.91418457031 254.92206573486 113.30041503906 190.71806335449 0.630346596241 7.0136976242065 
000018 352 1216 3 830.92782592773 277.73794555664 139.42498779297 216.32257080078 0.90998083353043 5.9316282272339 
000018 352 1216 3 521.28701782227 204.96976470947 69.557312011719 60.765670776367 0.72604250907898 20.915952682495 
000019 352 1216 1 351.3731842041 223.30110168457 129.08401489258 97.742523193359 0.99776899814606 14.449878692627 
000019 352 1216 2 829.16424560547 274.48107910156 119.6181640625 217.96136474609 0.89128446578979 5.2644095420837 
000019 352 1216 3 533.49993896484 210.91307067871 70.313598632812 56.877838134766 0.62548327445984 22.275503158569 
000020 352 1216 1 351.30642700195 226.87857055664 130.87493896484 98.556945800781 0.9996691942215 14.312017440796 
000020 352 1216 2 827.85153198242 273.50371551514 115.08489990234 230.47132873535 0.78455066680908 6.0386953353882 
000020 352 1216 3 543.6107635498 222.2193069458 69.806793212891 72.02751159668 0.97372579574585 14.929307937622 
000020 352 1216 3 812.9875793457 289.04015350342 123.59783935547 211.70625305176 0.83543765544891 5.5908017158508 
000021 352 1216 1 351.80409240723 226.87573242188 120.52517700195 94.416442871094 0.99948716163635 14.989307403564 
000021 352 1216 2 813.67309570312 273.06364440918 111.97570800781 208.43356323242 0.77127516269684 6.8692727088928 
000021 352 1216 3 797.54983520508 278.70963287354 118.74627685547 195.1658782959 0.88618099689484 7.0856628417969 
000022 352 1216 1 352.0154876709 223.59600067139 119.18692016602 93.707412719727 0.99959486722946 15.010179519653 
000022 352 1216 2 802.97534179688 269.17056274414 106.39831542969 198.79174804688 0.87499874830246 6.0815048217773 
000022 352 1216 3 795.27258300781 278.80029296875 105.44067382812 213.65063476562 0.84302109479904 6.8047132492065 
000022 352 1216 3 554.91317749023 211.91149902344 70.384826660156 66.782135009766 0.7447869181633 15.632719993591 
000023 352 1216 1 355.56759643555 218.33966827393 112.14349365234 96.648971557617 0.99925428628922 13.859244346619 
000023 352 1216 2 795.59536743164 270.18309783936 93.773986816406 203.40278625488 0.98249131441116 7.4973683357239 
000024 352 1216 1 355.99360656738 218.18070220947 108.9162902832 93.149948120117 0.99904245138168 14.350220680237 
000024 352 1216 2 780.79061889648 252.15690612793 101.74420166016 170.56240844727 0.81092101335526 6.7355098724365 
000024 352 1216 3 778.56234741211 272.09018707275 101.57318115234 178.9027557373 0.91872382164001 7.5100913047791 
000025 352 1216 1 359.7954864502 217.75972747803 105.77645874023 91.96369934082 0.99960070848465 14.31157207489 
000025 352 1216 2 773.72778320312 252.69902038574 111.78637695312 163.8313293457 0.78858357667923 6.6490888595581 
000025 352 1216 3 766.60372924805 270.28722381592 129.97576904297 179.40888977051 0.99729615449905 8.4226236343384 
000025 352 1216 3 582.24371337891 214.76710510254 78.951171875 81.307098388672 0.89797347784042 14.402697563171 
000026 352 1216 1 366.91375732422 208.59457397461 104.73095703125 95.089111328125 0.99967789649963 14.291212081909 
000026 352 1216 3 761.17727661133 268.76850128174 133.54937744141 180.86143493652 0.99961590766907 8.1264791488647 
000026 352 1216 3 596.57733154297 208.14897918701 91.231689453125 106.89363098145 0.98747581243515 13.443286895752 
000027 352 1216 1 373.43901062012 202.90125274658 100.30850219727 89.379806518555 0.99558556079865 15.649352073669 
000027 352 1216 1 199.40126037598 197.48301696777 33.290557861328 26.216522216797 0.71453875303268 56.26583480835 
000027 352 1216 3 752.31976318359 262.63530731201 136.74194335938 186.82588195801 0.9989977478981 7.3648858070374 
000028 352 1216 1 374.79479980469 202.59535980225 97.649047851562 85.117446899414 0.98524981737137 16.055191040039 
000028 352 1216 3 737.96875 256.93187713623 133.69128417969 185.09492492676 0.99567931890488 7.7834873199463 
000029 352 1216 1 379.54858398438 207.86403656006 96.642028808594 82.85676574707 0.98892104625702 16.213838577271 
000029 352 1216 1 324.81057739258 196.10350036621 49.174499511719 34.926055908203 0.98530119657516 42.920417785645 
000029 352 1216 3 730.7170715332 258.3111114502 140.60723876953 178.01187133789 0.99670886993408 7.7361197471619 
000030 352 1216 1 381.29792785645 208.31381988525 94.939483642578 79.822372436523 0.98620635271072 17.33705329895 
000030 352 1216 1 329.1800994873 199.08399200439 51.845428466797 31.914901733398 0.90594035387039 44.413719177246 
000030 352 1216 3 722.76986694336 258.51481628418 150.61053466797 181.79287719727 0.99845552444458 7.9340529441833 
000031 352 1216 1 386.41261291504 208.01090240479 91.787384033203 78.84928894043 0.99115025997162 17.350700378418 
000031 352 1216 1 627.18356323242 194.02919769287 101.75885009766 62.03059387207 0.83945649862289 26.414846420288 
000031 352 1216 1 334.71932983398 196.64968109131 42.519775390625 23.341873168945 0.78878998756409 53.207832336426 
000031 352 1216 3 702.49530029297 255.58332061768 126.5078125 183.83506774902 0.99588960409164 7.4336967468262 
000032 352 1216 1 393.71485900879 204.34243774414 91.738616943359 83.710327148438 0.98425704240799 17.505554199219 
000032 352 1216 1 635.26135253906 192.1565322876 98.277709960938 51.909652709961 0.94720280170441 21.580514907837 
000032 352 1216 3 698.19427490234 252.1994934082 100.85754394531 193.68267822266 0.73574352264404 7.594247341156 
000033 352 1216 1 645.73681640625 194.75952148438 87.254516601562 53.229827880859 0.91276103258133 21.819355010986 
000033 352 1216 1 407.06358337402 203.71513366699 96.440948486328 82.733612060547 0.83079898357391 18.425064086914 
000033 352 1216 2 692.61920166016 245.67678833008 89.953857421875 180.60607910156 0.82948625087738 7.9853115081787 
000034 352 1216 1 412.3955078125 203.39637756348 94.485412597656 81.547393798828 0.945651948452 18.60817527771 
000034 352 1216 1 658.00646972656 191.22018432617 95.029052734375 55.901550292969 0.76408910751343 22.444942474365 
000034 352 1216 2 676.02691650391 247.22994995117 80.877685546875 163.74700927734 0.8485335111618 8.1667861938477 
000035 352 1216 3 667.67907714844 242.56247711182 95.976440429688 180.84910583496 0.96033239364624 8.6351079940796 
000036 352 1216 3 664.04907226562 244.81594085693 93.594848632812 179.37641906738 0.87841063737869 8.6802215576172 
000037 352 1216 1 445.59582519531 199.03791809082 92.796447753906 77.453857421875 0.95016705989838 18.709247589111 
000037 352 1216 1 386.41009521484 192.47099304199 52.687805175781 37.643859863281 0.72450536489487 42.924842834473 
000037 352 1216 3 645.85986328125 241.90525054932 100.78881835938 180.99540710449 0.94214218854904 8.436595916748 
000038 352 1216 1 697.24444580078 188.62851715088 81.903198242188 50.656051635742 0.80818003416061 25.737367630005 
000038 352 1216 3 640.28829956055 243.26997375488 95.556945800781 172.17367553711 0.96519774198532 8.0945386886597 
000039 352 1216 3 638.47589111328 248.11675262451 103.583984375 162.05421447754 0.99752813577652 8.7526359558105 
000040 352 1216 1 487.8045501709 199.22525787354 107.42129516602 78.458084106445 0.99022102355957 16.818685531616 
000040 352 1216 1 427.43572998047 198.44739532471 65.07666015625 32.118667602539 0.98144769668579 35.386077880859 
000040 352 1216 3 636.32302856445 248.59582519531 96.687927246094 166.93371582031 0.99184143543243 8.5953731536865 
000041 352 1216 1 442.14291381836 198.50579071045 54.055297851562 32.99333190918 0.97493499517441 37.939743041992 
000041 352 1216 1 503.40596008301 201.6321182251 111.15768432617 83.042770385742 0.96077883243561 16.636800765991 
000041 352 1216 3 634.65307617188 248.92629241943 97.596801757812 172.27894592285 0.99498307704926 8.5690422058105 
000042 352 1216 1 523.81060791016 204.14800262451 100.56787109375 72.735580444336 0.98830354213715 16.260528564453 
000042 352 1216 1 446.29322814941 201.33381652832 49.866363525391 31.199890136719 0.94678008556366 38.993843078613 
000042 352 1216 3 630.41662597656 253.27024078369 100.7041015625 184.52745056152 0.99224549531937 8.6774444580078 
000043 352 1216 1 461.7247467041 203.20707702637 58.799591064453 35.629455566406 0.97685664892197 35.763927459717 
000043 352 1216 1 548.14346313477 209.2301864624 111.54815673828 76.228378295898 0.76853662729263 18.135204315186 
000043 352 1216 3 630.85192871094 257.17143249512 94.504028320312 182.44888305664 0.98213768005371 8.6865825653076 
000044 352 1216 1 558.94540405273 205.41613769531 112.62677001953 77.648864746094 0.94484370946884 16.807739257812 
000044 352 1216 1 449.30093383789 204.653465271 46.039001464844 31.404891967773 0.63233536481857 37.768352508545 
000044 352 1216 3 632.45697021484 253.45384979248 97.320922851562 173.25270080566 0.99444156885147 9.5372200012207 
000045 352 1216 1 585.44107055664 204.9109954834 125.09271240234 78.545379638672 0.97489321231842 18.992040634155 
000045 352 1216 1 495.00842285156 199.4566116333 56.94580078125 34.073318481445 0.94975405931473 37.712535858154 
000045 352 1216 1 796.5129699707 194.61705780029 80.406311035156 64.640914916992 0.85311776399612 26.159004211426 
000045 352 1216 3 631.98123168945 258.99349975586 101.23773193359 187.39489746094 0.998191177845 8.8567123413086 
000046 352 1216 1 824.41479492188 192.44830322266 99.800170898438 57.464721679688 0.98281496763229 26.646327972412 
000046 352 1216 1 597.58853149414 200.80471038818 111.19207763672 82.04084777832 0.95801538228989 20.60259437561 
000046 352 1216 1 507.11849975586 198.53285217285 46.647033691406 29.278930664062 0.91759103536606 37.50745010376 
000046 352 1216 3 634.15701293945 256.90995025635 95.682189941406 172.18455505371 0.99624228477478 8.8140277862549 
000047 352 1216 1 623.037109375 202.42281341553 104.80810546875 75.866104125977 0.95590591430664 20.607444763184 
000047 352 1216 3 639.10995483398 256.37780761719 90.096618652344 156.09497070312 0.99009984731674 9.0205516815186 
000048 352 1216 1 855.45297241211 191.84759521484 97.836120605469 57.308349609375 0.99543398618698 25.589380264282 
000048 352 1216 3 647.30038452148 254.53775787354 94.928649902344 146.65940856934 0.99529546499252 9.9710960388184 
000049 352 1216 1 881.04067993164 190.4859161377 100.07928466797 50.971130371094 0.98510426282883 27.622819900513 
000049 352 1216 1 659.06954956055 203.33203125 103.56732177734 92.249816894531 0.97869771718979 17.947187423706 
000049 352 1216 1 432.92080688477 204.77348327637 38.110900878906 27.543121337891 0.76350659132004 47.103168487549 
000049 352 1216 3 655.02139282227 252.0648727417 98.996887207031 169.13478088379 0.99107766151428 10.090423583984 
000050 352 1216 1 902.66198730469 189.96577453613 107.24206542969 55.239135742188 0.98811054229736 26.893009185791 
000050 352 1216 1 684.53921508789 201.98823547363 126.12640380859 89.678588867188 0.97207009792328 16.672739028931 
000050 352 1216 3 665.42431640625 252.31945037842 92.445434570312 166.67567443848 0.99613130092621 9.9742517471313 
000051 352 1216 1 922.650390625 192.53067016602 112.7861328125 63.392669677734 0.99735414981842 24.208488464355 
000051 352 1216 1 701.69055175781 201.76934814453 119.57238769531 100.03701782227 0.94082224369049 15.510349273682 
000051 352 1216 3 675.23690795898 254.67636108398 102.53363037109 150.64593505859 0.97827643156052 10.488705635071 
000052 352 1216 1 946.19506835938 192.48650360107 110.18151855469 64.675704956055 0.96205687522888 22.517799377441 
000052 352 1216 1 581.67834472656 195.92475891113 70.189208984375 31.914001464844 0.85281074047089 39.585914611816 
000052 352 1216 3 687.77337646484 251.17947387695 97.460083007812 172.85827636719 0.99537897109985 8.9693670272827 
000053 352 1216 1 964.45852661133 193.8694152832 113.42401123047 66.621643066406 0.99458438158035 20.857479095459 
000053 352 1216 1 733.70648193359 201.47113037109 121.1572265625 89.911499023438 0.95918720960617 18.857532501221 
000053 352 1216 1 600.33575439453 196.04125213623 48.93359375 27.992782592773 0.72925114631653 44.921501159668 
000053 352 1216 3 694.37228393555 252.9430847168 103.73663330078 188.09625244141 0.99770563840866 8.1794395446777 
000054 352 1216 1 990.05087280273 193.72756195068 124.07598876953 71.771133422852 0.9981901049614 19.60106086731 
000054 352 1216 1 759.58282470703 195.86598968506 131.12475585938 93.226913452148 0.98335438966751 17.929864883423 
000054 352 1216 3 702.67602539062 256.22706604004 106.08972167969 171.30130004883 0.99473875761032 8.6451768875122 
000055 352 1216 1 1011.6315612793 194.09475708008 133.11260986328 72.956878662109 0.99594068527222 18.874393463135 
000055 352 1216 1 618.50161743164 197.49828338623 76.945373535156 36.19987487793 0.98329263925552 37.983592987061 
000055 352 1216 1 787.35403442383 196.1110534668 128.12066650391 93.488494873047 0.93945962190628 16.937747955322 
000055 352 1216 1 495.11738586426 202.62606811523 53.412200927734 32.024108886719 0.70360726118088 45.166118621826 
000055 352 1216 1 1176.5161743164 182.94985198975 150.73425292969 82.247177124023 0.65107053518295 19.360876083374 
000055 352 1216 3 717.12014770508 256.12030792236 104.99981689453 175.21238708496 0.99235171079636 8.9463157653809 
000056 352 1216 1 826.26141357422 196.92872619629 120.98132324219 82.164245605469 0.99164360761642 18.276865005493 
000056 352 1216 1 1034.8827514648 194.90544128418 134.10656738281 76.564361572266 0.98977410793304 19.350564956665 
000056 352 1216 1 632.75741577148 195.3837890625 49.402893066406 25.522308349609 0.65817052125931 47.459228515625 
000056 352 1216 3 729.67956542969 257.61533355713 100.97729492188 174.92045593262 0.99413979053497 8.5841798782349 
000057 352 1216 1 1057.4694519043 195.24886322021 126.85919189453 80.92350769043 0.97238802909851 19.71925163269 
000057 352 1216 1 849.99234008789 195.51026153564 124.82147216797 86.858200073242 0.94926702976227 19.038082122803 
000057 352 1216 1 639.1696472168 195.90606689453 67.142395019531 36.639038085938 0.8358890414238 41.954483032227 
000057 352 1216 3 743.92486572266 257.44274902344 99.585571289062 167.46087646484 0.99116158485413 8.2332639694214 
000058 352 1216 1 878.44326782227 195.04357910156 129.21051025391 82.134826660156 0.99215430021286 18.841840744019 
000058 352 1216 1 1084.4520263672 196.93979644775 160.5361328125 94.414688110352 0.98629146814346 18.710660934448 
000058 352 1216 1 648.48275756836 194.87473297119 73.192077636719 35.609512329102 0.69579321146011 39.52600479126 
000058 352 1216 2 770.34982299805 241.90324401855 87.311584472656 160.98110961914 0.96246308088303 7.6242809295654 
000058 352 1216 3 762.9196472168 255.53345489502 97.660705566406 183.57902526855 0.98374569416046 8.038932800293 
000059 352 1216 1 893.78048706055 195.14073944092 130.33599853516 87.122482299805 0.99899691343307 15.92685508728 
000059 352 1216 1 1108.6427612305 195.87435150146 165.37829589844 93.656845092773 0.959048807621 20.369556427002 
000059 352 1216 1 654.60412597656 196.02344512939 72.044189453125 33.398849487305 0.63013917207718 46.255016326904 
000059 352 1216 2 789.09692382812 221.9839553833 60.599731445312 91.713180541992 0.76727533340454 11.917449951172 
000059 352 1216 3 779.64392089844 249.32103729248 81.01318359375 152.81904602051 0.89591479301453 8.893835067749 
000060 352 1216 1 919.45349121094 194.9241104126 134.35607910156 79.407943725586 0.99850285053253 17.6706199646 
000060 352 1216 1 663.81652832031 199.39685058594 59.214477539062 33.601135253906 0.98064351081848 43.378524780273 
000060 352 1216 1 1116.1463012695 200.73876953125 147.37365722656 94.973083496094 0.71435898542404 19.42763710022 
000060 352 1216 3 797.36013793945 246.49068450928 80.189636230469 155.99501037598 0.98217171430588 8.3678855895996 
000061 352 1216 1 666.97348022461 199.27558135986 64.719665527344 40.025863647461 0.99397367238998 37.36376953125 
000061 352 1216 1 946.55349731445 194.00070953369 132.30352783203 78.282943725586 0.98918086290359 18.581302642822 
000061 352 1216 2 821.45758056641 221.91426849365 53.733154296875 97.083389282227 0.86206340789795 9.5665922164917 
000061 352 1216 3 813.14956665039 249.59108734131 85.094787597656 170.84364318848 0.8444060087204 8.1962223052979 
000062 352 1216 1 970.14276123047 192.91045379639 143.87829589844 81.698257446289 0.99613094329834 17.865892410278 
000062 352 1216 1 669.66070556641 196.22759246826 67.981201171875 42.428756713867 0.96868717670441 34.002529144287 
000062 352 1216 1 1165.5509643555 199.29172515869 158.32165527344 99.081771850586 0.8584953546524 18.557682037354 
000062 352 1216 2 835.38763427734 234.06419372559 73.42236328125 154.6383972168 0.90933233499527 9.2041530609131 
000062 352 1216 3 828.58737182617 248.41603088379 79.337585449219 176.52395629883 0.73832994699478 7.8038215637207 
000063 352 1216 1 1187.2941894531 202.08072662354 174.69702148438 102.99458312988 0.95777708292007 16.275634765625 
000063 352 1216 1 1003.5214233398 191.78235626221 153.91296386719 79.605178833008 0.95737820863724 18.155956268311 
000063 352 1216 1 678.130859375 195.86305999756 76.217895507812 44.596572875977 0.94526034593582 34.763500213623 
000063 352 1216 2 857.67083740234 222.14319610596 56.61474609375 114.35209655762 0.86920654773712 9.1350698471069 
000063 352 1216 3 854.57437133789 246.01016998291 83.580871582031 178.07090759277 0.96077764034271 8.0975351333618 
000064 352 1216 1 678.93078613281 199.64730834961 73.171508789062 43.079803466797 0.97435092926025 32.376342773438 
000064 352 1216 1 1024.8123779297 192.5359954834 159.70654296875 88.206268310547 0.97011041641235 17.722219467163 
000064 352 1216 1 1180.6140136719 199.24289703369 128.21948242188 113.58299255371 0.73920428752899 15.647714614868 
000064 352 1216 3 870.71429443359 246.2702255249 85.383544921875 156.18824768066 0.98674029111862 8.3033790588379 
000065 352 1216 1 1045.3442382812 195.5096282959 155.6220703125 88.245849609375 0.97650676965714 17.335527420044 
000065 352 1216 1 1203.6076049805 204.890625 190.45861816406 107.83038330078 0.96495282649994 15.024570465088 
000065 352 1216 1 679.65249633789 201.91429138184 73.335754394531 43.442535400391 0.87353843450546 32.672290802002 
000065 352 1216 3 888.51873779297 244.69048309326 86.344482421875 175.4859161377 0.99581664800644 8.672550201416 
000066 352 1216 1 1061.0657958984 196.2943572998 162.91455078125 86.649810791016 0.99534058570862 16.213710784912 
000066 352 1216 1 1211.8395385742 207.0718460083 195.45666503906 115.35636901855 0.90466809272766 13.977428436279 
000066 352 1216 1 679.62075805664 201.15963745117 87.683410644531 47.937286376953 0.8721364736557 33.253242492676 
000066 352 1216 3 900.95474243164 246.65351867676 79.415100097656 148.9401550293 0.99301844835281 8.398003578186 
000067 352 1216 1 1085.9919433594 197.36376190186 174.85864257812 83.270584106445 0.97511780261993 18.839656829834 
000067 352 1216 3 921.06781005859 248.01383209229 92.33740234375 170.43174743652 0.99702781438828 8.9224939346313 
000068 352 1216 1 1108.5658569336 199.51132965088 186.33923339844 83.186477661133 0.94242584705353 19.55904006958 
000068 352 1216 2 946.91448974609 221.52198791504 53.355590820312 92.532562255859 0.62841457128525 11.548254013062 
000068 352 1216 3 938.02230834961 252.27423095703 81.857849121094 150.34020996094 0.93515795469284 10.029227256775 
000069 352 1216 1 1114.5863647461 198.14447784424 172.25793457031 85.827011108398 0.93395447731018 17.208906173706 
000069 352 1216 2 966.04837036133 239.95156860352 73.657287597656 168.29064941406 0.97938424348831 8.3395824432373 
000069 352 1216 3 956.70715332031 250.96562957764 82.80517578125 154.97053527832 0.91778600215912 9.6674766540527 
000070 352 1216 1 1131.809387207 197.01012420654 175.33361816406 84.417526245117 0.97806757688522 18.356061935425 
000070 352 1216 3 974.64038085938 246.35207366943 79.948852539062 153.5015411377 0.96106976270676 9.0552139282227 
000071 352 1216 1 1134.1311645508 196.23434448242 173.00769042969 82.731597900391 0.74895548820496 22.240339279175 
000071 352 1216 3 987.11859130859 245.88851165771 84.276489257812 161.59596252441 0.99815720319748 8.4841194152832 
000072 352 1216 1 1158.0677490234 196.19781494141 178.04125976562 78.840545654297 0.81360328197479 21.662631988525 
000072 352 1216 3 998.67819213867 242.42630004883 81.023010253906 146.93963623047 0.9951474070549 9.1949968338013 
000073 352 1216 1 1169.0920410156 196.55532836914 187.65942382812 87.345306396484 0.9716796875 17.958250045776 
000073 352 1216 3 1008.2822875977 240.75971984863 83.759887695312 168.48233032227 0.98946392536163 8.830792427063 
000074 352 1216 1 1171.7134399414 196.56395721436 173.78283691406 86.001541137695 0.90306562185287 18.737920761108 
000074 352 1216 2 1018.4189147949 219.74460601807 54.574279785156 119.62174987793 0.95466554164886 10.607166290283 
000074 352 1216 3 658.08843994141 201.62745666504 52.0009765625 48.846649169922 0.90878826379776 23.488744735718 
000074 352 1216 3 1017.0836181641 241.22361755371 71.116455078125 164.81887817383 0.89088916778564 9.301718711853 
000075 352 1216 1 1174.8513793945 196.90013122559 170.03405761719 85.149047851562 0.88897734880447 20.709678649902 
000075 352 1216 1 544.95812988281 223.4998626709 57.278564453125 30.470306396484 0.75191217660904 29.439758300781 
000075 352 1216 2 1020.2782897949 227.38298034668 59.988830566406 134.80630493164 0.97663521766663 10.945231437683 
000075 352 1216 3 644.21475219727 200.87127685547 49.307800292969 41.194946289062 0.70120531320572 26.927150726318 
000076 352 1216 1 1169.2606201172 199.47315979004 157.564453125 76.657165527344 0.93665343523026 21.075838088989 
000076 352 1216 2 1025.9375915527 229.35696411133 58.465393066406 121.64526367188 0.96215212345123 10.800262451172 
000076 352 1216 3 1019.4635620117 239.89571380615 68.206420898438 154.81611633301 0.91795742511749 9.0401782989502 
000076 352 1216 3 617.8664855957 205.2903213501 57.519104003906 46.879959106445 0.8084933757782 21.291965484619 
000077 352 1216 1 1170.716003418 197.04048156738 164.91760253906 78.25732421875 0.95777356624603 21.18709564209 
000077 352 1216 1 389.19473266602 213.71625518799 61.625183105469 41.990005493164 0.74588423967361 32.619163513184 
000077 352 1216 2 1026.1487426758 236.29724121094 59.701538085938 129.18859863281 0.82020485401154 9.9685935974121 
000077 352 1216 3 1018.6258850098 240.77588653564 77.694519042969 161.40757751465 0.99134021997452 9.1289587020874 
000078 352 1216 2 1026.9148254395 234.87425994873 60.786804199219 130.32405090332 0.97947430610657 9.5651721954346 
000078 352 1216 3 592.71768188477 207.66873168945 69.280944824219 56.446716308594 0.8836110830307 20.350078582764 
000078 352 1216 3 1019.7038879395 241.26291656494 75.978210449219 164.34037780762 0.8146595954895 8.6570091247559 
000079 352 1216 2 1021.1905212402 239.40113830566 61.919250488281 142.35415649414 0.99003219604492 9.1620674133301 
000079 352 1216 3 568.48245239258 207.78553009033 70.798278808594 60.674758911133 0.95720458030701 18.944831848145 
000080 352 1216 1 1212.2227172852 219.72607421875 152.96789550781 107.65075683594 0.63950854539871 14.014098167419 
000080 352 1216 2 1019.7679138184 235.57663726807 62.549133300781 144.90104675293 0.92522186040878 10.273477554321 
000080 352 1216 3 556.72424316406 211.97702789307 62.412109375 60.187423706055 0.89363831281662 19.030029296875 
000081 352 1216 1 1212.6044921875 220.90515899658 197.95776367188 104.67314147949 0.63346815109253 14.297130584717 
000081 352 1216 3 535.31391906738 216.55150604248 68.993988037109 57.806350708008 0.93396192789078 20.31699180603 
000081 352 1216 3 1011.1228027344 244.50714874268 68.7080078125 145.85752868652 0.85683822631836 9.9754362106323 
000082 352 1216 3 1006.1883544922 239.65433502197 66.538818359375 126.07249450684 0.98920655250549 11.266535758972 
000082 352 1216 3 506.83303833008 218.61335754395 79.222473144531 66.067901611328 0.7633735537529 19.341907501221 
000083 352 1216 1 1211.966796875 237.36576080322 209.7197265625 163.73271179199 0.75584048032761 10.368399620056 
000083 352 1216 2 1000.816619873 232.26515197754 50.786437988281 111.47372436523 0.91606819629669 10.851751327515 
000083 352 1216 3 484.11837768555 226.53489685059 73.039123535156 51.271667480469 0.73954004049301 22.399869918823 
000084 352 1216 1 1201.9074707031 235.4606628418 201.71435546875 155.61682128906 0.79776877164841 10.791004180908 
000084 352 1216 1 1107.3345336914 199.98178863525 104.39709472656 40.763198852539 0.76945811510086 30.129224777222 
000084 352 1216 2 990.20593261719 228.09300994873 51.002197265625 117.2866973877 0.98996335268021 10.946516036987 
000085 352 1216 1 1064.0494384766 201.92066955566 74.571533203125 33.445434570312 0.95720493793488 35.653133392334 
000085 352 1216 1 1198.5497436523 236.84934234619 218.14074707031 165.06401062012 0.88949453830719 9.8609285354614 
000085 352 1216 2 982.77313232422 232.0022354126 54.89697265625 125.5691986084 0.99282687902451 11.550860404968 
000085 352 1216 3 435.74655151367 226.85794067383 89.922607421875 65.482482910156 0.88041228055954 21.115249633789 
000086 352 1216 1 1055.70703125 199.30767822266 79.770263671875 40.808685302734 0.9952604174614 33.555820465088 
000086 352 1216 1 1178.915222168 235.2205581665 170.76745605469 166.1961517334 0.73185479640961 9.6211090087891 
000086 352 1216 2 974.77642822266 229.01718902588 60.967895507812 118.60716247559 0.65605890750885 11.92573928833 
000086 352 1216 3 964.78887939453 238.56958770752 59.35546875 123.95445251465 0.79949921369553 11.89883518219 
000086 352 1216 3 406.95143127441 226.04161071777 95.919647216797 72.531280517578 0.76249384880066 17.598100662231 
000087 352 1216 1 1028.3782348633 200.08808898926 75.615112304688 39.740997314453 0.99254804849625 33.7373046875 
000087 352 1216 1 1167.8461303711 242.82808685303 168.60729980469 176.70393371582 0.75408750772476 9.8915271759033 
000087 352 1216 2 962.06597900391 236.12010192871 59.496704101562 127.56381225586 0.89375108480453 10.494403839111 
000087 352 1216 3 372.91535949707 226.7013092041 104.59231567383 88.746673583984 0.71322357654572 14.0845079422 
000087 352 1216 3 954.73361206055 241.47951507568 59.761169433594 130.00495910645 0.66657650470734 9.9961624145508 
000088 352 1216 1 1010.794342041 201.71221160889 78.745544433594 49.18571472168 0.96901243925095 34.297283172607 
000088 352 1216 1 1149.6058959961 248.37953948975 162.88244628906 185.11824035645 0.7599418759346 9.1921672821045 
000088 352 1216 2 957.32955932617 238.76380157471 64.627136230469 144.0150604248 0.99183636903763 9.6327247619629 
000089 352 1216 1 987.85089111328 199.35397338867 64.442138671875 43.433258056641 0.99623966217041 31.842300415039 
000089 352 1216 2 949.93872070312 234.8592300415 63.229614257812 131.10203552246 0.93605720996857 10.593933105469 
000090 352 1216 1 967.05206298828 197.29678344727 50.82666015625 27.676940917969 0.97823971509933 37.524280548096 
000090 352 1216 1 1166.2612304688 243.81994628906 232.50512695312 190.90783691406 0.93279719352722 8.9729337692261 
000090 352 1216 3 933.09829711914 235.25439453125 58.429382324219 110.84692382812 0.9005731344223 11.606363296509 
000091 352 1216 1 1169.3994140625 244.16516113281 249.12084960938 189.78002929688 0.95586913824081 8.5856418609619 
000091 352 1216 1 935.39309692383 210.74795532227 56.977722167969 47.974029541016 0.83181911706924 23.084648132324 
000091 352 1216 3 925.32412719727 233.52561950684 54.571350097656 112.04611206055 0.9868511557579 10.351939201355 
000092 352 1216 1 1158.9677124023 245.23924255371 248.74938964844 188.49087524414 0.99426537752151 8.2669153213501 
000092 352 1216 1 931.02224731445 208.27592468262 52.322937011719 45.687133789062 0.90172415971756 27.853660583496 
000092 352 1216 1 1027.0144042969 199.63059234619 71.41259765625 37.640213012695 0.75268363952637 36.040836334229 
000092 352 1216 2 579.18612670898 218.58518981934 39.339050292969 80.172149658203 0.728590965271 13.638642311096 
000092 352 1216 3 921.9651184082 231.16310882568 62.341247558594 117.55561828613 0.99265575408936 10.472039222717 
000093 352 1216 1 1152.3033752441 246.88887023926 262.99603271484 201.5192565918 0.97917467355728 7.4814219474792 
000093 352 1216 2 565.64730834961 219.81530761719 41.852478027344 87.1396484375 0.65915036201477 15.273339271545 
000093 352 1216 3 912.97802734375 231.90101623535 64.297485351562 115.82217407227 0.90130984783173 11.756575584412 
000093 352 1216 3 204.62063598633 194.89779663086 37.899108886719 41.802490234375 0.77167004346848 33.821292877197 
000094 352 1216 1 1151.6364440918 244.10213470459 278.24200439453 202.0782623291 0.99107390642166 7.1399078369141 
000094 352 1216 1 993.53857421875 197.30702972412 100.08618164062 72.891891479492 0.68603926897049 24.598615646362 
000094 352 1216 2 541.13146972656 224.33123016357 44.67822265625 90.254470825195 0.95148783922195 15.595049858093 
000094 352 1216 3 904.6376953125 234.82862091064 54.916015625 115.49284362793 0.926722407341 10.611567497253 
000095 352 1216 1 1154.7264709473 243.12525177002 277.21649169922 196.28898620605 0.97516703605652 6.4715752601624 
000095 352 1216 1 121.53705596924 197.91189575195 69.215957641602 34.479522705078 0.65427124500275 43.193565368652 
000095 352 1216 2 522.00689697266 227.48577880859 62.412963867188 118.08966064453 0.78915292024612 12.148562431335 
000095 352 1216 3 891.59658813477 234.34818267822 66.694274902344 122.60929870605 0.83495569229126 8.8769187927246 
000096 352 1216 1 1154.5272521973 248.51351165771 315.04998779297 203.47700500488 0.99362832307816 7.0725493431091 
000096 352 1216 1 859.60772705078 198.80460357666 53.14892578125 40.106857299805 0.93932056427002 32.821014404297 
000096 352 1216 1 85.491807937622 194.59662628174 63.71683883667 27.57780456543 0.72041672468185 45.613914489746 
000096 352 1216 2 502.92210388184 231.10553741455 65.831695556641 130.99345397949 0.99101334810257 11.480865478516 
000096 352 1216 3 891.64859008789 239.14971923828 63.728698730469 127.45062255859 0.98258209228516 9.0093240737915 
000097 352 1216 1 1154.4958496094 251.88259887695 324.72119140625 198.03967285156 0.99487888813019 6.8805532455444 
000097 352 1216 1 840.44281005859 199.38105773926 54.99267578125 36.354919433594 0.97022366523743 35.309524536133 
000097 352 1216 1 48.60210943222 192.34896087646 73.768086433411 31.032852172852 0.81714642047882 46.165428161621 
000097 352 1216 1 955.89050292969 201.37245941162 63.958251953125 49.805191040039 0.72885513305664 28.646167755127 
000097 352 1216 2 473.98364257812 229.84411621094 63.287109375 132.486328125 0.99471962451935 11.105098724365 
000097 352 1216 3 887.25210571289 237.02131652832 60.092468261719 120.9235534668 0.96581083536148 11.338356018066 
000098 352 1216 1 1153.1100463867 250.79632568359 304.68615722656 206.74670410156 0.99297547340393 6.7052736282349 
000098 352 1216 1 825.15829467773 200.99716949463 55.437194824219 40.736038208008 0.96701627969742 34.669807434082 
000098 352 1216 1 935.98483276367 199.90174102783 58.709289550781 49.010391235352 0.69164246320724 28.929433822632 
000098 352 1216 2 445.59077453613 232.32479095459 68.264923095703 132.19386291504 0.99514752626419 11.357563018799 
000098 352 1216 3 886.97253417969 235.73241424561 60.177978515625 138.08082580566 0.83673524856567 10.111905097961 
000099 352 1216 1 809.42706298828 197.89326477051 59.185424804688 35.296722412109 0.99401098489761 33.409595489502 
000099 352 1216 1 1155.9040527344 249.93778991699 299.32958984375 215.16067504883 0.98276883363724 7.2668933868408 
000099 352 1216 1 922.58282470703 200.39096832275 60.620849609375 43.334243774414 0.83581483364105 31.241659164429 
000099 352 1216 2 414.10270690918 236.29790496826 60.669281005859 136.7993927002 0.99880409240723 10.173128128052 
000099 352 1216 3 873.59783935547 237.87112426758 59.9462890625 122.37872314453 0.98504549264908 10.535907745361 
000100 352 1216 1 792.95324707031 198.61307525635 51.804321289062 38.050216674805 0.99211007356644 35.62952041626 
000100 352 1216 1 1156.2913208008 246.45570373535 339.80700683594 216.52871704102 0.96079498529434 6.947235584259 
000100 352 1216 1 962.80102539062 201.34646606445 67.03857421875 37.191925048828 0.95283371210098 35.531394958496 
000100 352 1216 2 379.66328430176 233.86181640625 69.318145751953 143.4404296875 0.99813711643219 10.212511062622 
000100 352 1216 3 863.26843261719 237.46140289307 60.463500976562 118.60081481934 0.96662896871567 10.54088973999 
000101 352 1216 1 771.1279296875 197.82247924805 47.052734375 28.885589599609 0.98353093862534 37.058345794678 
000101 352 1216 1 946.50793457031 200.04482269287 78.8662109375 39.292129516602 0.97034925222397 32.940532684326 
000101 352 1216 2 345.71101379395 241.66677856445 82.451690673828 167.71154785156 0.99434375762939 9.5334672927856 
000101 352 1216 3 860.2077331543 236.00731658936 56.829162597656 119.34272766113 0.97664421796799 9.7057456970215 
000102 352 1216 1 758.14739990234 195.4012298584 45.678588867188 32.960540771484 0.98909866809845 35.729915618896 
000102 352 1216 1 930.73806762695 198.77480316162 55.017395019531 29.27311706543 0.88733577728271 37.97639465332 
000102 352 1216 1 1164.9417419434 240.18673706055 329.54254150391 207.31176757812 0.85865378379822 5.5832595825195 
000102 352 1216 2 308.56219482422 243.65804290771 81.385070800781 164.71571350098 0.98691493272781 8.4903430938721 
000102 352 1216 3 860.64895629883 229.88562011719 63.093078613281 116.67895507812 0.99383115768433 10.143548965454 
000103 352 1216 1 739.90975952148 192.4878616333 51.003356933594 36.319900512695 0.99004256725311 35.258399963379 
000103 352 1216 1 932.36962890625 199.7660446167 52.452270507812 34.646469116211 0.90713310241699 35.539581298828 
000103 352 1216 1 955.78771972656 207.93655395508 53.771484375 37.769653320312 0.86149060726166 30.161743164062 
000103 352 1216 1 1194.4771728516 238.60121154785 346.10571289062 193.87417602539 0.74217760562897 5.5699911117554 
000103 352 1216 2 259.15500640869 249.96497344971 109.55986022949 201.17924499512 0.99381256103516 5.5946526527405 
000103 352 1216 3 858.03286743164 226.40408325195 57.941467285156 97.688049316406 0.97491371631622 11.957372665405 
000104 352 1216 1 724.93353271484 195.74259185791 44.826538085938 33.73356628418 0.97472643852234 36.029239654541 
000104 352 1216 1 836.99627685547 195.84210205078 52.9794921875 51.921905517578 0.91871613264084 32.958374023438 
000104 352 1216 1 900.35116577148 201.21257019043 53.393005371094 36.676483154297 0.91575932502747 34.902431488037 
000104 352 1216 1 952.67782592773 209.88179779053 67.110168457031 42.397720336914 0.90109133720398 29.281532287598 
000104 352 1216 2 203.93305969238 260.19509887695 108.94046020508 194.27673339844 0.97626978158951 6.605309009552 
000104 352 1216 3 854.37326049805 230.69368743896 62.231018066406 113.02296447754 0.95463782548904 11.241767883301 
000105 352 1216 1 822.96002197266 194.56540679932 55.664916992188 41.755416870117 0.98748207092285 29.85034942627 
000105 352 1216 1 943.1858215332 212.24841308594 66.652282714844 50.976593017578 0.98525238037109 25.289928436279 
000105 352 1216 1 704.24298095703 196.44751739502 52.472412109375 43.276962280273 0.97523909807205 34.833396911621 
000105 352 1216 1 888.78350830078 200.29920959473 53.60595703125 40.978515625 0.93674683570862 34.847511291504 
000105 352 1216 2 136.14750671387 263.12890625 109.24035644531 185.14416503906 0.82634872198105 5.618426322937 
000105 352 1216 3 852.36001586914 226.82637786865 64.884460449219 105.3331451416 0.95568084716797 11.059134483337 
000106 352 1216 1 939.58721923828 214.35115814209 76.3037109375 49.939865112305 0.99959224462509 26.724479675293 
000106 352 1216 1 800.40969848633 198.47673797607 47.841003417969 47.022476196289 0.90352576971054 26.779035568237 
000106 352 1216 1 689.31607055664 193.20938873291 52.199279785156 38.068466186523 0.89921706914902 34.959720611572 
000106 352 1216 2 61.836873054504 253.29165649414 132.68657493591 218.31506347656 0.63104659318924 5.3945736885071 
000106 352 1216 3 846.59036254883 227.57125854492 57.308044433594 110.33837890625 0.99220794439316 11.155705451965 
000107 352 1216 1 939.02056884766 216.08187103271 92.045166015625 54.128005981445 0.99969947338104 23.51121711731 
000107 352 1216 1 787.35906982422 196.39445495605 51.402465820312 42.191070556641 0.99351304769516 27.386724472046 
000107 352 1216 1 670.16781616211 195.80407714844 53.939758300781 47.739044189453 0.9768500328064 32.714302062988 
000107 352 1216 1 892.94500732422 209.01142120361 55.318237304688 45.147689819336 0.68538123369217 28.242458343506 
000107 352 1216 3 843.57543945312 225.8963394165 56.709716796875 98.786972045898 0.98550236225128 12.107249259949 
000108 352 1216 1 931.7585144043 215.92768096924 96.036804199219 54.608657836914 0.99966621398926 26.186101913452 
000108 352 1216 1 767.68463134766 198.09934997559 50.045166015625 39.124664306641 0.99571001529694 28.935953140259 
000108 352 1216 1 658.83389282227 196.34329986572 55.663513183594 42.376327514648 0.98852998018265 33.305892944336 
000108 352 1216 3 839.92883300781 226.68416595459 51.496459960938 96.439895629883 0.98469233512878 12.06995010376 
000109 352 1216 1 923.85833740234 216.53964996338 106.62121582031 56.322372436523 0.99976617097855 26.417726516724 
000109 352 1216 1 758.4186706543 196.27917480469 48.024230957031 41.230255126953 0.99788910150528 29.340847015381 
000109 352 1216 1 638.36145019531 197.69636535645 52.53564453125 51.431793212891 0.96469271183014 32.313743591309 
000109 352 1216 3 834.64477539062 227.77339172363 63.21875 98.490997314453 0.9971644282341 12.125436782837 
000110 352 1216 1 917.81280517578 215.22570800781 103.0185546875 57.885650634766 0.99987256526947 23.795988082886 
000110 352 1216 1 742.40982055664 195.55534362793 49.975769042969 37.204956054688 0.99822026491165 32.063823699951 
000110 352 1216 1 231.46186065674 227.12512207031 108.33280944824 54.841339111328 0.9431004524231 27.571426391602 
000110 352 1216 1 626.0862121582 194.92658233643 56.623229980469 44.116897583008 0.82882314920425 33.171195983887 
000110 352 1216 1 837.88433837891 211.3999710083 66.8994140625 53.037246704102 0.69662696123123 25.213510513306 
000110 352 1216 3 828.09579467773 228.60802459717 60.064758300781 96.909683227539 0.99593579769135 11.371444702148 
000111 352 1216 1 877.9758605957 214.85237884521 98.183776855469 58.242141723633 0.99970263242722 23.886497497559 
000111 352 1216 1 727.48599243164 193.82424926758 49.771667480469 37.744262695312 0.99902188777924 30.654672622681 
000111 352 1216 1 606.63610839844 195.52336883545 53.800659179688 49.245681762695 0.97956615686417 31.572589874268 
000111 352 1216 1 793.78033447266 198.88804626465 54.020629882812 40.591888427734 0.96796125173569 30.457378387451 
000111 352 1216 1 192.44047546387 231.47901153564 159.33218383789 68.087387084961 0.88715374469757 22.389598846436 
000111 352 1216 3 829.15350341797 228.19469451904 64.262939453125 108.22254943848 0.99582231044769 10.504594802856 
000112 352 1216 1 876.17770385742 213.65254211426 102.04644775391 58.049652099609 0.99902403354645 23.508495330811 
000112 352 1216 1 705.54528808594 193.01474761963 48.60400390625 36.552230834961 0.99898093938828 30.591606140137 
000112 352 1216 1 784.24261474609 196.73001098633 56.268798828125 37.071624755859 0.99675863981247 31.278005599976 
000112 352 1216 1 595.51983642578 193.5632019043 57.391235351562 42.122924804688 0.98129326105118 31.950029373169 
000112 352 1216 1 112.61718416214 235.61418914795 213.77774715424 110.41358947754 0.66547393798828 15.526244163513 
000112 352 1216 3 825.44680786133 223.55461883545 65.714904785156 98.273818969727 0.97435814142227 11.522005081177 
000113 352 1216 1 878.21435546875 213.49941253662 99.374755859375 56.831283569336 0.99918168783188 24.656734466553 
000113 352 1216 1 694.01846313477 191.4446105957 49.752380371094 37.113220214844 0.99714559316635 30.502618789673 
000113 352 1216 1 765.50384521484 197.22838592529 52.72021484375 37.908828735352 0.9886554479599 34.819854736328 
000113 352 1216 1 574.96340942383 194.16015625 61.553771972656 52.810821533203 0.9803763628006 29.993286132812 
000113 352 1216 1 145.48396110535 232.41539001465 183.45499038696 115.72915649414 0.81159150600433 14.550427436829 
000113 352 1216 3 822.64761352539 221.62375640869 71.970153808594 91.849227905273 0.92718684673309 15.211866378784 
000114 352 1216 1 866.92608642578 213.84176635742 93.748291015625 61.120208740234 0.99917358160019 23.184297561646 
000114 352 1216 1 677.37622070312 190.96146392822 47.387573242188 33.737045288086 0.99632000923157 32.14400100708 
000114 352 1216 1 761.064453125 198.47366333008 60.21630859375 44.530334472656 0.98955404758453 31.267129898071 
000114 352 1216 1 724.69976806641 192.74515533447 42.715087890625 27.876907348633 0.96233326196671 38.749839782715 
000114 352 1216 1 567.35263061523 194.74977874756 60.525451660156 51.281478881836 0.88256740570068 30.660066604614 
000114 352 1216 1 134.14714050293 241.32151794434 184.21151733398 116.74795532227 0.65770900249481 13.214663505554 
000114 352 1216 2 1207.9061889648 276.63066864014 90.290161132812 188.7515411377 0.90755075216293 7.781195640564 
000114 352 1216 2 808.0969543457 227.30703735352 61.065979003906 101.37475585938 0.6640836596489 12.644367218018 
000115 352 1216 1 857.45062255859 214.97723388672 100.02770996094 63.379028320312 0.99859470129013 21.473182678223 
000115 352 1216 1 733.62078857422 196.7423324585 54.701904296875 33.856155395508 0.99758970737457 30.883544921875 
000115 352 1216 1 666.83517456055 192.53150177002 49.438171386719 35.332778930664 0.99740368127823 33.183853149414 
000115 352 1216 1 546.49328613281 196.96203613281 61.3623046875 49.531646728516 0.99671703577042 28.778257369995 
000115 352 1216 1 700.55279541016 190.10794830322 39.739379882812 29.161117553711 0.71056175231934 39.135150909424 
000115 352 1216 1 801.99285888672 212.32210540771 74.6357421875 64.18489074707 0.6848378777504 19.040182113647 
000115 352 1216 1 126.68394184113 246.33609008789 189.9011592865 114.26751708984 0.65824204683304 13.464465141296 
000115 352 1216 3 795.83062744141 217.7001953125 53.945922851562 79.103515625 0.8600606918335 15.457139968872 
000116 352 1216 1 857.87170410156 217.80069732666 100.76953125 67.375869750977 0.99950885772705 19.679174423218 
000116 352 1216 1 725.89196777344 198.77307128906 59.44873046875 41.864379882812 0.9965717792511 27.975847244263 
000116 352 1216 1 648.4990234375 191.90758514404 44.124633789062 33.268295288086 0.99405425786972 32.803821563721 
000116 352 1216 1 535.63059997559 196.27872467041 71.028228759766 56.40544128418 0.97345811128616 29.02854347229 
000116 352 1216 1 699.35818481445 192.22386169434 43.238220214844 32.296112060547 0.85439401865005 37.596088409424 
000116 352 1216 1 92.427300214767 249.92102813721 169.91395425797 147.50541687012 0.68385928869247 11.308720588684 
000116 352 1216 2 160.78703308105 206.7240447998 35.421722412109 78.562408447266 0.78832477331161 17.012409210205 
000116 352 1216 3 793.09561157227 224.90451812744 63.774230957031 94.270614624023 0.91386359930038 12.979986190796 
000117 352 1216 1 852.34091186523 220.18955993652 106.25653076172 64.104675292969 0.99980467557907 19.089447021484 
000117 352 1216 1 634.79821777344 193.25984954834 48.60693359375 37.446029663086 0.99894601106644 32.564231872559 
000117 352 1216 1 714.09799194336 199.72218322754 60.529113769531 40.310974121094 0.99723321199417 30.758172988892 
000117 352 1216 1 517.5140838623 198.56342315674 67.009796142578 56.868545532227 0.98718214035034 28.143447875977 
000117 352 1216 3 785.18310546875 224.11468505859 76.140380859375 86.442932128906 0.95423257350922 15.012657165527 
000118 352 1216 1 839.45834350586 220.68657684326 103.86651611328 65.55485534668 0.99928611516953 19.524345397949 
000118 352 1216 1 698.70425415039 200.28894042969 62.053527832031 36.447326660156 0.99691951274872 31.087162017822 
000118 352 1216 1 617.25445556641 192.44501495361 44.374877929688 32.464553833008 0.99433052539825 33.252796173096 
000118 352 1216 1 504.29783630371 200.12091064453 73.260406494141 61.731292724609 0.98732888698578 27.727090835571 
000118 352 1216 1 772.50997924805 215.07676696777 77.984924316406 69.527893066406 0.83112394809723 18.612735748291 
000118 352 1216 3 768.33670043945 230.95056915283 60.817199707031 110.58769226074 0.8923973441124 12.669768333435 
000119 352 1216 1 831.60794067383 221.80503845215 111.87603759766 72.176849365234 0.9994712471962 18.331466674805 
000119 352 1216 1 603.44812011719 194.85554504395 47.171752929688 33.742584228516 0.99696928262711 33.785926818848 
000119 352 1216 1 688.05474853516 200.62242889404 62.963623046875 37.078140258789 0.99664437770844 32.548484802246 
000119 352 1216 1 483.3080291748 200.66815185547 69.224884033203 58.6611328125 0.98228871822357 27.807426452637 
000119 352 1216 1 760.05294799805 216.78130340576 76.226379394531 70.319717407227 0.84699434041977 17.527320861816 
000119 352 1216 3 758.98428344727 230.02447509766 54.254333496094 104.24822998047 0.8481131196022 13.218318939209 
000120 352 1216 1 807.12084960938 221.33098602295 108.66650390625 72.631362915039 0.99989497661591 17.322677612305 
000120 352 1216 1 685.39486694336 201.39839172363 60.267150878906 38.068054199219 0.99869269132614 29.899530410767 
000120 352 1216 1 470.03607177734 201.11038208008 71.797668457031 59.275512695312 0.99498724937439 26.047262191772 
000120 352 1216 1 585.23876953125 192.05606079102 45.690185546875 32.670227050781 0.99182665348053 33.506378173828 
000120 352 1216 1 646.99453735352 198.33940124512 51.756408691406 30.375244140625 0.98593825101852 36.151103973389 
000120 352 1216 1 747.22988891602 214.20406341553 96.467102050781 69.516983032227 0.97566944360733 22.74395942688 
000120 352 1216 2 746.7087097168 227.32909393311 62.495178222656 107.84364318848 0.68938153982162 13.341963768005 
000121 352 1216 1 803.32040405273 222.34261322021 115.26666259766 73.723587036133 0.99995958805084 16.311010360718 
000121 352 1216 1 721.08993530273 214.38105773926 88.961486816406 63.715637207031 0.99866425991058 20.597534179688 
000121 352 1216 1 663.25912475586 200.60887908936 59.903991699219 36.402755737305 0.99809676408768 29.313577651978 
000121 352 1216 1 571.22152709961 193.11248779297 46.881286621094 36.028991699219 0.99658596515656 32.618198394775 
000121 352 1216 1 447.55528259277 203.63078308105 71.476226806641 60.931671142578 0.9881985783577 24.930051803589 
000121 352 1216 1 632.42700195312 198.01382446289 49.844970703125 33.805358886719 0.98558098077774 34.611927032471 
000121 352 1216 3 729.60818481445 230.45700073242 62.491882324219 106.78350830078 0.86327117681503 12.523446083069 
000122 352 1216 1 808.42910766602 224.12944030762 114.30267333984 76.079559326172 0.9997541308403 16.228631973267 
000122 352 1216 1 433.8440246582 202.05821228027 77.58056640625 53.838226318359 0.99873799085617 25.460500717163 
000122 352 1216 1 663.21328735352 204.16306304932 66.178894042969 44.644424438477 0.99824142456055 28.731128692627 
000122 352 1216 1 729.93844604492 219.21514129639 106.39410400391 76.273208618164 0.99155527353287 18.849243164062 
000122 352 1216 1 621.5348815918 197.80897521973 48.807922363281 31.338806152344 0.9856624007225 34.969814300537 
000122 352 1216 1 554.27471923828 192.09052276611 45.328247070312 31.347396850586 0.97044765949249 34.638862609863 
000122 352 1216 3 717.85159301758 229.49864196777 69.116760253906 108.46115112305 0.93671637773514 14.896241188049 
000123 352 1216 1 785.52301025391 224.67373657227 113.71936035156 78.673706054688 0.99993932247162 15.702227592468 
000123 352 1216 1 715.67987060547 219.24731445312 102.57080078125 70.762115478516 0.99983179569244 18.971452713013 
000123 352 1216 1 640.14785766602 200.76528167725 62.868103027344 39.09016418457 0.99906212091446 28.540576934814 
000123 352 1216 1 411.44792175293 207.09424591064 86.909576416016 64.653945922852 0.99801814556122 22.142288208008 
000123 352 1216 1 540.20364379883 192.90287017822 44.441223144531 32.620559692383 0.99193233251572 33.801391601562 
000123 352 1216 1 602.68130493164 197.78517913818 51.860290527344 31.575729370117 0.9611918926239 34.429397583008 
000123 352 1216 3 698.71166992188 227.45784759521 62.995971679688 95.84358215332 0.75515049695969 12.308450698853 
000124 352 1216 1 714.93197631836 219.28053283691 105.54571533203 74.169342041016 0.99995195865631 18.772245407104 
000124 352 1216 1 799.70721435547 228.16870880127 122.57482910156 85.10661315918 0.99988973140717 15.383987426758 
000124 352 1216 1 629.06423950195 202.50988006592 60.180236816406 39.369247436523 0.99703359603882 29.74242401123 
000124 352 1216 1 392.09162902832 207.61262512207 84.453460693359 57.724517822266 0.99573117494583 23.295471191406 
000124 352 1216 1 596.20272827148 199.89231872559 49.895202636719 32.631439208984 0.99442023038864 34.39782333374 
000124 352 1216 1 524.70027160645 191.17256164551 43.984222412109 33.487213134766 0.98139345645905 30.123411178589 
000124 352 1216 3 697.95043945312 226.05744934082 74.537841796875 98.211151123047 0.68838149309158 16.752332687378 
000125 352 1216 1 793.24786376953 228.99250030518 119.23327636719 88.305038452148 0.99999129772186 14.762516975403 
000125 352 1216 1 697.13055419922 219.64253997803 99.585083007812 72.399307250977 0.99954491853714 19.146583557129 
000125 352 1216 1 371.71257019043 210.46131134033 95.841094970703 64.950881958008 0.99935537576675 21.266109466553 
000125 352 1216 1 617.96472167969 201.82208251953 62.719482421875 43.267456054688 0.99922156333923 26.66870880127 
000125 352 1216 1 507.46684265137 192.02246856689 45.118804931641 34.561965942383 0.98089623451233 32.021869659424 
000125 352 1216 1 576.74432373047 196.55348968506 52.404663085938 32.44465637207 0.92229270935059 35.404140472412 
000125 352 1216 3 664.5315246582 223.3109664917 61.711486816406 91.148696899414 0.95930051803589 13.952247619629 
000126 352 1216 1 787.74337768555 230.22241210938 122.76422119141 89.383911132812 0.99998319149017 14.130507469177 
000126 352 1216 1 687.20086669922 219.20742034912 101.54943847656 66.983993530273 0.99992370605469 18.278394699097 
000126 352 1216 1 347.18045043945 212.22486114502 95.356994628906 63.941543579102 0.998595058918 21.673627853394 
000126 352 1216 1 595.59341430664 202.21171569824 64.358093261719 44.924285888672 0.99816834926605 26.686248779297 
000126 352 1216 1 491.62921142578 190.3558883667 41.52294921875 30.215072631836 0.91082280874252 32.142665863037 
000126 352 1216 1 554.81115722656 193.60438537598 50.016967773438 32.085815429688 0.87111675739288 34.109981536865 
000126 352 1216 3 635.11862182617 227.80696868896 56.332946777344 92.310073852539 0.79154711961746 13.596483230591 
000127 352 1216 1 782.23828125 230.821144104 132.69494628906 93.930648803711 0.99999213218689 13.103474617004 
000127 352 1216 1 673.45068359375 217.60001373291 105.94104003906 70.302352905273 0.99993908405304 16.80672454834 
000127 352 1216 1 323.55490112305 216.17692565918 104.19342041016 64.879974365234 0.99801218509674 20.093013763428 
000127 352 1216 1 575.81890869141 201.07794189453 63.432250976562 42.987731933594 0.9900695681572 29.694692611694 
000127 352 1216 1 476.66448974609 191.66561889648 44.03466796875 33.314056396484 0.96500599384308 32.000938415527 
000127 352 1216 3 618.38092041016 227.41478729248 51.337768554688 80.462417602539 0.76694273948669 15.353861808777 
000128 352 1216 1 781.57485961914 232.44657897949 136.69915771484 100.4426574707 0.99999332427979 12.670205116272 
000128 352 1216 1 667.76312255859 220.72824859619 113.36730957031 74.91276550293 0.99986970424652 16.843406677246 
000128 352 1216 1 305.93730926514 220.35088348389 120.39210510254 72.850967407227 0.99893814325333 18.278570175171 
000128 352 1216 1 558.68716430664 201.51335144043 61.720520019531 41.967254638672 0.99193370342255 28.03399848938 
000128 352 1216 1 468.54515075684 188.55115509033 43.978668212891 35.323013305664 0.9911807179451 30.777711868286 
000128 352 1216 3 601.64703369141 229.82714080811 55.379638671875 92.544448852539 0.96563351154327 13.010187149048 
000129 352 1216 1 780.34820556641 235.0824432373 139.41455078125 104.81295776367 0.99998390674591 12.563650131226 
000129 352 1216 1 665.13946533203 221.72192382812 115.26708984375 73.895263671875 0.99997937679291 17.085657119751 
000129 352 1216 1 294.35761260986 221.6283493042 111.20170593262 70.337905883789 0.99939382076263 19.13271522522 
000129 352 1216 1 549.19458007812 202.46574401855 61.025756835938 39.437866210938 0.99299448728561 29.850170135498 
000129 352 1216 1 454.75015258789 191.94117736816 42.813598632812 31.421356201172 0.96593308448792 34.318286895752 
000129 352 1216 1 593.49072265625 208.85613250732 77.557006835938 59.718185424805 0.86425316333771 24.206214904785 
000129 352 1216 3 587.44641113281 228.72608947754 64.8212890625 99.715545654297 0.95337796211243 14.097738265991 
000130 352 1216 1 658.81240844727 222.61833190918 123.33038330078 76.027313232422 0.99998998641968 16.463678359985 
000130 352 1216 1 786.82565307617 239.669921875 150.95953369141 108.55316162109 0.99997639656067 12.256697654724 
000130 352 1216 1 276.86990356445 225.25018310547 118.44116210938 73.33203125 0.99934679269791 17.4631690979 
000130 352 1216 1 553.03665161133 205.98606109619 71.467102050781 48.808700561523 0.99802267551422 27.129985809326 
000130 352 1216 1 448.90277099609 196.30224609375 45.5830078125 33.407287597656 0.95956289768219 34.379642486572 
000130 352 1216 3 569.98361206055 228.73292541504 52.177307128906 88.991851806641 0.96841901540756 15.310525894165 
000131 352 1216 1 666.24185180664 226.36267852783 134.54315185547 84.407577514648 0.99999070167542 16.075469970703 
000131 352 1216 1 795.52532958984 246.03826141357 165.47473144531 123.24220275879 0.99998664855957 11.230968475342 
000131 352 1216 1 265.59425354004 228.5797958374 114.83834838867 72.666702270508 0.99989366531372 17.250463485718 
000131 352 1216 1 559.04183959961 207.89019775391 74.837463378906 45.658630371094 0.99871110916138 26.361785888672 
000131 352 1216 1 442.45343017578 196.9613571167 42.466857910156 34.653427124023 0.95153146982193 37.118785858154 
000131 352 1216 1 520.3366394043 202.46662139893 71.792785644531 37.964157104492 0.94965386390686 35.180976867676 
000131 352 1216 3 559.42297363281 227.8094329834 61.32568359375 96.115631103516 0.8334835767746 15.1739320755 
000132 352 1216 1 667.97100830078 228.66036224365 138.76708984375 88.396438598633 0.99999451637268 15.238475799561 
000132 352 1216 1 804.13891601562 253.49975585938 166.37829589844 134.89385986328 0.99999213218689 10.621608734131 
000132 352 1216 1 252.16467285156 233.48799133301 126.93072509766 78.840606689453 0.99993526935577 15.819699287415 
000132 352 1216 1 562.91088867188 213.54077148438 73.326904296875 55.003540039062 0.99934738874435 23.123460769653 
000132 352 1216 1 311.31596374512 216.32391357422 74.011322021484 52.465576171875 0.93908137083054 22.827005386353 
000132 352 1216 1 440.12275695801 199.108253479 42.876678466797 35.769485473633 0.92289793491364 36.828315734863 
000132 352 1216 1 507.04244995117 203.45964050293 46.083312988281 35.169830322266 0.8725979924202 32.493274688721 
000132 352 1216 3 549.14865112305 229.30986785889 58.050476074219 99.484268188477 0.93998777866364 15.324195861816 
000133 352 1216 1 670.03091430664 230.30843353271 137.86102294922 90.615310668945 0.99999487400055 14.204354286194 
000133 352 1216 1 820.36959838867 256.83464813232 169.44769287109 140.42378234863 0.9999862909317 9.8510389328003 
000133 352 1216 1 240.08023071289 238.37460327148 125.2216796875 79.4736328125 0.99990701675415 15.355416297913 
000133 352 1216 1 576.82861328125 214.30447387695 75.77783203125 57.608215332031 0.99973386526108 21.991481781006 
000133 352 1216 1 305.77964782715 219.71801757812 62.165313720703 48.298492431641 0.95774775743484 20.835931777954 
000133 352 1216 1 506.94825744629 203.19498443604 40.868499755859 34.192947387695 0.81340163946152 34.854751586914 
000133 352 1216 3 540.02731323242 228.28768920898 54.271179199219 97.518493652344 0.98509907722473 12.27052116394 
000134 352 1216 1 680.65493774414 231.94460296631 148.59332275391 94.37678527832 0.99999701976776 13.63322353363 
000134 352 1216 1 837.32440185547 262.34468841553 183.74829101562 161.3863067627 0.99998414516449 9.1648025512695 
000134 352 1216 1 235.55853271484 237.94917297363 135.94354248047 84.449554443359 0.99995923042297 15.197184562683 
000134 352 1216 1 579.74307250977 213.27931213379 82.601135253906 55.639709472656 0.99952733516693 21.401641845703 
000134 352 1216 1 306.72039794922 219.48087310791 66.492919921875 53.041427612305 0.99117249250412 21.379705429077 
000134 352 1216 1 440.22422790527 198.24122619629 39.533233642578 33.190307617188 0.96979951858521 37.230121612549 
000134 352 1216 1 507.23846435547 203.61237335205 52.726928710938 40.59748840332 0.84003120660782 29.024921417236 
000134 352 1216 3 538.33653259277 225.96775817871 58.477813720703 89.416900634766 0.98877650499344 13.364387512207 
000135 352 1216 1 691.50555419922 232.66164398193 156.48889160156 98.995132446289 0.99999821186066 13.118226051331 
000135 352 1216 1 224.95611572266 238.02309417725 152.15802001953 89.825454711914 0.99998247623444 14.523634910583 
000135 352 1216 1 865.08935546875 268.20542907715 198.796875 176.81387329102 0.99995481967926 8.2091951370239 
000135 352 1216 1 577.91134643555 210.22624206543 75.157287597656 55.7841796875 0.99914932250977 21.892696380615 
000135 352 1216 1 309.19731140137 216.01016998291 64.810577392578 52.169967651367 0.99704319238663 21.408046722412 
000135 352 1216 1 441.75036621094 196.73106384277 47.781799316406 37.153381347656 0.97682309150696 37.959484100342 
000135 352 1216 1 509.4775390625 200.90810394287 58.297241210938 46.959060668945 0.94528418779373 32.074798583984 
000135 352 1216 3 538.04670715332 222.89505004883 58.771331787109 93.467834472656 0.98479998111725 12.327486991882 
000136 352 1216 1 214.77938842773 240.19190979004 167.30780029297 96.775665283203 0.99999475479126 13.719967842102 
000136 352 1216 1 701.63537597656 232.27998352051 171.52990722656 106.61978149414 0.99999117851257 12.421438217163 
000136 352 1216 1 900.49163818359 277.03617095947 220.65368652344 198.35887145996 0.99986684322357 7.4955186843872 
000136 352 1216 1 581.78369140625 207.57511901855 79.06396484375 58.754455566406 0.99947899580002 21.232244491577 
000136 352 1216 1 309.3098449707 214.81572723389 65.718139648438 52.48454284668 0.99658352136612 20.694877624512 
000136 352 1216 1 546.20246887207 201.10678863525 68.512908935547 47.578903198242 0.96454608440399 26.893156051636 
000136 352 1216 1 446.37200927734 192.04096984863 41.603515625 28.751373291016 0.70259034633636 40.277404785156 
000136 352 1216 3 536.85832214355 218.48737335205 59.611480712891 86.682601928711 0.96691459417343 15.067133903503 
000137 352 1216 1 718.11996459961 235.00702667236 178.94891357422 112.94902038574 0.99999308586121 12.087784767151 
000137 352 1216 1 210.81390380859 242.35289001465 176.28369140625 102.36190795898 0.99998891353607 12.935627937317 
000137 352 1216 1 944.96401977539 280.62689971924 238.83709716797 211.75584411621 0.99963021278381 7.3936438560486 
000137 352 1216 1 588.33401489258 205.21246337891 78.470886230469 58.562194824219 0.99960595369339 20.060001373291 
000137 352 1216 1 314.25405883789 215.58096313477 70.608215332031 59.00244140625 0.99895715713501 19.517822265625 
000137 352 1216 1 549.01354980469 203.05847167969 66.396484375 48.637298583984 0.94760137796402 26.093572616577 
000137 352 1216 1 450.92810058594 190.03866577148 38.745849609375 29.133209228516 0.90501672029495 37.370185852051 
000137 352 1216 3 535.50643920898 219.95021057129 50.888000488281 89.470794677734 0.99337196350098 14.076419830322 
000138 352 1216 1 194.43159484863 248.16926574707 197.9176940918 111.79916381836 0.99999213218689 12.927152633667 
000138 352 1216 1 737.82843017578 241.11894226074 205.47143554688 128.64016723633 0.99998080730438 10.680526733398 
000138 352 1216 1 601.93063354492 203.76838684082 86.702209472656 66.494812011719 0.99973839521408 18.393421173096 
000138 352 1216 1 996.31478881836 280.86281585693 249.16021728516 220.44227600098 0.99902045726776 7.266387462616 
000138 352 1216 1 307.16343688965 215.49414825439 77.195892333984 62.235916137695 0.99225252866745 18.878723144531 
000138 352 1216 1 556.53503417969 200.64624023438 68.922241210938 50.987609863281 0.9912223815918 24.890495300293 
000138 352 1216 3 536.33068847656 216.94575500488 54.400390625 88.662994384766 0.99152994155884 14.243383407593 
000139 352 1216 1 762.40866088867 250.7300491333 230.31915283203 137.84922790527 0.99999403953552 10.298519134521 
000139 352 1216 1 182.91686630249 251.12064361572 206.94123077393 114.71702575684 0.9999920129776 13.150760650635 
000139 352 1216 1 615.98132324219 206.46734619141 92.883666992188 68.511260986328 0.99986124038696 18.927652359009 
000139 352 1216 1 309.33670043945 216.38743591309 78.642639160156 63.69140625 0.99640309810638 20.931903839111 
000139 352 1216 1 1064.5574645996 278.67479705811 295.33160400391 193.41999816895 0.99444556236267 7.1626281738281 
000139 352 1216 1 267.68050384521 215.61064910889 104.09370422363 79.735580444336 0.98954039812088 16.193521499634 
000139 352 1216 1 560.99966430664 203.57164764404 55.907287597656 51.170822143555 0.95882606506348 20.993741989136 
000139 352 1216 1 470.58052062988 186.07997894287 36.152984619141 30.836471557617 0.92318540811539 37.079612731934 
000139 352 1216 3 538.2194519043 218.06506347656 55.006896972656 90.289794921875 0.99543637037277 13.753909111023 
000140 352 1216 1 788.42764282227 258.4070892334 251.27777099609 158.44296264648 0.9999942779541 9.7695484161377 
000140 352 1216 1 184.17720794678 251.57515716553 219.10005187988 122.08497619629 0.99997460842133 12.041850090027 
000140 352 1216 1 621.8298034668 208.73487091064 99.025329589844 71.62321472168 0.99981302022934 16.707878112793 
000140 352 1216 1 314.36363220215 215.92433929443 89.128814697266 65.953536987305 0.99893552064896 19.793239593506 
000140 352 1216 1 1105.6650695801 276.38597869873 262.07098388672 192.34223937988 0.95290464162827 7.0009183883667 
000140 352 1216 1 553.86334228516 203.93081665039 56.10107421875 62.838684082031 0.7964129447937 19.220245361328 
000140 352 1216 3 538.75587463379 218.15521240234 58.028289794922 96.890930175781 0.98636913299561 13.315231323242 
000141 352 1216 1 820.26116943359 265.2660369873 275.55310058594 172.53213500977 0.99999463558197 9.3739547729492 
000141 352 1216 1 645.0256652832 213.88791656494 104.92193603516 76.578231811523 0.99995672702789 16.106334686279 
000141 352 1216 1 166.85537719727 259.11333465576 245.8798828125 134.02803039551 0.99992144107819 11.686537742615 
000141 352 1216 1 303.58735656738 221.61505126953 107.7287902832 78.661804199219 0.99972635507584 15.062479972839 
000141 352 1216 1 596.47647094727 205.76251220703 72.092346191406 54.564819335938 0.99435979127884 22.387630462646 
000141 352 1216 1 1154.1049499512 278.18737030029 303.37896728516 192.03602600098 0.96828550100327 5.0293807983398 
000141 352 1216 1 346.33003234863 212.4713973999 83.601409912109 61.215835571289 0.9642459154129 21.625247955322 
000141 352 1216 1 484.64538574219 188.46242523193 40.575317382812 25.96907043457 0.7671702504158 43.212440490723 
000141 352 1216 3 546.77456665039 219.55616760254 53.886047363281 90.354827880859 0.98071402311325 11.890760421753 
000142 352 1216 1 858.9967956543 273.7826461792 298.16864013672 175.84864807129 0.99998939037323 8.9539442062378 
000142 352 1216 1 655.99761962891 214.9619140625 110.91137695312 79.342987060547 0.99990022182465 15.712177276611 
000142 352 1216 1 145.27586889267 272.77122497559 263.06807422638 139.60195922852 0.99988234043121 10.66570186615 
000142 352 1216 1 297.58178710938 225.81983184814 121.33032226562 81.546737670898 0.99983406066895 14.941501617432 
000142 352 1216 1 351.88441467285 211.87056732178 75.152008056641 49.928451538086 0.99106466770172 19.906578063965 
000142 352 1216 1 596.94869995117 203.65773773193 61.523620605469 52.220352172852 0.94948589801788 23.761054992676 
000142 352 1216 1 498.02067565918 188.25006866455 31.961090087891 25.665481567383 0.89156609773636 38.092304229736 
000142 352 1216 3 547.81271362305 219.33590698242 57.490539550781 93.757507324219 0.97518491744995 13.845659255981 
000143 352 1216 1 668.58444213867 217.54560089111 116.22467041016 82.305709838867 0.99998807907104 14.184700965881 
000143 352 1216 1 275.43678283691 231.63465118408 146.00253295898 92.180465698242 0.99997615814209 14.229829788208 
000143 352 1216 1 902.88375854492 280.03124237061 348.29547119141 184.65339660645 0.99993467330933 8.0033740997314 
000143 352 1216 1 121.61405277252 281.72341156006 292.96085929871 144.71675109863 0.99907034635544 10.487024307251 
000143 352 1216 1 356.59765625 214.4564743042 73.082336425781 48.328750610352 0.99510622024536 21.913749694824 
000143 352 1216 1 597.37554931641 202.69995117188 59.657592773438 50.955047607422 0.98283511400223 21.155639648438 
000143 352 1216 2 826.24652099609 201.57901000977 35.89404296875 86.910430908203 0.78364837169647 18.145824432373 
000143 352 1216 3 556.85696411133 216.83706665039 60.345397949219 95.646057128906 0.99123740196228 14.029050827026 
000144 352 1216 1 255.671043396 238.43654632568 172.35292053223 105.77821350098 0.99998331069946 13.36473274231 
000144 352 1216 1 694.49172973633 220.99069976807 129.22857666016 94.49430847168 0.99997103214264 13.038304328918 
000144 352 1216 1 956.52975463867 282.2700958252 400.30499267578 182.30746459961 0.99982208013535 7.3008651733398 
000144 352 1216 1 619.00100708008 207.83039093018 67.506408691406 54.856307983398 0.99727827310562 20.230634689331 
000144 352 1216 1 116.97829437256 286.0338973999 299.27449035645 149.4449005127 0.99125915765762 9.9540014266968 
000144 352 1216 1 362.8328704834 213.42659759521 76.386138916016 48.552230834961 0.97715055942535 21.768852233887 
000144 352 1216 2 854.00497436523 200.4741973877 35.233825683594 85.703948974609 0.7146036028862 14.298729896545 
000144 352 1216 3 560.47088623047 218.98310852051 50.32958984375 89.962371826172 0.98428529500961 14.004180908203 
000145 352 1216 1 705.5107421875 222.2882232666 138.70471191406 95.914947509766 0.999995470047 12.415694236755 
000145 352 1216 1 261.82080841064 235.74453735352 167.63255310059 107.90289306641 0.99996972084045 13.176724433899 
000145 352 1216 1 1000.075592041 284.81266784668 469.59564208984 192.55844116211 0.99964761734009 6.0199127197266 
000145 352 1216 1 369.25915527344 212.95679473877 78.004028320312 51.620956420898 0.99431639909744 22.070199966431 
000145 352 1216 1 118.66726112366 285.98464202881 272.89991378784 157.57051086426 0.97170841693878 8.8607244491577 
000145 352 1216 1 619.6989440918 204.63399505615 58.451354980469 50.586471557617 0.96896487474442 25.171489715576 
000145 352 1216 2 879.46798706055 185.62522888184 25.099304199219 63.957885742188 0.86515724658966 20.719556808472 
000145 352 1216 3 564.69583129883 220.06272888184 51.479187011719 97.640228271484 0.99416428804398 12.335126876831 
000146 352 1216 1 716.44165039062 221.69775390625 140.76293945312 100.47448730469 0.99999380111694 12.293418884277 
000146 352 1216 1 224.24099731445 247.2074432373 193.02423095703 131.1100769043 0.9999874830246 12.643692970276 
000146 352 1216 1 1009.1398620605 279.3433303833 406.39727783203 175.13774108887 0.99853003025055 4.7126398086548 
000146 352 1216 1 361.66290283203 214.20415496826 85.681030273438 60.93473815918 0.9947606921196 17.418573379517 
000146 352 1216 1 630.1286315918 204.85855865479 66.602600097656 57.402908325195 0.98725628852844 18.964122772217 
000146 352 1216 1 113.34342193604 290.21260070801 250.95268249512 171.92300415039 0.95032948255539 8.4388952255249 
000146 352 1216 2 909.18023681641 204.6156463623 46.222900390625 107.65975952148 0.98120683431625 12.406543731689 
000146 352 1216 3 570.27767944336 219.51097869873 54.617370605469 94.09114074707 0.99842345714569 12.175712585449 
000147 352 1216 1 738.93884277344 223.06977081299 159.5185546875 108.37413024902 0.99999892711639 12.526627540588 
000147 352 1216 1 215.67772293091 247.57273101807 201.16951751709 139.37120056152 0.99999260902405 12.174946784973 
000147 352 1216 1 368.42044067383 212.46854400635 87.104431152344 60.893539428711 0.99786382913589 16.872840881348 
000147 352 1216 1 1033.2109069824 282.79568481445 376.60992431641 171.96673583984 0.99692732095718 5.0021548271179 
000147 352 1216 1 646.5627746582 203.69117736816 70.183898925781 57.178100585938 0.99429363012314 25.041313171387 
000147 352 1216 1 99.255525588989 287.23431396484 251.90520858765 176.39245605469 0.97792679071426 8.4211320877075 
000147 352 1216 2 943.85205078125 208.01609039307 51.110595703125 123.3509979248 0.98547792434692 12.065236091614 
000147 352 1216 3 574.16317749023 212.89657592773 52.543518066406 95.581359863281 0.99573248624802 11.997245788574 
000148 352 1216 1 749.36071777344 223.70833587646 161.90368652344 114.99305725098 0.99999785423279 11.103670120239 
000148 352 1216 1 236.86119842529 239.53104400635 192.90327453613 127.90745544434 0.99998652935028 12.160494804382 
000148 352 1216 1 380.93748474121 210.22133636475 81.199981689453 56.959365844727 0.99759894609451 21.155883789062 
000148 352 1216 1 648.63562011719 201.59740447998 66.046264648438 54.053085327148 0.98810088634491 23.828363418579 
000148 352 1216 1 89.884538650513 285.77784729004 253.03393173218 168.18008422852 0.97318470478058 8.3368253707886 
000148 352 1216 1 1066.8974304199 282.62397766113 302.24786376953 176.68789672852 0.94144076108932 4.1561584472656 
000148 352 1216 2 987.61004638672 224.96999359131 78.485229492188 160.22023010254 0.98765355348587 10.705362319946 
000148 352 1216 3 579.79229736328 214.20314025879 51.254028320312 95.770233154297 0.99799501895905 13.130206108093 
000149 352 1216 1 771.53433227539 227.58653259277 183.61688232422 125.43368530273 0.99999260902405 10.68736743927 
000149 352 1216 1 216.96418762207 246.12664031982 215.80996704102 135.9468536377 0.99997937679291 11.969686508179 
000149 352 1216 1 383.45518493652 209.43845367432 88.151763916016 61.089614868164 0.9992681145668 20.713781356812 
000149 352 1216 1 659.24102783203 203.98725891113 72.493530273438 54.059875488281 0.99903619289398 24.745784759521 
000149 352 1216 1 72.883167266846 294.55478668213 248.41329193115 162.79295349121 0.96855628490448 8.5743741989136 
000149 352 1216 1 1055.7273864746 283.44987487793 251.94879150391 182.70693969727 0.95511597394943 2.1719143390656 
000149 352 1216 2 1021.8717346191 215.31067657471 59.405944824219 136.73686218262 0.99694949388504 10.443855285645 
000149 352 1216 3 587.14779663086 214.86357879639 58.218322753906 103.29981994629 0.99756526947021 12.854860305786 
000150 352 1216 1 799.54214477539 234.90953826904 201.17950439453 136.29627990723 0.99999535083771 10.32040977478 
000150 352 1216 1 177.45587730408 258.04044342041 229.68461990356 150.85581970215 0.99997544288635 11.121243476868 
000150 352 1216 1 366.72308349609 218.50262451172 107.06768798828 72.104675292969 0.99950504302979 19.826919555664 
000150 352 1216 1 670.71279907227 205.37134552002 77.457336425781 61.29475402832 0.99840348958969 25.239852905273 
000150 352 1216 1 43.865028381348 291.94149017334 243.74705505371 176.54518127441 0.94466751813889 7.6910076141357 
000150 352 1216 1 1082.0816955566 280.653175354 232.17401123047 181.32957458496 0.78083837032318 4.3421249389648 
000150 352 1216 2 1070.9626464844 224.10628509521 71.736572265625 149.80940246582 0.99540507793427 10.113319396973 
000150 352 1216 3 589.58724975586 214.24882507324 55.900939941406 100.58285522461 0.99312204122543 14.221274375916 
000151 352 1216 1 839.67108154297 251.35513305664 240.53649902344 160.45977783203 0.99999713897705 9.4351215362549 
000151 352 1216 1 197.6471862793 254.7806930542 261.36566162109 147.98139953613 0.99991583824158 10.341176986694 
000151 352 1216 1 709.4016418457 218.31591033936 117.43658447266 80.721206665039 0.9999006986618 14.813159942627 
000151 352 1216 1 362.32304382324 222.30827331543 111.4899597168 73.554901123047 0.99964451789856 15.254158973694 
000151 352 1216 1 664.43914794922 203.80223083496 65.260131835938 54.820983886719 0.94081723690033 22.367021560669 
000151 352 1216 1 1132.0354614258 282.83528900146 228.59826660156 184.95021057129 0.82064783573151 4.237829208374 
000151 352 1216 1 442.57995605469 195.98364257812 55.731384277344 35.149749755859 0.76945114135742 34.765361785889 
000151 352 1216 1 37.642225265503 282.51346588135 164.58188247681 174.88993835449 0.73253387212753 8.1314496994019 
000151 352 1216 2 1125.15234375 233.82414245605 89.96875 174.17379760742 0.99233561754227 8.8113536834717 
000151 352 1216 3 596.02795410156 217.0745010376 56.744506835938 94.046737670898 0.99663829803467 13.854132652283 
000152 352 1216 1 879.6262512207 262.58647155762 277.87860107422 188.43923950195 0.99999618530273 8.6881170272827 
000152 352 1216 1 727.73580932617 223.46817779541 125.63421630859 83.242782592773 0.99997472763062 13.306921958923 
000152 352 1216 1 182.8966999054 260.49256896973 284.11150741577 161.27444458008 0.99986708164215 9.5522909164429 
000152 352 1216 1 356.45126342773 226.41355895996 125.50207519531 78.069915771484 0.99971848726273 19.332851409912 
000152 352 1216 1 670.97711181641 207.31675720215 61.84619140625 53.914611816406 0.96100777387619 21.218050003052 
000152 352 1216 1 449.08508300781 196.16247558594 61.232971191406 32.516448974609 0.84275484085083 34.127960205078 
000152 352 1216 2 1191.0657958984 251.51581573486 103.56420898438 194.17027282715 0.9971569776535 7.8292803764343 
000152 352 1216 3 601.40814208984 219.70307159424 49.179809570312 93.617477416992 0.97801226377487 12.704329490662 
000153 352 1216 1 790.28994750977 241.54112243652 195.04656982422 128.27987670898 0.99999523162842 13.134751319885 
000153 352 1216 1 928.36004638672 269.22885131836 311.56115722656 197.09265136719 0.99999105930328 8.0391483306885 
000153 352 1216 1 318.77304840088 236.05181884766 157.50163269043 93.676513671875 0.99973529577255 14.99720954895 
000153 352 1216 1 142.49311733246 266.33570861816 318.61593818665 172.1301574707 0.9988055229187 9.0202016830444 
000153 352 1216 1 397.60990905762 216.30165100098 100.63388061523 60.821136474609 0.96498346328735 20.296501159668 
000153 352 1216 1 662.41812133789 203.29596710205 57.687194824219 47.914169311523 0.94085079431534 23.085506439209 
000153 352 1216 3 602.52215576172 223.89837646484 54.5537109375 98.414733886719 0.99641329050064 12.265458106995 
