000000 352 1216 1 1046.4522094727 280.86624908447 336.10607910156 162.3138885498 0.99374973773956 5.0238704681396 
000001 352 1216 1 1053.5635986328 282.71268463135 350.40649414062 173.36729431152 0.99462282657623 5.6224660873413 
000001 352 1216 1 317.94987487793 182.08731079102 49.243560791016 24.254699707031 0.89766448736191 51.650184631348 
000002 352 1216 1 1047.1735839844 285.84355926514 367.42041015625 178.59260559082 0.99270755052567 4.4255781173706 
000002 352 1216 1 314.94482421875 182.78398895264 44.47607421875 27.390701293945 0.89936572313309 53.234691619873 
000003 352 1216 1 1063.540435791 285.62159729004 375.59149169922 173.79080200195 0.98977982997894 4.4879598617554 
000003 352 1216 1 312.76933288574 187.39316558838 54.522613525391 28.159957885742 0.97423380613327 51.634078979492 
000004 352 1216 1 1046.4394836426 288.24894714355 370.91668701172 178.25241088867 0.98360806703568 5.6184997558594 
000004 352 1216 1 311.96350097656 187.49676513672 56.983703613281 28.732513427734 0.97168600559235 51.664943695068 
000005 352 1216 1 1039.8920288086 287.89701843262 388.35510253906 174.56790161133 0.9912057518959 5.524519443512 
000005 352 1216 1 305.48817443848 186.96646118164 51.583831787109 26.408966064453 0.97920119762421 50.506114959717 
000006 352 1216 1 1040.0986633301 289.44412994385 456.36541748047 186.78733825684 0.9968723654747 5.7104816436768 
000006 352 1216 1 286.63835144043 187.99931335449 47.128753662109 27.805297851562 0.97508144378662 47.747856140137 
000007 352 1216 1 1032.6662902832 289.09539031982 430.18524169922 178.1343536377 0.99846822023392 7.6813077926636 
000007 352 1216 1 274.3860244751 189.68117523193 52.300216674805 31.149642944336 0.98484981060028 47.550994873047 
000008 352 1216 1 1021.0064697266 288.91891479492 411.72680664062 179.62316894531 0.99894243478775 8.3856687545776 
000008 352 1216 1 258.08038330078 189.85945129395 57.009643554688 36.127075195312 0.98568600416183 36.477760314941 
000009 352 1216 1 995.49670410156 284.04937744141 366.3798828125 177.0869140625 0.99968898296356 8.6974143981934 
000009 352 1216 1 250.25875854492 190.01654815674 57.839599609375 34.43180847168 0.98138761520386 44.912952423096 
000010 352 1216 1 959.18035888672 280.50067901611 330.90393066406 177.07005310059 0.99995458126068 8.9600191116333 
000010 352 1216 1 226.51779174805 188.10394287109 43.308410644531 32.434417724609 0.97709935903549 43.151748657227 
000010 352 1216 1 275.16511535645 185.45592498779 38.324432373047 28.631637573242 0.8952551484108 47.238552093506 
000011 352 1216 1 951.49914550781 277.73683166504 324.267578125 175.63174438477 0.99993944168091 8.79469871521 
000012 352 1216 1 933.38745117188 275.51069641113 290.66430664062 172.20407104492 0.99995291233063 8.9225625991821 
000012 352 1216 1 237.39672088623 188.37204742432 57.468887329102 35.193405151367 0.99144518375397 44.436214447021 
000013 352 1216 1 924.24810791016 269.56929779053 283.60852050781 167.32777404785 0.99997663497925 9.4995450973511 
000013 352 1216 1 222.75924682617 190.89546966553 76.670227050781 39.696487426758 0.9957515001297 38.007892608643 
000014 352 1216 1 908.73516845703 265.88453674316 281.95324707031 162.69259643555 0.99999129772186 9.9407768249512 
000014 352 1216 1 207.70464324951 194.85092163086 78.611587524414 36.651214599609 0.99051523208618 42.468826293945 
000015 352 1216 1 898.30252075195 263.29016876221 265.47845458984 160.44645690918 0.99998486042023 9.686429977417 
000015 352 1216 1 203.30766296387 196.85856628418 83.283233642578 38.501220703125 0.99393701553345 38.73698425293 
000016 352 1216 1 884.63586425781 259.66449737549 250.61791992188 147.62712097168 0.99998986721039 10.336877822876 
000016 352 1216 1 195.89632415771 197.65383911133 81.067611694336 36.571472167969 0.99689340591431 39.465305328369 
000016 352 1216 1 156.71793746948 199.45193481445 65.489631652832 34.449066162109 0.83033066987991 41.520900726318 
000017 352 1216 1 876.67291259766 257.73725128174 234.37341308594 137.70347595215 0.99998724460602 10.649094581604 
000017 352 1216 1 181.34443664551 195.5834274292 93.398468017578 39.109268188477 0.9916598200798 37.69690322876 
000018 352 1216 1 865.26675415039 253.39562988281 229.25360107422 136.3544921875 0.99999058246613 10.437227249146 
000018 352 1216 1 162.84289169312 197.49007415771 93.14151763916 39.36994934082 0.97872638702393 38.583587646484 
000019 352 1216 1 857.00796508789 251.39030456543 210.28399658203 129.45932006836 0.99998641014099 11.605394363403 
000019 352 1216 1 149.23421096802 200.20267486572 101.29509735107 38.201919555664 0.9966179728508 42.308937072754 
000020 352 1216 1 848.45776367188 246.7677154541 198.86572265625 123.16226196289 0.99999380111694 12.048327445984 
000020 352 1216 1 123.41271209717 201.68299865723 95.979873657227 39.742218017578 0.9967657327652 38.478439331055 
000021 352 1216 1 839.09259033203 241.83891296387 194.90795898438 122.1667175293 0.9999885559082 12.177230834961 
000021 352 1216 1 111.83437728882 203.81751251221 109.61307525635 41.70182800293 0.9988220334053 37.023178100586 
000021 352 1216 1 160.4859046936 198.60832977295 68.180473327637 36.047988891602 0.85304772853851 37.609691619873 
000022 352 1216 1 831.705078125 240.72634124756 189.04052734375 118.80543518066 0.99998319149017 12.800910949707 
000022 352 1216 1 62.60188794136 208.21894836426 114.52930212021 45.885894775391 0.99827694892883 36.155410766602 
000022 352 1216 1 142.7036819458 201.40594482422 68.651840209961 34.22509765625 0.99663698673248 37.673877716064 
000023 352 1216 1 824.39178466797 239.20484924316 178.19079589844 113.03189086914 0.99997425079346 13.310217857361 
000023 352 1216 1 39.149292945862 210.92205047607 121.46725273132 46.819747924805 0.99674606323242 35.060497283936 
000023 352 1216 1 115.75754165649 203.61891174316 74.850212097168 34.317901611328 0.95927965641022 42.01619720459 
000024 352 1216 1 814.63372802734 235.30048370361 169.01989746094 104.01164245605 0.99999332427979 13.081628799438 
000024 352 1216 1 14.155073165894 208.66635894775 130.5637550354 51.46989440918 0.87561428546906 29.703620910645 
000024 352 1216 1 95.556871414185 202.90724182129 92.159511566162 43.355682373047 0.68861818313599 37.461120605469 
000025 352 1216 1 804.10168457031 231.82035064697 161.18444824219 101.31559753418 0.99998462200165 13.021597862244 
000025 352 1216 1 89.520095825195 199.65776824951 90.178527832031 40.243392944336 0.99794334173203 35.378009796143 
000025 352 1216 1 1213.6484375 286.21741485596 226.66650390625 212.16563415527 0.61727529764175 5.2063016891479 
000026 352 1216 1 795.55807495117 230.08828735352 155.31622314453 96.469909667969 0.99999248981476 13.868075370789 
000026 352 1216 1 59.333468437195 202.12334442139 113.94884681702 50.416213989258 0.99973899126053 30.595485687256 
000026 352 1216 1 1187.7013549805 268.12506866455 271.85729980469 209.8514251709 0.8394947052002 3.956955909729 
000027 352 1216 1 789.00189208984 229.9554901123 148.95935058594 93.841033935547 0.99999785423279 14.272125244141 
000027 352 1216 1 32.382192611694 205.26177978516 121.72630691528 50.079040527344 0.998579621315 29.739217758179 
000027 352 1216 1 1160.1734008789 262.54930877686 281.46203613281 198.97926330566 0.90842127799988 2.3089995384216 
000028 352 1216 1 777.89633178711 229.030128479 146.20526123047 87.744430541992 0.99998843669891 14.916137695312 
000028 352 1216 1 11.957147598267 206.79905700684 108.68871688843 50.605163574219 0.96930199861526 29.918041229248 
000028 352 1216 1 1134.946685791 265.29833221436 304.02044677734 199.72901916504 0.96373790502548 2.9973797798157 
000029 352 1216 1 769.17251586914 228.03784942627 132.93292236328 84.763595581055 0.99996626377106 15.132426261902 
000029 352 1216 1 1110.3449707031 264.56433868408 299.97216796875 194.48753356934 0.98799729347229 2.874541759491 
000030 352 1216 1 764.59674072266 226.2092666626 131.83483886719 84.716842651367 0.99989998340607 15.634585380554 
000030 352 1216 1 1100.0772399902 255.46351623535 318.50909423828 185.90805053711 0.97370129823685 1.2821416854858 
000031 352 1216 1 758.09115600586 224.19676208496 125.98333740234 83.696685791016 0.99996614456177 15.871677398682 
000031 352 1216 1 1094.0935058594 264.47265625 337.86840820312 200.38830566406 0.99294126033783 2.9036121368408 
000032 352 1216 1 747.21594238281 222.8695526123 117.14343261719 75.123443603516 0.9995921254158 16.793516159058 
000032 352 1216 1 1088.4698181152 263.15908050537 337.29693603516 198.70344543457 0.99524492025375 4.325825214386 
000033 352 1216 1 739.9111328125 222.1909942627 116.75 74.390533447266 0.9996023774147 16.383773803711 
000033 352 1216 1 1074.138092041 263.71269989014 359.40496826172 178.78047180176 0.99617284536362 4.2754745483398 
000034 352 1216 1 731.78604125977 220.17961883545 103.72796630859 74.52033996582 0.99989259243011 17.098333358765 
000034 352 1216 1 1059.2079162598 267.0682144165 378.47479248047 191.7537689209 0.99633020162582 4.980242729187 
000035 352 1216 1 724.44390869141 218.59539031982 102.42883300781 72.468246459961 0.99963891506195 17.72932434082 
000035 352 1216 1 1049.329284668 265.20932006836 394.12023925781 183.34130859375 0.9968267083168 5.4034357070923 
000036 352 1216 1 713.28033447266 216.65052032471 91.200927734375 70.02360534668 0.9996058344841 18.219596862793 
000036 352 1216 1 1052.275970459 269.0959854126 368.75909423828 183.6205291748 0.95903390645981 5.7891011238098 
000037 352 1216 1 704.55172729492 214.70334625244 97.866638183594 69.785659790039 0.99889427423477 18.604068756104 
000037 352 1216 1 1060.4393920898 270.10794067383 391.07580566406 185.88543701172 0.94440472126007 6.99045753479 
000038 352 1216 1 1023.0955505371 269.48548126221 376.90142822266 187.69700622559 0.99929332733154 7.4648199081421 
000038 352 1216 1 697.80581665039 215.04319000244 96.248962402344 70.73127746582 0.9991455078125 18.608764648438 
000039 352 1216 1 991.35366821289 267.33855438232 351.00262451172 187.57716369629 0.99995005130768 7.6905183792114 
000039 352 1216 1 687.74111938477 214.33332061768 87.504699707031 58.550674438477 0.99786722660065 19.975378036499 
000040 352 1216 1 963.42889404297 266.76251983643 324.63464355469 195.58317565918 0.99997758865356 7.8464312553406 
000040 352 1216 1 677.90679931641 212.74436187744 82.488403320312 60.618209838867 0.99923646450043 20.242425918579 
000041 352 1216 1 922.634765625 265.66786193848 319.29223632812 197.7112121582 0.99999046325684 8.2998485565186 
000041 352 1216 1 668.63494873047 212.94646453857 87.90966796875 62.84260559082 0.99861335754395 19.920413970947 
000042 352 1216 1 894.16131591797 263.35221099854 302.21594238281 196.4183807373 0.99996566772461 8.9922323226929 
000042 352 1216 1 665.11050415039 214.10807800293 83.373107910156 61.945648193359 0.99937063455582 19.207969665527 
000043 352 1216 1 866.63580322266 262.43446350098 288.29248046875 195.18600463867 0.99996101856232 8.9469261169434 
000043 352 1216 1 652.61929321289 211.17190551758 77.734680175781 54.259582519531 0.99860966205597 20.746500015259 
000044 352 1216 1 841.42010498047 258.07011413574 261.68225097656 182.8264465332 0.99995636940002 9.5133333206177 
000044 352 1216 1 646.48294067383 209.44121551514 68.277526855469 52.68049621582 0.99926143884659 21.176570892334 
000045 352 1216 1 820.24807739258 254.35668945312 236.77801513672 168.60394287109 0.99996793270111 9.779369354248 
000045 352 1216 1 637.32205200195 209.8190536499 75.614074707031 56.193771362305 0.99854147434235 21.583152770996 
000046 352 1216 1 798.90859985352 247.65692138672 228.61871337891 163.27020263672 0.99994242191315 10.344413757324 
000046 352 1216 1 633.7243347168 210.27087402344 74.704162597656 53.241790771484 0.99938774108887 22.791816711426 
000047 352 1216 1 777.75946044922 246.5352935791 222.1337890625 158.56045532227 0.99994313716888 10.350148200989 
000047 352 1216 1 628.28552246094 210.31662750244 71.820068359375 49.647232055664 0.99931395053864 23.410125732422 
000047 352 1216 1 308.70768737793 188.06227874756 40.305633544922 21.622756958008 0.75507748126984 67.909538269043 
000047 352 1216 1 410.74743652344 179.87673950195 23.019958496094 18.757385253906 0.72253656387329 64.750778198242 
000048 352 1216 1 761.12661743164 244.82152557373 202.57318115234 146.95570373535 0.99997329711914 11.065186500549 
000048 352 1216 1 621.58529663086 211.38867950439 65.967956542969 50.553115844727 0.99853694438934 23.736421585083 
000048 352 1216 1 293.4363861084 189.82305908203 42.346466064453 23.284942626953 0.81137591600418 55.448741912842 
000049 352 1216 1 743.13674926758 241.72051239014 188.65582275391 142.01606750488 0.99997758865356 11.940939903259 
000049 352 1216 1 613.35174560547 207.4645690918 65.771362304688 48.627624511719 0.99894601106644 24.792079925537 
000050 352 1216 1 734.54107666016 236.78866577148 168.33227539062 135.02386474609 0.9999852180481 11.555051803589 
000050 352 1216 1 608.52786254883 205.32948303223 63.834777832031 48.25341796875 0.99913638830185 23.880920410156 
000051 352 1216 1 721.52502441406 232.70581817627 158.333984375 134.75816345215 0.9999805688858 10.970831871033 
000051 352 1216 1 604.76385498047 202.94387054443 65.876831054688 51.953231811523 0.99973231554031 23.300550460815 
000052 352 1216 1 706.70852661133 228.65232849121 158.04986572266 129.47793579102 0.9998584985733 11.352659225464 
000052 352 1216 1 603.10903930664 202.39150238037 64.719055175781 50.515518188477 0.99972134828568 24.084463119507 
000053 352 1216 1 694.83248901367 226.49333953857 156.91839599609 122.36946105957 0.9999932050705 12.17306137085 
000053 352 1216 1 599.98098754883 202.28630828857 62.704406738281 47.313003540039 0.99986815452576 25.500528335571 
000053 352 1216 1 278.91999816895 186.73006439209 35.106475830078 20.79899597168 0.86221086978912 60.031669616699 
000054 352 1216 1 687.55313110352 226.15634918213 140.41436767578 115.27067565918 0.99996912479401 12.239789009094 
000054 352 1216 1 597.27239990234 201.86631011963 68.943237304688 49.034194946289 0.99987828731537 25.630199432373 
000054 352 1216 1 272.99476623535 188.28318786621 42.508697509766 24.488586425781 0.95619171857834 54.660327911377 
000055 352 1216 1 675.77368164062 225.11808013916 139.45520019531 112.73075866699 0.99992740154266 12.741577148438 
000055 352 1216 1 591.21960449219 202.51738739014 60.459716796875 45.908493041992 0.99948221445084 26.192304611206 
000055 352 1216 1 265.04923248291 188.48655700684 44.618942260742 26.361877441406 0.97089278697968 54.289009094238 
000056 352 1216 1 665.67126464844 224.09499359131 135.33251953125 104.86274719238 0.99994134902954 13.875054359436 
000056 352 1216 1 587.07034301758 203.02993774414 57.001647949219 42.318359375 0.99984979629517 27.323965072632 
000056 352 1216 1 262.01850128174 189.66651916504 51.340377807617 25.136810302734 0.98156702518463 53.903377532959 
000057 352 1216 1 586.72775268555 202.85077667236 55.910217285156 39.913162231445 0.99984312057495 27.466320037842 
000057 352 1216 1 660.31091308594 222.63520050049 119.80529785156 96.63591003418 0.9997461438179 14.142871856689 
000057 352 1216 1 254.13868713379 190.18585968018 52.661041259766 25.220199584961 0.98987972736359 51.336116790771 
000058 352 1216 1 656.40386962891 221.58044433594 110.51501464844 94.761596679688 0.9999041557312 14.032791137695 
000058 352 1216 1 579.72906494141 202.39804840088 55.670043945312 42.865432739258 0.99954682588577 26.587657928467 
000058 352 1216 1 250.06509399414 191.7321395874 49.489074707031 25.850723266602 0.89174681901932 56.34888458252 
000058 352 1216 1 195.12857055664 193.7890625 49.221923828125 27.65283203125 0.78161299228668 52.284118652344 
000059 352 1216 1 645.31469726562 220.4448928833 109.01684570312 93.144638061523 0.99949610233307 15.378406524658 
000059 352 1216 1 578.83645629883 202.94300842285 52.130310058594 41.617614746094 0.99906522035599 27.825248718262 
000059 352 1216 1 248.85816192627 191.98268127441 48.821212768555 27.305480957031 0.95692604780197 51.505893707275 
000059 352 1216 1 185.68933105469 194.35316467285 49.759155273438 24.020568847656 0.77610117197037 59.775951385498 
000060 352 1216 1 577.1921081543 202.26148223877 49.382507324219 39.05500793457 0.9989932179451 29.269706726074 
000060 352 1216 1 638.97271728516 218.71474456787 107.77783203125 88.166030883789 0.99838411808014 15.565003395081 
000060 352 1216 1 247.6134185791 189.00252532959 52.876678466797 28.817886352539 0.96845835447311 52.311241149902 
000060 352 1216 1 181.36647796631 192.75274658203 57.885543823242 27.220916748047 0.92437309026718 52.924083709717 
000061 352 1216 1 635.98254394531 219.17056274414 105.28845214844 87.889465332031 0.99934214353561 15.786440849304 
000061 352 1216 1 574.26202392578 203.08491516113 50.772094726562 38.315155029297 0.99250209331512 31.231870651245 
000061 352 1216 1 240.73194122314 188.87576293945 47.92350769043 26.007019042969 0.90620446205139 52.7825050354 
000062 352 1216 1 631.7043762207 218.17459106445 104.94354248047 85.676574707031 0.99979215860367 15.99879360199 
000062 352 1216 1 574.8434753418 202.83498382568 51.346374511719 39.87825012207 0.98955833911896 32.804443359375 
000062 352 1216 1 236.44247436523 188.35150909424 59.1162109375 26.73307800293 0.95354628562927 53.300647735596 
000063 352 1216 1 628.76275634766 216.12828063965 102.30261230469 85.669708251953 0.99983477592468 15.561985969543 
000063 352 1216 1 226.90351104736 188.7601776123 57.474227905273 23.888885498047 0.98831135034561 53.680149078369 
000063 352 1216 1 571.18536376953 204.0266418457 54.993408203125 42.41748046875 0.97655791044235 31.381315231323 
000063 352 1216 1 155.1591758728 191.96547698975 54.77173614502 21.851119995117 0.87185621261597 52.729721069336 
000064 352 1216 1 621.71255493164 213.9931640625 94.368591308594 78.969635009766 0.99870562553406 16.775733947754 
000064 352 1216 1 219.95937347412 187.82503509521 50.061294555664 24.795974731445 0.9864376783371 54.116611480713 
000064 352 1216 1 570.00881958008 202.98272705078 57.735046386719 42.397735595703 0.97470915317535 30.983320236206 
000064 352 1216 1 148.73606491089 188.19303131104 72.305000305176 33.726272583008 0.86327159404755 49.082401275635 
000064 352 1216 1 372.75885009766 176.73560333252 43.845947265625 21.668991088867 0.80179780721664 61.850845336914 
000065 352 1216 1 605.3698425293 211.08514404297 84.995300292969 65.532348632812 0.99856072664261 17.688987731934 
000065 352 1216 1 562.513671875 203.91983032227 64.532958984375 39.987152099609 0.9781808257103 34.217350006104 
000065 352 1216 1 212.46884918213 191.5167388916 53.721206665039 26.306701660156 0.97521144151688 49.652877807617 
000065 352 1216 1 130.97292327881 194.94186401367 57.753433227539 25.804565429688 0.92978245019913 46.414306640625 
000065 352 1216 1 367.8627166748 180.98439788818 42.229156494141 23.195999145508 0.91218662261963 60.868759155273 
000066 352 1216 1 601.34780883789 215.93762969971 81.179016113281 62.192428588867 0.99761700630188 18.506862640381 
000066 352 1216 1 562.23715209961 208.01599884033 53.426330566406 35.637130737305 0.9679382443428 35.194534301758 
000066 352 1216 1 199.70322418213 195.56658935547 62.054122924805 31.116363525391 0.96190464496613 48.900421142578 
000066 352 1216 1 365.43040466309 186.11274719238 39.146026611328 23.150268554688 0.90011864900589 55.61491394043 
000067 352 1216 1 595.45700073242 218.315284729 81.565490722656 61.573654174805 0.99662685394287 19.21070098877 
000067 352 1216 1 189.73741912842 198.243309021 68.516372680664 32.117813110352 0.99063736200333 45.259044647217 
000067 352 1216 1 551.38739013672 208.88600921631 59.222412109375 39.54850769043 0.97752577066422 33.401386260986 
000067 352 1216 1 360.07649230957 188.26323699951 49.117950439453 24.721755981445 0.87470811605453 58.660995483398 
000067 352 1216 1 100.03314399719 198.48020935059 86.628841400146 36.847991943359 0.65173822641373 44.704830169678 
000068 352 1216 1 600.52612304688 215.35587310791 82.022583007812 67.879959106445 0.99732226133347 18.951187133789 
000068 352 1216 1 186.33558654785 195.45349884033 63.776519775391 32.001907348633 0.99618583917618 47.067615509033 
000068 352 1216 1 552.83947753906 204.97369384766 50.070556640625 38.313568115234 0.97512644529343 35.221168518066 
000068 352 1216 1 91.926364898682 200.40850067139 84.457786560059 38.528060913086 0.9519003033638 40.550064086914 
000068 352 1216 1 350.33493041992 185.82572174072 51.670227050781 27.967300415039 0.81024748086929 55.632305145264 
000069 352 1216 1 600.15707397461 212.77179718018 75.721008300781 68.339584350586 0.99773007631302 19.117336273193 
000069 352 1216 1 179.57160186768 191.04779815674 70.082473754883 32.439834594727 0.98848223686218 44.72924041748 
000069 352 1216 1 344.24028015137 182.14544677734 45.388397216797 24.464691162109 0.97932279109955 61.484085083008 
000069 352 1216 1 82.567680358887 196.23893737793 85.955291748047 36.651275634766 0.90374928712845 40.970672607422 
000069 352 1216 1 556.1100769043 197.36982727051 44.864196777344 36.799011230469 0.79953509569168 32.910942077637 
000070 352 1216 1 597.06243896484 209.11985778809 76.241088867188 64.489013671875 0.99902367591858 19.61353302002 
000070 352 1216 1 166.8957901001 190.00534820557 77.716506958008 33.158218383789 0.99537414312363 42.721664428711 
000070 352 1216 1 59.349520683289 192.75184631348 92.634653091431 42.003326416016 0.98763310909271 39.924324035645 
000070 352 1216 1 549.50375366211 199.47620391846 39.324768066406 34.751846313477 0.98482424020767 34.396842956543 
000070 352 1216 1 338.46115112305 176.33658599854 32.148193359375 21.224533081055 0.848049223423 73.655982971191 
000070 352 1216 1 375.77493286133 182.15564727783 25.229675292969 19.077560424805 0.7157045006752 70.368507385254 
000071 352 1216 1 156.59744644165 189.07096099854 70.080986022949 33.672164916992 0.99852603673935 45.294105529785 
000071 352 1216 1 589.73910522461 206.7469329834 71.446105957031 61.568572998047 0.9982276558876 19.745990753174 
000071 352 1216 1 45.482424259186 193.9083480835 114.96993541718 50.49626159668 0.90825915336609 33.611282348633 
000071 352 1216 1 549.35269165039 199.28060913086 45.759094238281 39.725952148438 0.75846308469772 36.088710784912 
000072 352 1216 1 589.85247802734 207.96026611328 67.708740234375 62.406127929688 0.99871039390564 20.73282623291 
000072 352 1216 1 145.65451431274 188.56201171875 84.936698913574 37.450042724609 0.95642077922821 40.66841506958 
000072 352 1216 1 35.464243173599 196.20243835449 64.0909075737 31.772216796875 0.79301905632019 42.105613708496 
000073 352 1216 1 581.68566894531 207.84587097168 61.598510742188 57.2919921875 0.99837648868561 20.791721343994 
000074 352 1216 1 581.56137084961 208.51447296143 64.915710449219 57.993881225586 0.99922394752502 21.066497802734 
000074 352 1216 1 121.86218643188 195.3723526001 78.567161560059 37.486251831055 0.9967982172966 41.578914642334 
000075 352 1216 1 582.64007568359 207.44394683838 65.854736328125 58.024673461914 0.99957662820816 21.51148223877 
000075 352 1216 1 108.80330657959 192.79601287842 83.663101196289 38.662612915039 0.99454921483994 39.158966064453 
000076 352 1216 1 582.63616943359 206.92721557617 61.558715820312 54.238342285156 0.9994689822197 21.186996459961 
000076 352 1216 1 97.931104660034 193.34700012207 80.303226470947 38.043579101562 0.99651092290878 39.943901062012 
000077 352 1216 1 87.053483963013 192.73589324951 83.914241790771 39.281784057617 0.99952065944672 37.937377929688 
000077 352 1216 1 581.70544433594 207.46087646484 60.800659179688 56.801635742188 0.99837458133698 20.977203369141 
000077 352 1216 1 279.98826599121 179.84716796875 65.311187744141 41.1875 0.93947279453278 38.072406768799 
000078 352 1216 1 581.9778137207 207.92706298828 60.326110839844 55.514038085938 0.99927324056625 21.361351013184 
000078 352 1216 1 67.766897201538 194.09250640869 98.348224639893 43.121597290039 0.99825423955917 35.10799407959 
000078 352 1216 1 259.43434143066 180.98126983643 63.925140380859 44.970352172852 0.81237840652466 37.985542297363 
000079 352 1216 1 582.6237487793 206.67539978027 61.129333496094 56.621734619141 0.99951994419098 21.275279998779 
000079 352 1216 1 57.327411413193 192.51235961914 99.13854265213 42.390258789062 0.99908363819122 35.793895721436 
000079 352 1216 1 255.43916320801 181.93592834473 64.826751708984 51.302917480469 0.94214189052582 33.729484558105 
000080 352 1216 1 581.98037719727 203.48931884766 61.986877441406 55.652008056641 0.99963569641113 22.375734329224 
000080 352 1216 1 40.139239788055 192.43688201904 101.29908084869 44.622512817383 0.99524754285812 33.363620758057 
000081 352 1216 1 584.83694458008 203.09375762939 61.232360839844 54.678695678711 0.99899333715439 22.752895355225 
000081 352 1216 1 27.804802894592 192.68330383301 101.78400993347 41.661682128906 0.98949158191681 35.160400390625 
000081 352 1216 1 221.40535736084 179.29454803467 82.691787719727 58.504653930664 0.67935186624527 31.616802215576 
000082 352 1216 1 586.60791015625 206.62291717529 62.041137695312 54.627792358398 0.99885070323944 22.659099578857 
000082 352 1216 1 197.9299697876 181.15767669678 89.878646850586 57.520309448242 0.94830721616745 28.936372756958 
000082 352 1216 1 9.7575302124023 192.89308166504 119.3780670166 49.571929931641 0.93096333742142 32.797142028809 
000082 352 1216 1 370.91632080078 182.50256347656 39.830444335938 23.822845458984 0.82645148038864 61.944511413574 
000083 352 1216 1 586.32791137695 206.12083435059 65.348815917969 56.653381347656 0.99939560890198 21.712013244629 
000083 352 1216 1 2.7446422576904 194.51205444336 102.12382888794 53.666137695312 0.83315235376358 29.878192901611 
000083 352 1216 1 368.84503173828 182.43377685547 43.705078125 23.868774414062 0.70094865560532 65.077743530273 
000084 352 1216 1 587.67163085938 207.26761627197 56.753173828125 52.398910522461 0.99935454130173 22.902156829834 
000085 352 1216 1 587.1748046875 205.13683319092 58.769653320312 51.654403686523 0.99939405918121 23.622882843018 
000085 352 1216 1 103.7589263916 180.08910369873 131.23681640625 62.129409790039 0.76141148805618 29.737617492676 
000086 352 1216 1 587.68017578125 202.14318847656 61.248046875 51.474975585938 0.99969816207886 23.150959014893 
000087 352 1216 1 588.79907226562 201.18207550049 58.209228515625 50.633102416992 0.99952900409698 22.668342590332 
000088 352 1216 1 589.72073364258 202.57153320312 57.094909667969 49.619659423828 0.99958926439285 23.660760879517 
000089 352 1216 1 588.68399047852 200.88249969482 55.540954589844 50.683670043945 0.99888843297958 23.467945098877 
000090 352 1216 1 588.63043212891 198.76831054688 59.6005859375 51.417602539062 0.99898606538773 23.276016235352 
000091 352 1216 1 589.66668701172 200.16606140137 56.771850585938 49.553558349609 0.99928027391434 23.83572769165 
000091 352 1216 1 343.94241333008 180.60750579834 45.234008789062 22.998153686523 0.77474343776703 60.698467254639 
000092 352 1216 1 590.74838256836 201.59083557129 54.171325683594 48.204254150391 0.99932587146759 23.957391738892 
000092 352 1216 1 344.84562683105 182.77297210693 47.196197509766 22.161148071289 0.96472722291946 57.779926300049 
000093 352 1216 1 591.76879882812 201.68962860107 55.494750976562 47.562728881836 0.99938786029816 24.846925735474 
000094 352 1216 1 590.70077514648 201.35330963135 57.518005371094 48.071243286133 0.99961972236633 24.809097290039 
000095 352 1216 1 592.21710205078 197.93894958496 53.064453125 46.81005859375 0.99934130907059 25.31075668335 
000096 352 1216 1 592.42672729492 196.25996398926 51.409362792969 46.427795410156 0.99907088279724 25.658763885498 
000096 352 1216 1 311.2453918457 176.96382904053 40.857666015625 21.649490356445 0.78948521614075 55.063724517822 
000097 352 1216 1 593.11672973633 194.16195678711 54.987976074219 48.105651855469 0.9992054104805 25.382429122925 
000097 352 1216 1 308.06578063965 177.41907501221 51.900970458984 25.410903930664 0.90887194871902 53.942974090576 
000098 352 1216 1 594.47915649414 196.21494293213 52.752380371094 46.311538696289 0.99939060211182 25.957229614258 
000099 352 1216 1 593.44598388672 198.25589752197 54.474731445312 48.52082824707 0.99968779087067 25.019786834717 
000100 352 1216 1 595.25769042969 200.01024627686 52.248901367188 47.079971313477 0.99973803758621 26.219980239868 
000101 352 1216 1 595.80261230469 199.88513946533 51.532958984375 46.964340209961 0.99947470426559 25.85785484314 
000101 352 1216 1 279.59394836426 183.92272949219 44.198883056641 20.709228515625 0.98313534259796 51.20569229126 
000102 352 1216 1 597.02276611328 200.52807617188 51.697631835938 45.443695068359 0.9996885061264 26.617948532104 
000102 352 1216 1 272.52587127686 184.26623535156 44.620864868164 21.548828125 0.97987109422684 52.789943695068 
000103 352 1216 1 598.64624023438 201.92168426514 53.434448242188 46.564804077148 0.99949407577515 27.965362548828 
000103 352 1216 1 266.68656158447 187.36225128174 46.672225952148 24.210556030273 0.95674782991409 48.056407928467 
000104 352 1216 1 599.67135620117 203.00618743896 52.380554199219 44.235427856445 0.99923503398895 28.789211273193 
000104 352 1216 1 251.43560791016 187.74329376221 46.066528320312 23.121231079102 0.96783661842346 54.344043731689 
000105 352 1216 1 596.54550170898 198.73993682861 50.632751464844 44.532302856445 0.99929988384247 28.946321487427 
000105 352 1216 1 318.90312194824 188.81703186035 49.698944091797 19.386535644531 0.7665987610817 54.663158416748 
000106 352 1216 1 597.70703125 198.97667694092 48.831176757812 43.209823608398 0.99959677457809 29.075899124146 
000106 352 1216 1 313.36415100098 186.29788970947 39.413116455078 20.614822387695 0.96583539247513 64.343711853027 
000107 352 1216 1 599.7265625 198.95204162598 49.35546875 44.305297851562 0.99955099821091 27.561401367188 
000107 352 1216 1 311.31997680664 185.04800415039 32.692932128906 19.623443603516 0.85118848085403 66.41561126709 
000107 352 1216 1 278.42562866211 186.41075897217 38.241271972656 20.697708129883 0.63585382699966 60.472660064697 
000108 352 1216 1 599.35232543945 197.75897216797 50.200378417969 44.776214599609 0.99948263168335 27.667163848877 
000108 352 1216 1 225.4440612793 188.73690032959 55.647735595703 31.486343383789 0.98635977506638 47.512859344482 
000108 352 1216 1 306.33459472656 186.15082550049 39.333801269531 20.41926574707 0.88851028680801 62.057670593262 
000108 352 1216 1 272.73303985596 186.36717987061 45.069381713867 24.24787902832 0.62172657251358 52.684104919434 
000109 352 1216 1 598.98510742188 197.22490692139 47.0625 41.145278930664 0.9981689453125 30.14281463623 
000109 352 1216 1 226.61922454834 189.48678588867 57.170639038086 31.8525390625 0.9853663444519 40.71089553833 
000109 352 1216 1 257.07801818848 188.28762054443 47.829925537109 23.962173461914 0.85796004533768 54.040988922119 
000109 352 1216 1 410.84762573242 182.08840942383 29.599304199219 19.644958496094 0.6893208026886 61.399673461914 
000110 352 1216 1 598.84246826172 197.62029266357 48.105834960938 43.504623413086 0.99790960550308 29.263584136963 
000110 352 1216 1 242.43857574463 186.77364349365 50.480392456055 23.42561340332 0.97592926025391 56.582008361816 
000110 352 1216 1 200.27043151855 187.4835357666 54.138031005859 27.145324707031 0.97366172075272 45.030437469482 
000111 352 1216 1 598.81704711914 197.93714141846 43.644714355469 39.075302124023 0.99801671504974 30.512567520142 
000111 352 1216 1 190.76570129395 189.99520874023 53.756713867188 28.493103027344 0.99162429571152 44.434440612793 
000111 352 1216 1 246.65514373779 189.99951934814 51.59992980957 26.526809692383 0.98016309738159 47.01819229126 
000111 352 1216 1 283.06687927246 187.08303833008 40.745880126953 21.20166015625 0.89563876390457 55.451930999756 
000111 352 1216 1 409.31323242188 180.21001434326 29.186462402344 20.250106811523 0.60514551401138 63.90503692627 
000112 352 1216 1 599.29122924805 199.33309936523 42.808776855469 39.434753417969 0.99931490421295 30.016050338745 
000112 352 1216 1 182.33203887939 191.18003082275 63.885848999023 29.743881225586 0.98287922143936 42.28422164917 
000112 352 1216 1 239.25076293945 190.00088500977 42.954284667969 23.842529296875 0.96219110488892 48.466243743896 
000112 352 1216 1 279.6919708252 188.00885772705 32.526214599609 20.300827026367 0.95727318525314 61.223964691162 
000113 352 1216 1 599.96389770508 201.44420623779 42.460510253906 37.691146850586 0.9990941286087 30.973602294922 
000113 352 1216 1 162.93145751953 193.53350067139 67.836151123047 31.428512573242 0.99223494529724 44.744888305664 
000113 352 1216 1 223.63346862793 190.78048706055 54.309722900391 25.456329345703 0.95253098011017 50.634990692139 
000113 352 1216 1 275.6794128418 190.67763519287 38.198120117188 19.791549682617 0.88585561513901 63.1662940979 
000114 352 1216 1 601.29016113281 202.56016540527 42.486328125 38.720245361328 0.99776244163513 31.334503173828 
000114 352 1216 1 207.86421966553 193.84122467041 55.833511352539 27.10139465332 0.99412751197815 54.251594543457 
000114 352 1216 1 153.68258666992 197.53678131104 75.530364990234 35.493637084961 0.98474943637848 41.96658706665 
000114 352 1216 1 269.55796813965 192.21527862549 44.413787841797 20.188949584961 0.7022784948349 59.863658905029 
000115 352 1216 1 601.6706237793 201.11476898193 42.871643066406 38.330673217773 0.99563294649124 33.566383361816 
000115 352 1216 1 143.50773239136 194.58934020996 89.497016906738 40.310455322266 0.97486352920532 38.382030487061 
000115 352 1216 1 195.78744506836 194.85139465332 67.098968505859 27.774963378906 0.9158411026001 44.906536102295 
000115 352 1216 1 396.38945007324 186.71678161621 23.838958740234 18.450073242188 0.67446750402451 61.411594390869 
000116 352 1216 1 601.2424621582 198.53067016602 39.044982910156 35.935546875 0.99653697013855 34.020835876465 
000116 352 1216 1 135.90869903564 193.86809539795 87.632888793945 36.813400268555 0.98476034402847 39.063972473145 
000116 352 1216 1 234.01970672607 193.34944152832 75.423049926758 30.601684570312 0.94404095411301 41.12650680542 
000116 352 1216 1 396.03953552246 185.70583343506 28.533843994141 20.591690063477 0.93562978506088 61.977447509766 
000116 352 1216 1 182.23474884033 191.31529998779 77.317337036133 31.16047668457 0.80603295564651 45.679248809814 
000117 352 1216 1 601.92532348633 195.16456604004 40.757751464844 37.846221923828 0.99728357791901 32.554943084717 
000117 352 1216 1 106.57297897339 189.7854385376 100.62073516846 43.740707397461 0.99291753768921 36.513000488281 
000117 352 1216 1 173.97418212891 189.26997375488 68.820831298828 28.414215087891 0.8805478811264 47.503112792969 
000117 352 1216 1 391.38926696777 181.85415649414 24.254669189453 19.203735351562 0.67806851863861 61.665596008301 
000118 352 1216 1 601.23168945312 194.98385620117 40.437377929688 37.059906005859 0.99680387973785 32.921813964844 
000118 352 1216 1 151.12406921387 191.72662353516 78.042083740234 35.324554443359 0.99669456481934 38.88786315918 
000118 352 1216 1 71.280683517456 192.08519744873 99.487018585205 42.716171264648 0.99337351322174 38.029567718506 
000118 352 1216 1 387.58229064941 183.04377746582 25.837860107422 19.280151367188 0.71170914173126 65.784194946289 
000119 352 1216 1 600.65884399414 196.93856048584 37.880798339844 37.974533081055 0.99232316017151 32.579051971436 
000119 352 1216 1 48.605696201324 197.42365264893 118.37526226044 47.359298706055 0.97980290651321 32.329078674316 
000119 352 1216 1 143.92874145508 194.62251281738 98.566101074219 39.701812744141 0.96630126237869 40.700080871582 
000119 352 1216 1 383.04556274414 187.03779602051 27.919067382812 18.941833496094 0.83370846509933 62.292888641357 
000120 352 1216 1 600.80145263672 198.38349914551 38.406982421875 34.302062988281 0.99693667888641 33.782989501953 
000120 352 1216 1 34.252171516418 200.9646987915 105.95636558533 42.584854125977 0.98688495159149 36.265487670898 
000120 352 1216 1 144.69516372681 197.25512695312 125.53472137451 48.687347412109 0.98302632570267 29.639833450317 
000120 352 1216 1 381.19494628906 187.97500610352 33.090698242188 23.9599609375 0.97342568635941 55.177143096924 
000120 352 1216 1 217.75254821777 197.99110412598 72.265533447266 32.749725341797 0.97197443246841 47.80131149292 
000121 352 1216 1 601.46914672852 198.06217193604 39.273620605469 35.209030151367 0.99756890535355 33.546558380127 
000121 352 1216 1 377.48811340332 188.09652709961 30.636077880859 22.525329589844 0.97289597988129 58.959850311279 
000121 352 1216 1 195.78870391846 197.55302429199 60.748245239258 29.114654541016 0.96929955482483 44.053466796875 
000122 352 1216 1 600.84371948242 197.43213653564 38.604675292969 34.403762817383 0.99657464027405 35.280624389648 
000122 352 1216 1 176.95160675049 196.48315429688 77.31672668457 32.310119628906 0.99174797534943 40.371326446533 
000122 352 1216 1 377.80223083496 186.47913360596 26.318634033203 21.033157348633 0.97053849697113 63.235958099365 
000123 352 1216 1 601.02572631836 195.98241424561 37.576599121094 34.909286499023 0.9967605471611 35.648979187012 
000123 352 1216 1 375.8755645752 186.89134216309 30.662200927734 20.75537109375 0.98960655927658 65.437149047852 
000123 352 1216 1 156.37920379639 194.53653717041 77.644515991211 33.492233276367 0.98949766159058 40.292625427246 
000123 352 1216 1 87.988376617432 194.88948822021 73.285942077637 33.571304321289 0.95058977603912 47.37260055542 
000124 352 1216 1 57.209267616272 200.09367370605 90.95020866394 41.571105957031 0.99820125102997 34.299682617188 
000124 352 1216 1 600.75869750977 196.50260162354 39.843933105469 33.919418334961 0.9981175661087 35.590911865234 
000124 352 1216 1 141.70978927612 194.11421203613 89.894050598145 34.333526611328 0.99334198236465 40.349071502686 
000124 352 1216 1 374.26168823242 185.02085876465 25.028015136719 20.714141845703 0.87838470935822 64.142562866211 
000124 352 1216 1 471.79121398926 180.10053253174 25.209075927734 25.034957885742 0.81111341714859 60.816654205322 
000125 352 1216 1 18.10591506958 202.46988677979 121.41234588623 45.979782104492 0.99904626607895 33.684509277344 
000125 352 1216 1 601.11294555664 197.08790588379 40.529846191406 33.269714355469 0.99768698215485 34.449554443359 
000125 352 1216 1 122.85822677612 198.35019683838 99.427101135254 35.160659790039 0.96950793266296 44.057209014893 
000125 352 1216 1 370.36991882324 187.76991271973 28.155914306641 20.285461425781 0.88257360458374 59.3971824646 
000126 352 1216 1 601.36410522461 198.08275604248 38.921081542969 31.486526489258 0.9984632730484 35.299926757812 
000126 352 1216 1 101.50148773193 198.65348052979 105.83113098145 39.000045776367 0.98402369022369 38.040245056152 
000126 352 1216 1 5.9330635070801 200.73037719727 86.452995300293 40.736114501953 0.96518421173096 34.392436981201 
000127 352 1216 1 600.66073608398 197.49755859375 37.129333496094 29.888366699219 0.9959425330162 36.509162902832 
000127 352 1216 1 75.797708511353 202.96556091309 110.38898849487 41.666412353516 0.97124600410461 37.658958435059 
000128 352 1216 1 50.637053966522 200.32582855225 131.17674350739 46.51774597168 0.99850344657898 37.042331695557 
000128 352 1216 1 601.10510253906 194.83102416992 38.690185546875 31.482604980469 0.99772697687149 36.318969726562 
000129 352 1216 1 600.7926940918 194.51828765869 38.890930175781 34.16471862793 0.99723756313324 34.819755554199 
000129 352 1216 1 34.314238548279 199.9806060791 124.24475288391 49.586730957031 0.98169773817062 33.294067382812 
000130 352 1216 1 602.43185424805 194.82402801514 40.747985839844 36.197738647461 0.9989350438118 33.015808105469 
000130 352 1216 1 8.4076976776123 197.48281097412 137.88196182251 54.401626586914 0.95495539903641 31.438558578491 
000131 352 1216 1 602.35879516602 194.48612976074 41.696228027344 36.592620849609 0.99899131059647 32.290294647217 
000131 352 1216 1 346.04188537598 186.83392333984 30.067657470703 26.185150146484 0.92599618434906 51.78796005249 
000132 352 1216 1 603.11947631836 193.53510284424 41.479919433594 36.442642211914 0.99847024679184 31.792814254761 
000132 352 1216 1 343.92709350586 184.30176544189 32.949462890625 20.325668334961 0.9780091047287 61.77416229248 
000133 352 1216 1 603.52029418945 192.47901153564 42.974914550781 37.929061889648 0.99791902303696 30.613460540771 
000133 352 1216 1 336.90672302246 186.26874542236 33.767303466797 18.495040893555 0.98594254255295 58.130310058594 
000134 352 1216 1 603.8395690918 192.42124176025 40.381652832031 35.048049926758 0.99627953767776 31.709362030029 
000134 352 1216 1 332.87272644043 186.42093658447 33.822357177734 21.987594604492 0.97988945245743 55.58065032959 
000135 352 1216 1 604.05981445312 192.06532287598 40.228271484375 33.723052978516 0.9976053237915 33.412059783936 
000135 352 1216 1 326.86305236816 185.47843170166 29.796600341797 19.835494995117 0.98084783554077 58.380813598633 
000136 352 1216 1 604.28067016602 188.60015106201 38.927062988281 33.345901489258 0.99656265974045 31.507875442505 
000136 352 1216 1 319.1520690918 183.92798614502 36.48583984375 21.54948425293 0.97232300043106 55.861667633057 
000137 352 1216 1 603.75930786133 186.19957733154 39.902282714844 32.534103393555 0.99451631307602 34.597789764404 
000137 352 1216 1 312.53904724121 179.30966186523 37.954620361328 21.93505859375 0.98940777778625 59.876094818115 
000138 352 1216 1 605.10870361328 185.52323913574 40.635375976562 31.505493164062 0.99579477310181 32.956157684326 
000138 352 1216 1 308.63414001465 181.00979614258 40.646636962891 23.623779296875 0.99130487442017 54.331287384033 
000139 352 1216 1 607.09185791016 190.81532287598 38.609741210938 28.902099609375 0.99577963352203 33.915229797363 
000139 352 1216 1 298.92628479004 186.03248596191 35.141021728516 21.087677001953 0.98803466558456 52.423057556152 
000140 352 1216 1 606.25189208984 196.20283508301 38.35546875 29.813873291016 0.99493342638016 37.370429992676 
000140 352 1216 1 287.94961547852 190.43491363525 44.122497558594 23.03157043457 0.91194063425064 50.59888458252 
000141 352 1216 1 604.44641113281 196.53385162354 38.671508789062 31.057693481445 0.99004805088043 34.886539459229 
000141 352 1216 1 279.87379455566 192.75038909912 40.157989501953 22.657150268555 0.97344082593918 52.664257049561 
000142 352 1216 1 605.06253051758 192.84635925293 35.916809082031 30.946929931641 0.9903724193573 34.789970397949 
000142 352 1216 1 275.71755218506 190.6385345459 54.706741333008 25.507751464844 0.92710745334625 47.126792907715 
000142 352 1216 1 1060.1756896973 280.53791809082 110.45086669922 62.361297607422 0.83197402954102 26.583658218384 
000143 352 1216 1 604.43005371094 192.66034698486 35.96044921875 31.025009155273 0.99190956354141 35.747142791748 
