000000 352 1216 1 426.83306884766 228.29141235352 197.63720703125 96.272033691406 0.99943834543228 13.965445518494 
000001 352 1216 1 356.92546844482 234.45147705078 237.23847961426 93.066223144531 0.9897500872612 14.244366645813 
000002 352 1216 1 288.12370300293 245.31130218506 317.69235229492 124.05793762207 0.99967551231384 12.076118469238 
000003 352 1216 1 217.22623252869 254.81067657471 363.45262527466 146.67070007324 0.99940061569214 11.458441734314 
000004 352 1216 1 147.73798084259 262.30698394775 347.66161155701 147.66905212402 0.98381340503693 10.126932144165 
000005 352 1216 1 108.05546140671 271.85828399658 205.95987796783 158.37034606934 0.86448758840561 9.6516551971436 
000006 352 1216 1 47.542755126953 273.41895294189 160.7053527832 159.78562927246 0.76288419961929 10.533267021179 
000008 352 1216 1 1148.1388549805 196.18316650391 133.30749511719 49.150085449219 0.98936778306961 40.384922027588 
000009 352 1216 1 1115.1884765625 195.86986541748 114.455078125 42.10710144043 0.98395270109177 40.846660614014 
000010 352 1216 1 1068.6823730469 195.45101165771 145.2626953125 54.745803833008 0.95885455608368 36.14986038208 
000011 352 1216 1 1046.3571472168 194.53211212158 125.58819580078 45.911697387695 0.98673570156097 37.842975616455 
000013 352 1216 1 994.55679321289 194.41082000732 88.462829589844 34.924819946289 0.93413990736008 46.405963897705 
000014 352 1216 1 979.06683349609 192.5234375 88.990478515625 32.560089111328 0.71392184495926 44.8512840271 
000017 352 1216 1 899.25610351562 188.00919342041 89.636596679688 37.84455871582 0.99279057979584 39.005302429199 
000018 352 1216 1 881.39434814453 188.66424560547 71.561889648438 32.789947509766 0.99087756872177 39.496711730957 
000019 352 1216 1 870.92098999023 189.1063079834 88.561950683594 35.578186035156 0.99393177032471 43.517028808594 
000020 352 1216 1 852.90158081055 187.56571960449 81.043395996094 33.473999023438 0.99526476860046 42.229080200195 
000021 352 1216 1 835.01147460938 187.17464447021 77.3037109375 31.116561889648 0.91797971725464 47.114639282227 
000022 352 1216 1 822.45700073242 187.53516387939 74.474792480469 30.029006958008 0.98510807752609 49.178661346436 
000023 352 1216 1 799.06726074219 187.02883148193 68.096557617188 28.073501586914 0.98371058702469 49.052108764648 
000024 352 1216 1 790.32473754883 185.42420959473 64.959289550781 27.977203369141 0.98397612571716 51.350399017334 
000025 352 1216 1 777.06744384766 186.27478027344 53.58544921875 24.133514404297 0.91381430625916 50.866481781006 
000026 352 1216 1 765.01696777344 186.32265472412 55.49658203125 25.317672729492 0.98100990056992 51.122791290283 
000027 352 1216 1 758.1022644043 184.94997406006 53.046203613281 24.574081420898 0.9967548251152 49.784843444824 
000028 352 1216 1 747.44183349609 186.12510681152 41.805297851562 21.131927490234 0.98385691642761 50.56510925293 
000029 352 1216 1 737.11193847656 185.43549346924 37.755981445312 21.206466674805 0.9452993273735 52.678722381592 
000030 352 1216 1 729.54403686523 185.50215911865 44.232604980469 22.435012817383 0.98920047283173 51.467407226562 
000031 352 1216 1 724.72482299805 185.61458587646 42.015319824219 21.94856262207 0.99340951442719 52.661846160889 
000032 352 1216 1 719.49356079102 183.45629119873 43.571716308594 23.026718139648 0.98758858442307 47.447345733643 
000033 352 1216 1 712.13043212891 184.41508483887 35.3095703125 20.306030273438 0.98579651117325 50.330226898193 
000034 352 1216 1 704.61538696289 183.84872436523 32.578063964844 21.768493652344 0.98434895277023 49.440361022949 
000035 352 1216 1 699.32122802734 184.86911010742 33.703735351562 22.991851806641 0.97877848148346 51.913303375244 
000036 352 1216 1 695.97143554688 183.28359222412 30.495971679688 22.143356323242 0.98177874088287 56.943218231201 
000037 352 1216 1 690.01104736328 182.41700744629 31.975830078125 21.517059326172 0.98642355203629 56.894611358643 
000038 352 1216 1 687.37292480469 182.20887756348 30.974609375 20.042022705078 0.99065744876862 57.50513458252 
000038 352 1216 1 1140.4639282227 280.46783447266 260.57189941406 165.74700927734 0.75280094146729 5.7917947769165 
000039 352 1216 1 685.08676147461 181.97064208984 31.850769042969 21.23828125 0.98843866586685 54.576629638672 
000039 352 1216 1 1112.4449157715 285.06725311279 320.21392822266 167.46510314941 0.91734999418259 5.4820585250854 
000040 352 1216 1 1103.2226867676 287.82398223877 391.06951904297 186.21122741699 0.99615746736526 5.8628745079041 
000040 352 1216 1 681.12051391602 182.01355743408 28.179260253906 19.285354614258 0.98108035326004 56.000137329102 
000041 352 1216 1 1080.0644226074 287.45938873291 394.67120361328 186.06620788574 0.99770313501358 7.1868481636047 
000041 352 1216 1 679.60238647461 182.71285247803 27.566589355469 19.00325012207 0.98180490732193 57.999485015869 
000042 352 1216 1 1031.1589050293 286.77993774414 327.76690673828 181.90356445312 0.99989187717438 8.3549308776855 
000042 352 1216 1 677.27847290039 182.90444946289 27.934997558594 18.202545166016 0.94017660617828 57.90474319458 
000043 352 1216 1 983.16738891602 272.03457641602 281.43841552734 169.10784912109 0.99997019767761 9.4055557250977 
000043 352 1216 1 671.38146972656 181.79572296143 29.869506835938 17.751876831055 0.91219341754913 61.475940704346 
000044 352 1216 1 938.28695678711 261.11582183838 235.39581298828 148.19505310059 0.99998557567596 10.344268798828 
000044 352 1216 1 666.18301391602 182.02593231201 28.546936035156 17.826950073242 0.93554174900055 61.799583435059 
000045 352 1216 1 906.78009033203 254.22324371338 206.02685546875 132.89488220215 0.99999761581421 11.100764274597 
000045 352 1216 1 665.40127563477 180.17350769043 29.102844238281 18.746643066406 0.95235365629196 61.309131622314 
000046 352 1216 1 877.23519897461 243.96961212158 185.32293701172 114.4730682373 0.9999783039093 12.58549785614 
000046 352 1216 1 664.95858764648 178.67292785645 27.527526855469 17.296112060547 0.95985352993011 62.716388702393 
000046 352 1216 1 1154.4064941406 242.04946899414 247.15795898438 112.36340332031 0.91568195819855 13.523306846619 
000047 352 1216 1 855.19891357422 236.35942840576 161.74914550781 106.66664123535 0.99997425079346 12.867557525635 
000047 352 1216 1 1125.5114440918 237.53283691406 240.61187744141 106.77337646484 0.99312841892242 14.902616500854 
000047 352 1216 1 661.78366088867 179.0015335083 27.216857910156 15.239883422852 0.93783640861511 71.631233215332 
000048 352 1216 1 832.94476318359 231.50936889648 149.42468261719 99.284240722656 0.99994277954102 13.576201438904 
000048 352 1216 1 1084.8315429688 233.40142059326 225.51879882812 103.5431060791 0.99962091445923 14.643781661987 
000048 352 1216 1 661.7785949707 179.85489654541 26.315979003906 15.467239379883 0.94004845619202 72.74439239502 
000049 352 1216 1 815.47537231445 227.40407562256 139.13214111328 91.547378540039 0.99995529651642 14.904518127441 
000049 352 1216 1 1051.9604187012 228.75078582764 197.25250244141 90.441116333008 0.99967074394226 16.131536483765 
000049 352 1216 1 659.94781494141 181.60190582275 26.267211914062 15.194442749023 0.80449306964874 76.070304870605 
000050 352 1216 1 1018.9297790527 225.75902557373 178.15460205078 85.572280883789 0.99977749586105 15.841459274292 
000050 352 1216 1 802.79473876953 225.08083343506 126.87451171875 83.129837036133 0.99971526861191 15.603697776794 
000050 352 1216 1 659.95983886719 179.71817016602 25.625122070312 14.538269042969 0.80588972568512 77.355010986328 
000051 352 1216 1 790.43301391602 221.12987518311 111.39532470703 76.342178344727 0.9999486207962 16.874652862549 
000051 352 1216 1 992.15328979492 221.14234161377 161.49542236328 77.061996459961 0.99986696243286 16.469841003418 
000051 352 1216 1 657.11471557617 179.99338531494 23.961608886719 14.322402954102 0.80901968479156 76.735877990723 
000052 352 1216 1 968.25311279297 219.09436798096 147.46179199219 66.971420288086 0.99986791610718 18.995136260986 
000052 352 1216 1 773.38757324219 217.94818878174 105.89855957031 69.96745300293 0.99965286254883 17.67186164856 
000052 352 1216 1 653.72085571289 179.57569122314 22.185241699219 14.289291381836 0.84952116012573 76.067855834961 
000053 352 1216 1 950.73690795898 215.90135955811 127.02081298828 64.274215698242 0.99984872341156 19.527982711792 
000053 352 1216 1 764.80569458008 216.59633636475 98.516662597656 70.642623901367 0.99948632717133 17.613704681396 
000053 352 1216 1 652.31701660156 180.1254196167 22.134155273438 14.274887084961 0.6679795384407 75.503257751465 
000054 352 1216 1 927.92709350586 212.29725646973 117.28631591797 58.384307861328 0.99938523769379 20.798408508301 
000054 352 1216 1 753.25344848633 212.75591278076 87.148132324219 60.95832824707 0.99801576137543 19.574928283691 
000055 352 1216 1 911.72854614258 209.38399505615 109.39923095703 55.35417175293 0.99911099672318 23.284358978271 
000055 352 1216 1 743.43249511719 208.70852661133 74.05078125 54.725524902344 0.99869745969772 20.568819046021 
000056 352 1216 1 893.41363525391 207.4090423584 110.95263671875 60.893768310547 0.99968349933624 22.593704223633 
000056 352 1216 1 732.99438476562 206.64673614502 74.638427734375 57.458572387695 0.99892210960388 21.233364105225 
000056 352 1216 1 645.95611572266 179.97754669189 22.252319335938 13.56330871582 0.79083544015884 77.780303955078 
000057 352 1216 1 729.294921875 205.55687713623 70.264526367188 51.509048461914 0.999636054039 23.32533454895 
000057 352 1216 1 876.7643737793 205.2116394043 95.692687988281 47.363311767578 0.99918562173843 24.419990539551 
000057 352 1216 1 642.95346069336 179.65509033203 22.692321777344 14.042297363281 0.75488787889481 73.801063537598 
000058 352 1216 1 721.83599853516 202.33856201172 62.274169921875 43.738830566406 0.99953866004944 24.964097976685 
000058 352 1216 1 864.71734619141 204.27989959717 96.5361328125 51.924179077148 0.99875557422638 27.141775131226 
000058 352 1216 1 1106.5915222168 286.37815856934 277.86138916016 172.09799194336 0.94541716575623 2.5822548866272 
000059 352 1216 1 855.45715332031 203.4754486084 88.4072265625 47.106567382812 0.99967277050018 26.657815933228 
000059 352 1216 1 714.02456665039 201.18956756592 59.167175292969 40.975326538086 0.99924904108047 26.334323883057 
000059 352 1216 1 1072.8026733398 285.19338226318 271.40637207031 180.08381652832 0.90206432342529 5.2420773506165 
000060 352 1216 1 705.61987304688 199.32850646973 60.384033203125 45.321563720703 0.99922597408295 26.310747146606 
000060 352 1216 1 840.08477783203 200.26089477539 76.48046875 42.74267578125 0.99908769130707 27.721786499023 
000060 352 1216 1 1079.3955078125 287.97007751465 349.859375 175.67196655273 0.98622071743011 5.1011056900024 
000061 352 1216 1 828.90682983398 198.21831512451 79.385314941406 45.075942993164 0.999571621418 26.720186233521 
000061 352 1216 1 699.88031005859 198.36144256592 56.072509765625 42.668472290039 0.9992344379425 26.386968612671 
000061 352 1216 1 1055.4321289062 285.61580657959 385.66381835938 170.80439758301 0.99731951951981 5.3230504989624 
000062 352 1216 1 821.86697387695 197.80169677734 74.091247558594 44.184967041016 0.99950218200684 28.960161209106 
000062 352 1216 1 1031.7585144043 285.14710235596 414.89141845703 180.92308044434 0.99947053194046 6.4054393768311 
000062 352 1216 1 698.47463989258 199.59568786621 55.662292480469 40.93359375 0.99943798780441 28.826549530029 
000063 352 1216 1 987.76791381836 287.00238037109 341.59576416016 188.83666992188 0.99990844726562 8.2595291137695 
000063 352 1216 1 693.349609375 198.13806915283 47.56298828125 35.063339233398 0.9994261264801 31.820384979248 
000063 352 1216 1 808.24752807617 196.86672210693 64.973083496094 40.536361694336 0.99869579076767 29.542026519775 
000064 352 1216 1 942.78930664062 271.86755371094 276.09130859375 164.17724609375 0.99998784065247 8.9784002304077 
000064 352 1216 1 798.01519775391 195.3980255127 64.47021484375 40.332183837891 0.99843448400497 30.889741897583 
000064 352 1216 1 685.85073852539 195.82350921631 46.094055175781 30.707870483398 0.99820041656494 33.467323303223 
000065 352 1216 1 904.24896240234 260.05955505371 232.41430664062 140.83596801758 0.99999332427979 10.035592079163 
000065 352 1216 1 792.84127807617 194.91855621338 61.014831542969 36.398239135742 0.99868243932724 35.4924659729 
000065 352 1216 1 681.96899414062 194.79346466064 46.021484375 32.219284057617 0.99601989984512 33.260906219482 
000066 352 1216 1 872.06802368164 253.54138183594 208.11456298828 128.15679931641 0.99999618530273 11.141296386719 
000066 352 1216 1 783.12451171875 195.50769805908 53.22607421875 31.75602722168 0.99767798185349 35.879173278809 
000066 352 1216 1 677.8420715332 193.78324890137 41.911437988281 28.460845947266 0.99576640129089 36.076667785645 
000067 352 1216 1 860.88223266602 239.38280487061 161.71209716797 97.90119934082 0.9999988079071 11.699439048767 
000067 352 1216 1 671.93273925781 192.88768768311 40.658203125 28.435104370117 0.99747961759567 36.947261810303 
000067 352 1216 1 770.00424194336 193.82992553711 47.526306152344 28.639404296875 0.97809267044067 38.930519104004 
000067 352 1216 1 911.62619018555 205.6531829834 122.99798583984 54.856994628906 0.93898338079453 28.575304031372 
000068 352 1216 1 844.92010498047 230.47723388672 155.57360839844 92.031982421875 0.99999165534973 13.126846313477 
000068 352 1216 1 669.38128662109 191.46484375 38.361694335938 27.955688476562 0.9911875128746 41.318267822266 
000068 352 1216 1 765.73706054688 194.1536026001 52.969970703125 35.148208618164 0.97293817996979 37.961242675781 
000068 352 1216 1 898.13467407227 200.46599578857 107.16778564453 58.615493774414 0.96113514900208 22.890405654907 
000069 352 1216 1 824.40948486328 225.29850769043 133.91870117188 81.327484130859 0.99998128414154 12.669776916504 
000069 352 1216 1 881.4241027832 200.0662612915 114.27789306641 51.154800415039 0.99511802196503 23.601572036743 
000069 352 1216 1 666.96716308594 190.33090209961 35.000366210938 27.131256103516 0.99041104316711 42.556823730469 
000069 352 1216 1 759.60726928711 190.59355926514 46.277893066406 28.756118774414 0.97923356294632 41.694278717041 
000070 352 1216 1 806.89526367188 223.0842666626 129.48059082031 77.121627807617 0.99999213218689 14.657421112061 
000070 352 1216 1 865.49185180664 201.25657653809 93.561096191406 47.148040771484 0.99404174089432 24.223257064819 
000070 352 1216 1 664.99530029297 189.96340942383 30.302001953125 26.536254882812 0.98759150505066 43.273628234863 
000070 352 1216 1 754.1357421875 188.59991455078 49.531372070312 28.831512451172 0.79380488395691 41.517887115479 
000071 352 1216 1 781.67123413086 223.15660858154 114.90155029297 75.420791625977 0.99974244832993 15.74341583252 
000071 352 1216 1 849.66500854492 201.18739318848 85.538513183594 51.648498535156 0.9994238615036 24.897371292114 
000071 352 1216 1 662.84378051758 189.58180236816 25.868591308594 22.748260498047 0.9775755405426 48.407871246338 
000071 352 1216 1 1124.4542541504 275.28489685059 265.75823974609 193.16122436523 0.78567987680435 2.5537738800049 
000072 352 1216 1 766.36602783203 221.73052215576 110.39978027344 73.138076782227 0.99984085559845 16.190053939819 
000072 352 1216 1 830.59234619141 197.60578155518 81.398803710938 46.116195678711 0.99922692775726 27.061880111694 
000072 352 1216 1 658.41143798828 189.49401855469 27.625366210938 23.026092529297 0.98832547664642 46.629302978516 
000072 352 1216 1 1094.810546875 275.73046112061 327.35180664062 175.20539855957 0.95200282335281 3.6244299411774 
000073 352 1216 1 819.45623779297 198.20478820801 79.730712890625 45.678619384766 0.99976807832718 28.330896377563 
000073 352 1216 1 750.16555786133 220.59145355225 99.820007324219 64.962661743164 0.99951040744781 17.022422790527 
000073 352 1216 1 1078.2390441895 282.50595092773 347.14154052734 169.93951416016 0.9910871386528 4.6628003120422 
000073 352 1216 1 655.55252075195 189.02685546875 28.662414550781 22.550659179688 0.97827541828156 47.368396759033 
000074 352 1216 1 737.7575378418 216.19086456299 93.238708496094 64.751663208008 0.99949717521667 17.562501907349 
000074 352 1216 1 805.4342956543 196.65579986572 64.601135253906 38.33122253418 0.99846494197845 28.666067123413 
000074 352 1216 1 1072.8388061523 285.57791900635 438.51574707031 186.30912780762 0.99837791919708 5.8662352561951 
000074 352 1216 1 652.91802978516 188.41424560547 26.097534179688 19.703643798828 0.98025077581406 49.339138031006 
000075 352 1216 1 1060.348236084 281.16130065918 463.44366455078 191.23208618164 0.99974948167801 5.7945556640625 
000075 352 1216 1 796.02346801758 195.03199005127 71.195129394531 40.720718383789 0.99929392337799 30.959384918213 
000075 352 1216 1 731.80297851562 215.92776489258 91.767578125 62.996490478516 0.99793112277985 18.189617156982 
000075 352 1216 1 649.66668701172 186.59487915039 25.823852539062 19.530853271484 0.959253013134 51.244937896729 
000076 352 1216 1 1030.5483703613 286.02836608887 397.59002685547 180.66384887695 0.9999395608902 7.8509135246277 
000076 352 1216 1 724.34280395508 211.90587615967 79.480285644531 55.211227416992 0.99925917387009 19.66548538208 
000076 352 1216 1 791.68865966797 193.77933502197 59.70703125 35.677841186523 0.99889129400253 33.169612884521 
000076 352 1216 1 647.97219848633 185.9229888916 24.536193847656 18.380096435547 0.92890101671219 53.91032409668 
000077 352 1216 1 983.63153076172 277.75590515137 322.00866699219 181.94644165039 0.99998676776886 9.094780921936 
000077 352 1216 1 714.03591918945 209.7274017334 69.736511230469 48.527587890625 0.99934560060501 20.293563842773 
000077 352 1216 1 779.87908935547 192.09229278564 58.4306640625 35.006973266602 0.99554514884949 33.115928649902 
000077 352 1216 1 645.62445068359 185.94257354736 25.10791015625 18.058883666992 0.93008935451508 58.811546325684 
000078 352 1216 1 931.4228515625 266.40661621094 286.1240234375 167.33203125 0.99999630451202 9.5532922744751 
000078 352 1216 1 706.82189941406 205.96131896973 67.933959960938 47.618621826172 0.99909639358521 22.888275146484 
000078 352 1216 1 768.99499511719 191.78625488281 54.241577148438 29.632354736328 0.99630057811737 36.641414642334 
000078 352 1216 1 643.75207519531 185.47386169434 23.78759765625 17.419921875 0.87667900323868 61.683506011963 
000079 352 1216 1 898.69049072266 259.01544952393 252.54504394531 152.05345153809 0.99999403953552 10.040101051331 
000079 352 1216 1 701.28485107422 204.7982635498 66.12548828125 48.398468017578 0.99812763929367 24.344068527222 
000079 352 1216 1 762.41818237305 191.03963470459 49.473815917969 30.40657043457 0.99733763933182 41.766918182373 
000079 352 1216 1 640.50015258789 185.48815155029 23.888732910156 16.968399047852 0.83032733201981 61.520252227783 
000080 352 1216 1 869.35308837891 249.04161834717 220.47668457031 128.63069152832 0.99998986721039 11.272018432617 
000080 352 1216 1 698.0129699707 202.96914672852 61.080871582031 45.872863769531 0.9995796084404 25.759346008301 
000080 352 1216 1 757.77053833008 191.06888580322 50.711608886719 30.016036987305 0.9985865354538 40.747802734375 
000080 352 1216 1 637.18051147461 185.68635559082 30.166198730469 17.194152832031 0.81940454244614 67.850746154785 
000081 352 1216 1 845.36721801758 237.36507415771 184.20147705078 113.10847473145 0.99999356269836 12.448701858521 
000081 352 1216 1 693.68902587891 201.70385742188 57.242919921875 39.603881835938 0.99972432851791 28.642345428467 
000081 352 1216 1 751.18197631836 189.76718902588 43.657897949219 26.436080932617 0.996009349823 45.153182983398 
000082 352 1216 1 826.05230712891 231.57939910889 171.17309570312 104.25679016113 0.99999213218689 12.77025604248 
000082 352 1216 1 688.49060058594 200.46620941162 53.562744140625 36.537887573242 0.99931287765503 30.253631591797 
000082 352 1216 1 744.06433105469 189.05430603027 40.441772460938 27.073303222656 0.99553334712982 41.853443145752 
000083 352 1216 1 806.25448608398 227.28952026367 145.87213134766 96.105346679688 0.99998295307159 13.745394706726 
000083 352 1216 1 683.107421875 197.9868850708 52.237426757812 35.208877563477 0.99966430664062 30.515073776245 
000083 352 1216 1 735.37289428711 189.04718780518 40.935974121094 30.55158996582 0.95507228374481 42.280258178711 
000084 352 1216 1 793.24255371094 223.85738372803 134.75073242188 85.690505981445 0.99998259544373 15.089326858521 
000084 352 1216 1 679.85891723633 196.6485824585 46.852478027344 32.353134155273 0.99916529655457 30.936227798462 
000084 352 1216 1 729.70562744141 188.57467651367 40.034912109375 26.501525878906 0.93793803453445 49.670280456543 
000085 352 1216 1 775.33822631836 221.6739654541 120.28863525391 76.915985107422 0.99995148181915 16.5276222229 
000085 352 1216 1 673.31912231445 196.01523590088 43.213562011719 31.981521606445 0.99932849407196 29.803482055664 
000085 352 1216 1 724.25064086914 187.02002716064 41.599914550781 26.266677856445 0.93462663888931 51.588249206543 
000086 352 1216 1 763.45629882812 218.53493499756 110.53552246094 70.919479370117 0.99992263317108 16.675336837769 
000086 352 1216 1 669.7116394043 194.63571166992 42.132629394531 32.295623779297 0.99829071760178 31.460327148438 
000087 352 1216 1 753.52502441406 214.22332000732 90.07861328125 64.209854125977 0.99970501661301 18.378652572632 
000087 352 1216 1 666.84436035156 195.47702026367 44.578002929688 34.824737548828 0.9988197684288 33.694427490234 
000087 352 1216 1 998.51373291016 193.41296386719 104.06604003906 41.816192626953 0.99279987812042 36.039970397949 
000088 352 1216 1 740.19744873047 210.86283874512 81.272338867188 58.515594482422 0.99930107593536 21.168888092041 
000088 352 1216 1 666.15817260742 193.97090148926 39.021667480469 30.349914550781 0.99809604883194 37.266109466553 
000088 352 1216 1 992.83483886719 194.72557067871 98.55615234375 41.637268066406 0.96390956640244 33.108741760254 
000088 352 1216 1 1106.419342041 268.25967407227 311.77093505859 167.64703369141 0.96098697185516 4.6866788864136 
000089 352 1216 1 731.8971862793 207.11708831787 81.005310058594 61.049606323242 0.99967932701111 21.056816101074 
000089 352 1216 1 663.63464355469 193.59474182129 37.12646484375 29.21337890625 0.99793314933777 36.991718292236 
000089 352 1216 1 1100.34375 269.02852630615 372.69995117188 186.2765045166 0.98889148235321 4.6843276023865 
000090 352 1216 1 728.86016845703 205.35121154785 78.3349609375 59.689178466797 0.99989783763885 21.90665435791 
000090 352 1216 1 1075.2477111816 269.47267913818 404.91522216797 191.19624328613 0.99740535020828 5.099627494812 
000090 352 1216 1 660.74954223633 191.69403839111 33.529113769531 25.807846069336 0.9913581609726 38.917049407959 
000091 352 1216 1 1054.2256164551 270.30737304688 424.26409912109 199.68548583984 0.99967527389526 5.4583659172058 
000091 352 1216 1 717.69342041016 202.73327636719 73.753784179688 52.342041015625 0.99964666366577 23.160877227783 
000091 352 1216 1 656.57467651367 191.5804977417 34.086486816406 24.460830688477 0.98611825704575 39.261043548584 
000092 352 1216 1 1033.1574401855 271.53839874268 389.70367431641 192.98930358887 0.99983012676239 7.4380164146423 
000092 352 1216 1 708.39782714844 198.88529968262 66.505004882812 47.396026611328 0.9997484087944 23.863952636719 
000092 352 1216 1 654.1467590332 190.96017456055 31.824645996094 22.939544677734 0.96674436330795 44.713230133057 
000093 352 1216 1 986.56387329102 267.23459625244 337.14569091797 198.7039642334 0.99996817111969 8.5924167633057 
000093 352 1216 1 702.30383300781 199.17252349854 67.496826171875 46.427658081055 0.99976319074631 23.541515350342 
000093 352 1216 1 651.8857421875 190.20472717285 29.1640625 21.988342285156 0.96877104043961 46.827388763428 
000094 352 1216 1 941.68423461914 258.95121765137 295.13055419922 180.74142456055 0.99993753433228 9.2636985778809 
000094 352 1216 1 698.88180541992 198.80070495605 58.697814941406 42.085327148438 0.99971979856491 26.128992080688 
000094 352 1216 1 648.73403930664 189.38583374023 26.766906738281 21.258544921875 0.96360296010971 50.407875061035 
000095 352 1216 1 903.87844848633 249.13242340088 264.11907958984 161.12773132324 0.99991416931152 9.6392250061035 
000095 352 1216 1 695.24710083008 197.03916931152 53.289978027344 37.908782958984 0.99971359968185 28.503080368042 
000095 352 1216 1 648.91357421875 188.84595489502 27.848754882812 21.879653930664 0.9162113070488 52.451148986816 
000096 352 1216 1 875.50152587891 237.98714447021 228.11608886719 140.12916564941 0.99995410442352 11.079563140869 
000096 352 1216 1 690.96273803711 195.23220062256 47.996032714844 34.645889282227 0.99951481819153 30.617864608765 
000096 352 1216 1 648.75555419922 187.96201324463 27.164916992188 21.112045288086 0.87901186943054 53.403541564941 
000097 352 1216 1 854.7707824707 232.09195709229 198.32000732422 128.96379089355 0.99996769428253 11.320339202881 
000097 352 1216 1 684.74118041992 194.08066558838 48.064392089844 31.907241821289 0.99869751930237 31.488542556763 
000097 352 1216 1 645.37832641602 187.73056793213 30.971008300781 20.672897338867 0.873779296875 51.885913848877 
000098 352 1216 1 835.15139770508 225.39775085449 164.07049560547 113.43576049805 0.99994969367981 12.568307876587 
000098 352 1216 1 680.50650024414 193.06423950195 47.777770996094 29.69921875 0.99647045135498 34.622577667236 
000098 352 1216 1 894.24560546875 189.34972381592 87.542846679688 41.656509399414 0.90259939432144 33.524452209473 
000098 352 1216 1 1118.9107666016 283.55296325684 270.13549804688 156.52877807617 0.82905465364456 5.5909118652344 
000098 352 1216 1 643.19631958008 187.83462524414 33.319885253906 21.373962402344 0.80676609277725 53.660449981689 
000099 352 1216 1 813.93295288086 222.66998291016 149.67413330078 100.78424072266 0.99991381168365 13.164868354797 
000099 352 1216 1 889.95367431641 190.72378540039 72.91552734375 38.440185546875 0.99784421920776 28.796577453613 
000099 352 1216 1 678.49224853516 191.59670257568 47.998046875 28.974899291992 0.99118500947952 36.936016082764 
000099 352 1216 1 1104.4426269531 287.10329437256 341.13037109375 169.46522521973 0.98962306976318 5.576596736908 
000099 352 1216 1 643.30639648438 188.02282714844 38.7080078125 22.407287597656 0.89013755321503 57.721729278564 
000100 352 1216 1 797.75952148438 219.84220123291 138.53356933594 94.553695678711 0.99995386600494 14.610761642456 
000100 352 1216 1 1085.4916381836 292.18905639648 433.81164550781 188.52618408203 0.99913185834885 5.8223752975464 
000100 352 1216 1 886.75268554688 188.39083862305 61.28369140625 34.877990722656 0.99704378843307 31.26854133606 
000100 352 1216 1 673.01361083984 190.99726104736 47.871337890625 28.855087280273 0.99178981781006 35.582382202148 
000101 352 1216 1 784.30374145508 217.12889099121 119.59844970703 85.093292236328 0.99995088577271 15.329190254211 
000101 352 1216 1 1062.9996643066 289.86329650879 410.75628662109 185.02224731445 0.99985563755035 7.9612717628479 
000101 352 1216 1 881.07125854492 189.16506195068 64.579162597656 31.669326782227 0.99397164583206 35.228885650635 
000101 352 1216 1 667.5715637207 190.23489379883 44.828063964844 30.049987792969 0.98089110851288 42.200778961182 
000102 352 1216 1 1002.6579284668 284.93953704834 311.91998291016 181.88545227051 0.99998939037323 8.6016569137573 
000102 352 1216 1 769.36810302734 212.481300354 117.71850585938 85.552108764648 0.99945491552353 15.585224151611 
000102 352 1216 1 875.55255126953 189.91815185547 66.069213867188 27.665313720703 0.98803734779358 43.941371917725 
000102 352 1216 1 666.42138671875 190.0930480957 36.136962890625 26.527435302734 0.97752916812897 47.230007171631 
000103 352 1216 1 953.20205688477 267.545753479 271.61297607422 167.66972351074 0.99998831748962 9.5917291641235 
000103 352 1216 1 762.52493286133 210.1423034668 104.23712158203 77.667755126953 0.99982929229736 16.613470077515 
000103 352 1216 1 664.05075073242 188.25771331787 36.891174316406 24.473068237305 0.98069375753403 49.342132568359 
000103 352 1216 1 867.27490234375 188.83102416992 63.809204101562 28.15869140625 0.75757831335068 53.351421356201 
000103 352 1216 1 1213.6578369141 241.62619781494 209.41674804688 140.08512878418 0.61795032024384 11.189258575439 
000104 352 1216 1 911.16946411133 258.03212738037 225.02056884766 143.1773223877 0.99999260902405 10.446961402893 
000104 352 1216 1 749.85556030273 207.310546875 90.082458496094 72.263031005859 0.99927359819412 18.043601989746 
000104 352 1216 1 657.87902832031 187.65460205078 35.347290039062 24.382263183594 0.98520851135254 47.334125518799 
000104 352 1216 1 1148.3266601562 242.44663238525 215.33349609375 136.22026062012 0.71679621934891 11.99094581604 
000105 352 1216 1 880.96252441406 249.09264373779 199.03686523438 123.46284484863 0.99999225139618 11.742644309998 
000105 352 1216 1 738.32647705078 204.30841827393 95.182373046875 70.310745239258 0.99953269958496 18.3597240448 
000105 352 1216 1 656.60049438477 186.84375 32.784362792969 23.151306152344 0.98556476831436 46.666080474854 
000105 352 1216 1 1178.1538085938 247.79660797119 281.23364257812 117.73515319824 0.93770515918732 12.626758575439 
000106 352 1216 1 853.57015991211 240.7247543335 173.41668701172 110.44496154785 0.99997282028198 12.899971961975 
000106 352 1216 1 730.66732788086 202.67316436768 85.199645996094 64.530380249023 0.99981075525284 19.72339630127 
000106 352 1216 1 1123.1845703125 241.45263671875 274.17578125 113.50390625 0.99512732028961 12.956405639648 
000106 352 1216 1 653.17404174805 186.7039642334 29.961730957031 22.869293212891 0.93954181671143 50.445243835449 
000107 352 1216 1 830.45166015625 231.87387084961 147.0380859375 98.291015625 0.99997317790985 12.855259895325 
000107 352 1216 1 1079.1366271973 233.46968841553 254.91888427734 108.92774963379 0.99986326694489 13.012979507446 
000107 352 1216 1 725.57028198242 201.23184967041 78.233703613281 60.518905639648 0.99984169006348 20.358407974243 
000107 352 1216 1 649.6501159668 185.64610290527 27.686462402344 19.614593505859 0.95062977075577 57.362606048584 
000108 352 1216 1 812.17175292969 227.65370178223 137.52551269531 90.922943115234 0.99998342990875 14.28465461731 
000108 352 1216 1 1041.3299255371 229.60514831543 221.59625244141 100.1237487793 0.99995279312134 13.815625190735 
000108 352 1216 1 714.51898193359 198.04418182373 76.252075195312 57.768997192383 0.99965178966522 21.063642501831 
000108 352 1216 1 646.39358520508 185.54096221924 26.281188964844 20.131912231445 0.92502236366272 58.071186065674 
000108 352 1216 1 858.6891784668 188.40950775146 64.379455566406 27.49528503418 0.72644948959351 46.459281921387 
000109 352 1216 1 1005.1594238281 226.46034240723 205.01806640625 91.383575439453 0.99997889995575 14.044526100159 
000109 352 1216 1 708.27520751953 198.12368774414 67.109252929688 51.027679443359 0.99977177381516 21.976547241211 
000109 352 1216 1 796.04711914062 223.50728607178 117.27746582031 76.932815551758 0.99976402521133 15.793821334839 
000109 352 1216 1 846.2165222168 189.09370422363 70.483703613281 31.988952636719 0.99536550045013 37.37553024292 
000109 352 1216 1 644.54650878906 186.00462341309 26.468994140625 19.518310546875 0.94730013608932 56.867225646973 
000110 352 1216 1 977.1064453125 223.21943664551 182.818359375 81.934478759766 0.9999805688858 16.474565505981 
000110 352 1216 1 780.99322509766 220.58549499512 110.86291503906 69.873046875 0.99975472688675 16.506254196167 
000110 352 1216 1 702.06924438477 197.51851654053 64.856628417969 49.340042114258 0.99946802854538 22.695232391357 
000110 352 1216 1 843.59060668945 188.72539520264 84.593933105469 33.831314086914 0.99550879001617 35.236232757568 
000110 352 1216 1 642.78762817383 185.47753143311 24.435485839844 19.907485961914 0.93757665157318 55.785427093506 
000111 352 1216 1 948.88327026367 219.55714416504 160.46368408203 72.156311035156 0.99988889694214 17.81803894043 
000111 352 1216 1 698.63735961914 196.11828613281 62.328308105469 46.739196777344 0.9995025396347 24.689168930054 
000111 352 1216 1 768.58489990234 217.94860076904 107.72473144531 68.816299438477 0.99907195568085 17.610527038574 
000111 352 1216 1 841.61260986328 189.43167114258 77.837890625 32.370971679688 0.98172014951706 35.576633453369 
000111 352 1216 1 642.86032104492 183.77256774902 27.314392089844 20.222503662109 0.87684237957001 59.478229522705 
000112 352 1216 1 927.38250732422 217.05131530762 149.63623046875 67.823303222656 0.99990296363831 17.896495819092 
000112 352 1216 1 695.47717285156 195.12712097168 60.638671875 43.883087158203 0.99949157238007 26.676345825195 
000112 352 1216 1 761.25277709961 215.80142974854 92.454162597656 63.036483764648 0.99898916482925 19.107730865479 
000112 352 1216 1 839.66024780273 187.71640014648 70.942199707031 28.889251708984 0.98759263753891 40.749755859375 
000113 352 1216 1 909.01055908203 213.10890960693 142.66796875 59.479507446289 0.99967789649963 20.441263198853 
000113 352 1216 1 691.75549316406 194.26699829102 56.954833984375 41.621337890625 0.99945050477982 27.741765975952 
000113 352 1216 1 749.24423217773 209.94243621826 78.466857910156 52.006484985352 0.99797159433365 20.820837020874 
000113 352 1216 1 835.37316894531 187.37973022461 62.061645507812 29.880645751953 0.99145221710205 38.645820617676 
000114 352 1216 1 891.82250976562 209.78323364258 131.08935546875 59.886566162109 0.99973207712173 21.017766952515 
000114 352 1216 1 737.95321655273 208.62035369873 72.630554199219 52.232955932617 0.99885249137878 21.706825256348 
000114 352 1216 1 684.85745239258 193.9534072876 54.278869628906 37.30989074707 0.99774640798569 29.505540847778 
000114 352 1216 1 831.67260742188 188.01333618164 64.600341796875 29.948120117188 0.9152255654335 38.453948974609 
000115 352 1216 1 871.73733520508 206.51385498047 123.20660400391 53.400207519531 0.99895060062408 23.139095306396 
000115 352 1216 1 727.81216430664 205.47593688965 70.656188964844 50.017303466797 0.99839514493942 23.940019607544 
000115 352 1216 1 680.91937255859 193.83460235596 52.97509765625 35.186996459961 0.99466681480408 30.627391815186 
000116 352 1216 1 860.19119262695 203.93327331543 112.72869873047 54.693664550781 0.9991614818573 22.842754364014 
000116 352 1216 1 725.32177734375 203.95883178711 65.632202148438 48.032318115234 0.99896728992462 25.268007278442 
000116 352 1216 1 678.37353515625 191.97184753418 49.21826171875 34.101104736328 0.99458175897598 30.401414871216 
000117 352 1216 1 847.60992431641 202.05480194092 102.99829101562 49.191207885742 0.99912625551224 24.344655990601 
000117 352 1216 1 715.78732299805 201.84516143799 63.618347167969 45.589340209961 0.99820423126221 25.657835006714 
000117 352 1216 1 672.76498413086 192.4376373291 41.818542480469 31.513519287109 0.99083250761032 31.221687316895 
000118 352 1216 1 702.86328125 198.14382171631 56.505737304688 39.247848510742 0.99805510044098 26.695928573608 
000118 352 1216 1 833.62359619141 199.13624572754 87.477416992188 45.630187988281 0.99691027402878 26.157743453979 
000118 352 1216 1 667.1819152832 189.98728942871 41.716979980469 30.554443359375 0.99216884374619 30.381958007812 
000119 352 1216 1 826.87414550781 198.25904083252 87.830200195312 48.73258972168 0.9994290471077 23.844932556152 
000119 352 1216 1 698.82730102539 196.98969268799 55.072937011719 42.487319946289 0.99803847074509 26.141689300537 
000119 352 1216 1 664.8537902832 189.95997619629 41.781188964844 31.383575439453 0.99096572399139 36.777839660645 
000120 352 1216 1 814.60009765625 196.80269622803 86.251586914062 43.665908813477 0.99940168857574 25.977199554443 
000120 352 1216 1 692.27807617188 196.36349487305 52.447387695312 38.269927978516 0.99753224849701 29.536373138428 
000120 352 1216 1 663.21133422852 188.86895751953 39.767639160156 29.028442382812 0.99306738376617 37.778835296631 
000121 352 1216 1 804.21209716797 195.54792022705 81.66064453125 42.752639770508 0.99862766265869 26.915948867798 
000121 352 1216 1 690.59832763672 195.59230804443 52.248779296875 38.582229614258 0.99788397550583 30.678779602051 
000121 352 1216 1 661.61373901367 187.58499145508 38.345886230469 27.235107421875 0.99582988023758 40.833583831787 
000122 352 1216 1 806.47579956055 193.72733306885 76.852844238281 39.005874633789 0.99846565723419 28.831644058228 
000122 352 1216 1 666.63177490234 189.53513336182 38.549926757812 27.943130493164 0.99469083547592 43.048885345459 
000122 352 1216 1 696.14147949219 195.62924957275 48.620849609375 37.177322387695 0.99420219659805 33.091697692871 
000123 352 1216 1 806.63604736328 192.11773681641 72.521240234375 38.288604736328 0.99893146753311 29.430973052979 
000123 352 1216 1 682.25283813477 193.43758392334 44.211730957031 30.28938293457 0.98952686786652 35.554077148438 
000123 352 1216 1 658.39562988281 187.81716156006 36.426879882812 23.959030151367 0.98772984743118 46.024318695068 
000124 352 1216 1 792.10229492188 191.88837432861 69.749633789062 38.282608032227 0.99544829130173 31.060258865356 
000124 352 1216 1 836.39532470703 186.17440795898 73.512573242188 31.92822265625 0.99003428220749 40.750259399414 
000124 352 1216 1 676.71194458008 192.33012390137 42.392761230469 27.448181152344 0.9873708486557 36.329490661621 
000124 352 1216 1 651.75244140625 187.330078125 36.011840820312 21.764312744141 0.92738151550293 50.234489440918 
000125 352 1216 1 773.75564575195 192.45443725586 64.590881347656 34.892181396484 0.99386602640152 32.801712036133 
000125 352 1216 1 832.90048217773 187.60774230957 71.268005371094 31.951995849609 0.9921817779541 41.629402160645 
000125 352 1216 1 670.39419555664 191.85771942139 40.838806152344 25.742782592773 0.99162697792053 37.759880065918 
000125 352 1216 1 647.98370361328 188.05995178223 35.791625976562 21.919403076172 0.74777293205261 52.71049118042 
000126 352 1216 1 831.71801757812 187.46625518799 73.91162109375 32.395248413086 0.99368613958359 37.682586669922 
000126 352 1216 1 765.44030761719 192.32648468018 62.633422851562 34.775192260742 0.99217188358307 34.546787261963 
000126 352 1216 1 667.57751464844 190.76510620117 40.276245117188 24.767547607422 0.98993158340454 38.896396636963 
000127 352 1216 1 669.05377197266 190.3596572876 42.042602539062 27.06608581543 0.99485814571381 38.230648040771 
000127 352 1216 1 830.28692626953 187.40339660645 74.467407226562 33.667388916016 0.99427658319473 35.850566864014 
000127 352 1216 1 761.1520690918 190.89685058594 58.128601074219 34.161590576172 0.99179488420486 34.897022247314 
000128 352 1216 1 758.97009277344 189.47693634033 55.705810546875 33.027938842773 0.99649733304977 35.446918487549 
000128 352 1216 1 831.05670166016 187.22754669189 72.645141601562 32.431503295898 0.99067384004593 35.982707977295 
000128 352 1216 1 666.90481567383 190.69909667969 41.771423339844 27.88916015625 0.99025058746338 43.750827789307 
000129 352 1216 1 751.52072143555 189.56035614014 54.100769042969 30.77555847168 0.9904380440712 38.721218109131 
000129 352 1216 1 666.68087768555 190.18076324463 39.055480957031 24.808853149414 0.98692119121552 46.763355255127 
000129 352 1216 1 830.28463745117 187.26178741455 69.795715332031 32.507125854492 0.98567479848862 36.805469512939 
000129 352 1216 1 1085.232208252 224.03861999512 243.72259521484 137.63064575195 0.903813123703 12.482780456543 
000130 352 1216 1 745.41949462891 189.169921875 44.112426757812 27.895050048828 0.98502951860428 40.198341369629 
000130 352 1216 1 830.23782348633 187.16667175293 70.071228027344 32.503967285156 0.98148959875107 37.081226348877 
000130 352 1216 1 664.02386474609 189.90234375 32.01904296875 23.240844726562 0.97662234306335 50.088325500488 
000130 352 1216 1 1046.685546875 220.7624130249 229.62963867188 131.34931945801 0.93015766143799 12.05074596405 
000131 352 1216 1 736.30389404297 187.81661987305 41.766357421875 27.513061523438 0.96858406066895 41.783107757568 
000131 352 1216 1 830.15130615234 187.11943054199 66.012939453125 31.495849609375 0.96409797668457 36.848560333252 
000131 352 1216 1 661.1110534668 190.18499755859 30.875061035156 21.733276367188 0.93861776590347 51.340503692627 
000131 352 1216 1 1010.7684326172 216.66970062256 207.24145507812 120.8286895752 0.76673018932343 13.464110374451 
000132 352 1216 1 732.28024291992 187.39227294922 42.260803222656 26.602416992188 0.98603165149689 46.107776641846 
000132 352 1216 1 657.59982299805 189.69096374512 33.433532714844 22.596954345703 0.9566752910614 51.474826812744 
000132 352 1216 1 830.08779907227 186.72402191162 65.184143066406 30.53938293457 0.92394411563873 37.426090240479 
000133 352 1216 1 729.91015625 187.12934112549 41.916137695312 26.903732299805 0.98823976516724 46.090225219727 
000133 352 1216 1 657.08203125 190.07507324219 33.067626953125 21.451171875 0.96064847707748 52.157405853271 
000133 352 1216 1 829.25344848633 186.9128112793 62.523010253906 30.573669433594 0.95244801044464 37.751327514648 
000134 352 1216 1 727.81997680664 186.9493560791 41.022033691406 26.477386474609 0.99413055181503 45.516605377197 
000134 352 1216 1 652.0729675293 187.71824645996 32.056701660156 20.215057373047 0.97069507837296 54.115600585938 
000134 352 1216 1 828.27621459961 186.00882720947 54.035949707031 27.11262512207 0.90485262870789 38.005981445312 
000135 352 1216 1 722.84927368164 186.41767120361 41.611267089844 24.740829467773 0.9949141740799 47.121280670166 
000135 352 1216 1 652.00881958008 187.68202972412 31.000549316406 21.194931030273 0.9656594991684 51.686511993408 
000136 352 1216 1 717.14031982422 186.5492401123 39.724487304688 25.058135986328 0.98418831825256 44.993854522705 
000136 352 1216 1 648.38565063477 187.8189163208 30.633972167969 18.58171081543 0.96516764163971 55.846950531006 
000137 352 1216 1 713.07284545898 186.0319519043 34.426818847656 22.989868164062 0.98807400465012 48.958236694336 
000137 352 1216 1 643.20306396484 187.00010681152 32.440795898438 18.339263916016 0.93916422128677 57.872741699219 
000138 352 1216 1 709.33709716797 185.19467163086 40.208618164062 24.598999023438 0.98141175508499 46.177249908447 
000138 352 1216 1 639.99594116211 185.81743621826 35.569152832031 18.731063842773 0.94994747638702 56.397533416748 
000138 352 1216 1 856.58666992188 193.60766601562 109.38891601562 74.295501708984 0.66019749641418 19.247497558594 
000139 352 1216 1 703.58813476562 185.51229095459 37.428344726562 24.234024047852 0.99426501989365 46.317817687988 
000139 352 1216 1 637.79650878906 185.88401031494 35.968139648438 18.981674194336 0.88029152154922 58.024765014648 
000139 352 1216 1 828.94055175781 196.43825531006 82.387329101562 60.945236206055 0.68005704879761 21.629501342773 
000140 352 1216 1 699.80978393555 186.08372497559 37.970275878906 25.099456787109 0.98684328794479 52.886619567871 
000140 352 1216 1 639.25970458984 186.43620300293 34.879516601562 19.775634765625 0.83732604980469 57.791622161865 
000140 352 1216 1 826.22821044922 193.92116546631 91.951171875 63.518600463867 0.68468070030212 21.48876953125 
000141 352 1216 1 697.66622924805 186.48522949219 36.844665527344 24.497039794922 0.98259496688843 55.102527618408 
000141 352 1216 1 637.26538085938 185.4807510376 36.1689453125 19.885208129883 0.93700516223907 58.726543426514 
000141 352 1216 1 823.55682373047 189.71784973145 77.4892578125 58.458221435547 0.84312438964844 22.731727600098 
000142 352 1216 1 696.43963623047 186.08016204834 35.019897460938 23.196914672852 0.98581576347351 56.25602722168 
000142 352 1216 1 806.23837280273 190.33683776855 79.227844238281 52.113739013672 0.91854071617126 23.615051269531 
000142 352 1216 1 636.52984619141 185.90813446045 33.722045898438 18.852981567383 0.8691645860672 61.370239257812 
000143 352 1216 1 696.01870727539 185.19574737549 35.587707519531 23.257827758789 0.99344998598099 57.338283538818 
000143 352 1216 1 808.93276977539 190.13948822021 73.462219238281 44.593338012695 0.91896587610245 39.255859375 
000143 352 1216 1 635.0866394043 185.30360412598 34.242980957031 19.568603515625 0.89607125520706 60.75297164917 
000144 352 1216 1 821.35504150391 187.58707427979 67.328002929688 38.152481079102 0.98953920602798 37.977226257324 
000144 352 1216 1 692.58474731445 184.07179260254 33.877624511719 22.814727783203 0.98208409547806 55.470008850098 
000144 352 1216 1 785.99081420898 190.876953125 78.416198730469 49.395660400391 0.65736252069473 25.342473983765 
000145 352 1216 1 826.46865844727 187.27265930176 65.945739746094 37.94140625 0.99388098716736 29.567483901978 
000145 352 1216 1 688.28375244141 184.30513000488 31.538330078125 21.680114746094 0.97903376817703 56.161815643311 
000145 352 1216 1 774.45718383789 189.14626312256 80.237365722656 53.811111450195 0.76615703105927 26.09499168396 
000146 352 1216 1 830.13488769531 186.36293029785 62.802124023438 33.552398681641 0.99667918682098 32.15735244751 
000146 352 1216 1 684.14971923828 183.64303588867 29.76904296875 21.223999023438 0.98479872941971 54.817428588867 
000146 352 1216 1 771.52102661133 187.0806350708 74.129821777344 46.961471557617 0.73756664991379 28.809633255005 
000147 352 1216 1 830.14813232422 186.78282928467 66.385498046875 32.519149780273 0.99530857801437 34.187389373779 
000147 352 1216 1 683.02740478516 182.30595397949 30.780639648438 22.182037353516 0.9819615483284 51.998481750488 
000147 352 1216 1 761.45315551758 189.58757019043 70.787902832031 47.972869873047 0.82359117269516 27.909721374512 
000148 352 1216 1 830.04824829102 187.12734222412 67.615905761719 32.331558227539 0.99259972572327 35.495059967041 
000148 352 1216 1 679.7428894043 182.96743774414 29.695739746094 21.157531738281 0.97615325450897 54.334159851074 
000149 352 1216 1 828.65838623047 186.52813720703 68.90283203125 34.093536376953 0.9905024766922 35.706321716309 
000149 352 1216 1 676.77923583984 182.48645782471 27.609130859375 19.12483215332 0.9683900475502 55.865543365479 
000150 352 1216 1 828.7658996582 186.95561218262 66.374084472656 33.376922607422 0.9757376909256 36.5998878479 
000150 352 1216 1 675.02801513672 181.92937469482 25.828369140625 17.513290405273 0.95682859420776 55.461006164551 
000150 352 1216 1 741.70874023438 184.71535491943 55.778564453125 35.707138061523 0.71835631132126 34.47957611084 
000151 352 1216 1 829.51458740234 186.86919403076 67.6572265625 32.790908813477 0.97686702013016 36.724346160889 
000151 352 1216 1 672.65496826172 181.85317230225 30.061157226562 16.901504516602 0.92301505804062 55.954486846924 
000151 352 1216 1 738.08712768555 182.6350402832 61.364685058594 35.939392089844 0.77986645698547 37.086166381836 
000152 352 1216 1 827.89678955078 186.42628479004 62.604248046875 31.85400390625 0.98755192756653 36.504417419434 
000152 352 1216 1 733.37152099609 184.23612976074 57.335205078125 36.251739501953 0.94159585237503 37.599151611328 
000153 352 1216 1 827.89358520508 186.41728973389 66.617736816406 33.343307495117 0.96849983930588 36.413314819336 
000154 352 1216 1 827.23831176758 186.91526794434 65.867858886719 33.143859863281 0.9781259894371 37.483631134033 
000154 352 1216 1 725.65313720703 183.20495605469 49.732055664062 37.814880371094 0.73201668262482 37.202991485596 
000155 352 1216 1 828.61666870117 186.82424163818 69.227233886719 31.899551391602 0.95964276790619 39.275932312012 
000155 352 1216 1 721.52288818359 182.84954833984 49.141967773438 35.457611083984 0.92402338981628 37.722766876221 
000156 352 1216 1 825.96234130859 187.4079208374 68.2919921875 30.847854614258 0.9626858830452 41.276802062988 
000156 352 1216 1 715.90563964844 183.53604888916 43.697631835938 30.799240112305 0.75993800163269 40.896221160889 
000157 352 1216 1 825.00079345703 187.0735168457 70.4482421875 31.768310546875 0.98907041549683 41.231494903564 
000157 352 1216 1 713.40795898438 181.61936187744 42.4013671875 29.393630981445 0.85357654094696 41.392066955566 
000158 352 1216 1 822.51025390625 187.07566833496 69.50341796875 31.412689208984 0.99567848443985 42.169692993164 
000158 352 1216 1 707.72631835938 180.83267211914 41.939453125 28.509063720703 0.75610226392746 42.510288238525 
000159 352 1216 1 821.39120483398 187.24245452881 63.039978027344 29.960372924805 0.99512803554535 42.73267364502 
000159 352 1216 1 706.34243774414 181.31797790527 44.775451660156 28.605194091797 0.91393411159515 41.144424438477 
000160 352 1216 1 817.62933349609 187.17065429688 68.07958984375 29.106353759766 0.99594324827194 43.976528167725 
000160 352 1216 1 701.30627441406 182.94747161865 42.565307617188 27.785079956055 0.92987996339798 51.261260986328 
000161 352 1216 1 812.70794677734 186.80672454834 62.53857421875 27.123153686523 0.98300212621689 47.123687744141 
000161 352 1216 1 698.02993774414 182.12786865234 37.654357910156 26.493469238281 0.89759904146194 51.921146392822 
000162 352 1216 1 810.4250793457 187.30424499512 61.369445800781 26.609771728516 0.98858857154846 46.145141601562 
000162 352 1216 1 697.01449584961 183.90445709229 35.929992675781 23.60090637207 0.84597492218018 56.113960266113 
000163 352 1216 1 805.08721923828 186.93315124512 60.459228515625 26.970336914062 0.97376257181168 46.914752960205 
000163 352 1216 1 695.29580688477 182.32805633545 32.825622558594 22.611526489258 0.93780094385147 58.299758911133 
000164 352 1216 1 802.13125610352 186.54418182373 63.379455566406 28.35319519043 0.97903877496719 44.644107818604 
000164 352 1216 1 692.90731811523 182.857421875 31.745300292969 21.503326416016 0.85707896947861 60.738986968994 
000165 352 1216 1 798.12115478516 187.05780029297 60.585205078125 28.443176269531 0.98875510692596 42.171947479248 
000165 352 1216 1 689.41854858398 182.13942718506 31.318908691406 21.470932006836 0.93191564083099 59.554840087891 
000166 352 1216 1 796.40029907227 186.79940795898 56.856140136719 27.577758789062 0.98912060260773 44.556339263916 
000166 352 1216 1 684.27767944336 180.97899627686 31.772766113281 22.035659790039 0.93181908130646 56.55277633667 
000167 352 1216 1 792.81942749023 186.78060913086 57.839904785156 26.645538330078 0.98933637142181 46.7297706604 
000168 352 1216 1 790.4176940918 186.84310913086 59.677062988281 27.785522460938 0.99322754144669 47.396156311035 
000169 352 1216 1 785.54452514648 186.56831359863 53.045837402344 24.406280517578 0.98303323984146 48.217708587646 
000169 352 1216 1 675.11437988281 179.9585723877 27.964599609375 19.799438476562 0.74046355485916 56.146892547607 
000170 352 1216 1 783.28723144531 186.10162353516 52.738525390625 23.797637939453 0.96992725133896 46.766304016113 
000170 352 1216 1 674.93453979492 179.79248809814 28.663513183594 19.372543334961 0.73467814922333 54.021640777588 
000171 352 1216 1 776.36779785156 186.56691741943 48.231323242188 22.15885925293 0.9687066078186 46.751064300537 
000172 352 1216 1 772.1457824707 186.34632873535 52.337829589844 23.713806152344 0.93586927652359 47.507347106934 
000173 352 1216 1 765.85763549805 186.73611450195 50.960998535156 24.572235107422 0.93265873193741 48.750045776367 
000173 352 1216 1 667.19046020508 179.07301330566 30.141662597656 18.847381591797 0.88763982057571 62.961505889893 
000174 352 1216 1 762.44436645508 186.38540649414 49.829406738281 26.878387451172 0.9779606461525 43.431495666504 
000174 352 1216 1 665.38772583008 177.10353088379 28.067199707031 19.205749511719 0.86722964048386 66.212348937988 
000174 352 1216 1 506.7717590332 175.81258392334 20.786315917969 18.279769897461 0.63128912448883 62.430946350098 
000175 352 1216 1 759.97079467773 186.49689483643 51.315734863281 27.528945922852 0.99190068244934 43.081851959229 
000175 352 1216 1 664.44638061523 178.06188201904 25.777282714844 18.407028198242 0.87012177705765 68.59220123291 
000176 352 1216 1 757.0615234375 185.98352813721 50.784423828125 26.50910949707 0.99072158336639 44.474674224854 
000176 352 1216 1 664.32974243164 177.45777893066 26.625793457031 18.586639404297 0.9010317325592 68.529609680176 
000177 352 1216 1 752.86047363281 185.5315322876 43.4169921875 23.798080444336 0.95900350809097 45.716102600098 
000177 352 1216 1 664.39202880859 178.02182769775 24.120971679688 17.227981567383 0.91591089963913 72.517166137695 
000178 352 1216 1 748.26565551758 185.23592376709 38.671569824219 21.849136352539 0.93403226137161 45.489685058594 
000179 352 1216 1 743.61825561523 186.77124786377 34.711608886719 21.103225708008 0.94554394483566 47.162040710449 
000179 352 1216 1 501.65316772461 175.67445373535 17.668762207031 15.976226806641 0.65848398208618 68.014450073242 
000180 352 1216 1 736.65399169922 184.83770751953 31.248657226562 20.648559570312 0.87497240304947 49.455074310303 
000181 352 1216 1 734.72579956055 184.80059814453 37.958068847656 21.234161376953 0.87350535392761 52.32048034668 
000182 352 1216 1 729.57470703125 184.79035186768 42.646606445312 23.737777709961 0.94363683462143 51.175918579102 
000183 352 1216 1 728.66983032227 186.3809967041 44.224670410156 26.873474121094 0.98514842987061 46.229541778564 
000184 352 1216 1 727.86093139648 186.37877655029 42.347595214844 26.323501586914 0.99286580085754 46.826499938965 
000185 352 1216 1 724.93124389648 187.21656036377 39.198303222656 25.938888549805 0.98219186067581 46.429382324219 
000186 352 1216 1 720.68579101562 186.85964202881 36.919677734375 23.961624145508 0.96841007471085 46.046340942383 
000187 352 1216 1 716.4609375 187.22367858887 35.01611328125 23.344909667969 0.9694544672966 46.983280181885 
000188 352 1216 1 711.50299072266 187.77431488037 32.60986328125 22.876266479492 0.97187829017639 46.608547210693 
000189 352 1216 1 711.33343505859 189.49885559082 33.537109375 22.992218017578 0.97772842645645 43.471038818359 
000190 352 1216 1 704.45880126953 189.60190582275 38.345092773438 24.466598510742 0.98707085847855 46.179138183594 
000190 352 1216 1 489.46241760254 183.2826385498 19.354095458984 18.712921142578 0.65425509214401 52.142944335938 
000191 352 1216 1 700.52377319336 190.3949432373 40.898620605469 25.681884765625 0.9674426317215 50.324043273926 
000191 352 1216 1 486.48114013672 184.15596008301 22.644104003906 19.054748535156 0.79164892435074 53.355339050293 
000192 352 1216 1 697.63824462891 190.19947052002 38.388671875 25.461166381836 0.97631102800369 52.099895477295 
000193 352 1216 1 694.43218994141 191.80435943604 34.33447265625 23.673294067383 0.95392221212387 52.752784729004 
000193 352 1216 1 478.3249206543 185.63537597656 24.539489746094 23.435791015625 0.67822706699371 50.1051902771 
000194 352 1216 1 476.1653137207 187.5545501709 22.459655761719 22.871856689453 0.84989809989929 56.332130432129 
000194 352 1216 1 690.42352294922 191.57858276367 31.72314453125 22.118927001953 0.84834307432175 50.20516204834 
000195 352 1216 1 683.92977905273 191.5094909668 31.325256347656 23.521789550781 0.92055106163025 48.561630249023 
000195 352 1216 1 473.95027160645 188.03103637695 24.750823974609 23.417205810547 0.91845291852951 56.03483581543 
000196 352 1216 1 472.82641601562 188.16624450684 25.258117675781 23.191619873047 0.87961441278458 51.096248626709 
000196 352 1216 1 680.46560668945 191.73436737061 29.708801269531 19.05793762207 0.83268356323242 51.982704162598 
000197 352 1216 1 677.78646850586 193.1407699585 28.199035644531 18.639419555664 0.97099721431732 49.912536621094 
000197 352 1216 1 468.57009887695 189.48458862305 27.233520507812 23.659423828125 0.74482691287994 49.790977478027 
000198 352 1216 1 671.25128173828 193.97958374023 35.069702148438 24.813232421875 0.98156732320786 49.455219268799 
000198 352 1216 1 464.20799255371 189.3907699585 26.113983154297 21.533554077148 0.82369846105576 44.936107635498 
000199 352 1216 1 667.80279541016 193.50763702393 35.466796875 25.251510620117 0.99168288707733 46.704330444336 
000200 352 1216 1 666.04357910156 194.47998046875 29.30859375 22.994110107422 0.99074417352676 50.304599761963 
000201 352 1216 1 663.07327270508 195.28845214844 26.262878417969 19.761901855469 0.98105579614639 54.466339111328 
000201 352 1216 1 448.43212890625 191.09619140625 27.400756835938 17.738159179688 0.73706781864166 44.94607925415 
000202 352 1216 1 658.34658813477 195.4948348999 25.461730957031 20.730911254883 0.97237455844879 53.639125823975 
000202 352 1216 1 443.1319732666 190.58221435547 30.484954833984 24.460906982422 0.91873580217361 45.053279876709 
000203 352 1216 1 655.30892944336 192.8616027832 30.423400878906 20.635314941406 0.96795469522476 51.595291137695 
000203 352 1216 1 442.64462280273 189.47692871094 28.048278808594 22.164093017578 0.71813428401947 52.664836883545 
000204 352 1216 1 652.5856628418 191.06819915771 32.207580566406 21.649154663086 0.95928436517715 53.697132110596 
000205 352 1216 1 649.31573486328 190.4380569458 27.263061523438 19.37126159668 0.96823042631149 52.973930358887 
000205 352 1216 1 434.17080688477 189.59204101562 30.258056640625 22.849395751953 0.84094679355621 45.109256744385 
000206 352 1216 1 647.20092773438 189.34056854248 28.47412109375 19.211715698242 0.96884524822235 54.343212127686 
000207 352 1216 1 647.35409545898 188.14019775391 28.648132324219 19.6279296875 0.97355586290359 51.54780960083 
000208 352 1216 1 645.12408447266 187.65535736084 32.11083984375 21.066360473633 0.95442777872086 51.801204681396 
000209 352 1216 1 644.22357177734 188.09216308594 31.138305664062 22.651062011719 0.87911814451218 52.365989685059 
000210 352 1216 1 648.73092651367 187.93949127197 27.140563964844 20.761215209961 0.8978191614151 57.452777862549 
000211 352 1216 1 649.38876342773 190.31504058838 25.251647949219 21.299575805664 0.86964339017868 56.262874603271 
000212 352 1216 1 653.90927124023 188.33811950684 25.007141113281 19.814880371094 0.84172296524048 55.969470977783 
000213 352 1216 1 663.81576538086 187.83822631836 26.426574707031 18.997802734375 0.91312336921692 61.623737335205 
000213 352 1216 1 432.16976928711 189.62940979004 36.521728515625 23.326934814453 0.70334070920944 41.813526153564 
000214 352 1216 1 668.65310668945 186.9334487915 31.553405761719 21.592300415039 0.95176422595978 55.766468048096 
000215 352 1216 1 677.01510620117 187.51953887939 26.495300292969 20.054824829102 0.92424273490906 58.811698913574 
000216 352 1216 1 694.2321472168 187.01587677002 27.179260253906 19.291580200195 0.95972812175751 60.731513977051 
000217 352 1216 1 705.82208251953 185.76426696777 28.356811523438 19.432067871094 0.94627815485001 54.65238571167 
000218 352 1216 1 726.18374633789 184.22946929932 28.070129394531 19.573806762695 0.91471123695374 60.428401947021 
000220 352 1216 1 762.90740966797 180.06824493408 25.128173828125 20.303756713867 0.86327338218689 57.271701812744 
000221 352 1216 1 790.23175048828 179.94024658203 22.529663085938 19.02685546875 0.8141371011734 65.691612243652 
000223 352 1216 1 848.80444335938 175.2156829834 22.962036132812 20.757385253906 0.74573963880539 61.768226623535 
000224 352 1216 2 16.410366594791 187.56848144531 30.172289729118 62.746124267578 0.84706264734268 23.938444137573 
000228 352 1216 1 1018.9531860352 176.30068206787 29.356323242188 19.744277954102 0.84319108724594 63.448127746582 
000229 352 1216 1 1061.5617675781 174.23455810547 30.421630859375 19.409271240234 0.75713461637497 61.287200927734 
000230 352 1216 1 1112.1366577148 171.58308410645 34.861694335938 21.657409667969 0.9652436375618 55.408786773682 
000231 352 1216 1 1162.7435302734 168.36694335938 31.618408203125 20.549011230469 0.80347234010696 56.013725280762 
000251 352 1216 2 271.71141815186 176.59434127808 78.925796508789 103.95566558838 0.79475331306458 12.095029830933 
