000000 352 1216 1 641.49551391602 205.79554748535 77.382629394531 61.355285644531 0.99860686063766 21.663452148438 
000000 352 1216 1 369.56890869141 193.73207092285 48.304565429688 27.718505859375 0.99428904056549 41.54248046875 
000000 352 1216 1 441.44493103027 190.42381286621 35.037017822266 24.340057373047 0.97831761837006 48.292469024658 
000001 352 1216 1 638.47583007812 205.68288421631 78.902709960938 61.520065307617 0.99912697076797 21.229951858521 
000001 352 1216 1 360.14852905273 194.03760528564 48.827758789062 25.929885864258 0.98776054382324 41.798110961914 
000001 352 1216 1 436.66246032715 191.93308258057 41.345550537109 26.687759399414 0.97449761629105 44.999500274658 
000002 352 1216 1 635.99957275391 207.45025634766 81.916015625 62.9638671875 0.99926465749741 21.165966033936 
000002 352 1216 1 348.8757019043 194.86832427979 51.541442871094 30.676132202148 0.99718105792999 38.223163604736 
000002 352 1216 1 425.15495300293 194.10219573975 46.953460693359 26.786331176758 0.98865896463394 41.774341583252 
000003 352 1216 1 632.75051879883 210.0552520752 78.650817871094 59.636749267578 0.9995488524437 21.387487411499 
000003 352 1216 1 340.67607116699 199.14528656006 55.150604248047 32.680160522461 0.99868899583817 35.715877532959 
000003 352 1216 1 415.66767883301 197.70847320557 51.279693603516 34.899765014648 0.99760180711746 37.511085510254 
000004 352 1216 1 407.93797302246 199.81638336182 58.508697509766 40.129104614258 0.99971359968185 31.092527389526 
000004 352 1216 1 630.52893066406 209.68795013428 73.1591796875 57.78010559082 0.99920207262039 20.902656555176 
000004 352 1216 1 323.6316986084 200.18457794189 61.377777099609 35.493576049805 0.9951559305191 34.388866424561 
000005 352 1216 1 309.15324401855 202.8561630249 65.099945068359 38.341720581055 0.99986374378204 32.368278503418 
000005 352 1216 1 390.48956298828 201.96799468994 67.08837890625 37.55891418457 0.99981981515884 31.280488967896 
000005 352 1216 1 627.48492431641 209.84969329834 72.197265625 58.143936157227 0.99952733516693 20.403591156006 
000006 352 1216 1 373.22077941895 207.27041625977 82.698333740234 47.292572021484 0.99982857704163 27.32580947876 
000006 352 1216 1 625.67608642578 210.00703430176 74.149047851562 59.519897460938 0.99922215938568 20.694904327393 
000006 352 1216 1 289.95606231689 204.84649658203 75.187911987305 41.536376953125 0.99737751483917 33.201171875 
000007 352 1216 1 342.94081115723 212.97438812256 97.646820068359 49.383407592773 0.99967563152313 25.334896087646 
000007 352 1216 1 266.30689239502 208.33386993408 86.244003295898 40.932571411133 0.99911028146744 32.602973937988 
000007 352 1216 1 621.87213134766 210.99433898926 70.0927734375 58.519409179688 0.99878233671188 20.574529647827 
000008 352 1216 1 289.56497955322 218.24807739258 110.00608825684 53.654113769531 0.99988007545471 21.811117172241 
000008 352 1216 1 232.21701049805 211.59943389893 98.586730957031 45.855484008789 0.9994370341301 28.207639694214 
000008 352 1216 1 617.33087158203 211.91774749756 67.437377929688 56.159744262695 0.99837779998779 20.827447891235 
000009 352 1216 1 241.22327423096 221.03383636475 133.05229187012 61.160629272461 0.99983906745911 20.055912017822 
000009 352 1216 1 614.5390625 212.03564453125 65.107055664062 55.243072509766 0.99634367227554 21.153650283813 
000010 352 1216 1 188.67156219482 229.39812469482 180.7569732666 80.923965454102 0.99993586540222 16.821062088013 
000010 352 1216 1 612.44393920898 211.37189483643 66.923400878906 55.24870300293 0.99704712629318 20.876132965088 
000011 352 1216 1 113.62650609016 247.28063201904 240.28135061264 110.07612609863 0.99892336130142 14.002206802368 
000011 352 1216 1 610.23254394531 209.20328521729 66.041625976562 56.284805297852 0.99658966064453 20.39402961731 
000012 352 1216 1 607.80807495117 207.88941192627 66.750915527344 55.189529418945 0.99600178003311 21.153499603271 
000012 352 1216 1 38.228713989258 252.81871795654 171.16270446777 139.69813537598 0.83261954784393 12.471697807312 
000013 352 1216 1 604.3366394043 209.3371963501 63.455383300781 54.425430297852 0.99848109483719 21.420845031738 
000014 352 1216 1 603.50671386719 208.50859832764 63.011108398438 55.561294555664 0.99923145771027 21.398834228516 
000015 352 1216 1 602.92041015625 207.84356689453 63.996215820312 55.531890869141 0.99906486272812 21.691131591797 
000016 352 1216 1 600.64105224609 207.71579742432 62.376831054688 54.945602416992 0.99948126077652 22.105142593384 
000017 352 1216 1 598.64508056641 207.17276000977 63.430908203125 54.771759033203 0.99962663650513 22.093730926514 
000018 352 1216 1 598.0774230957 206.1104888916 63.796813964844 59.320892333984 0.99972945451736 21.360794067383 
000019 352 1216 1 596.69815063477 205.54479980469 64.191955566406 59.260925292969 0.99971467256546 21.408351898193 
000020 352 1216 1 593.9905090332 206.75482177734 62.416564941406 59.378479003906 0.99928683042526 21.78519821167 
000021 352 1216 1 593.81463623047 207.25958251953 63.402099609375 59.682220458984 0.999103307724 21.56371307373 
000022 352 1216 1 592.17340087891 207.46252441406 59.596069335938 58.198303222656 0.99840849637985 21.716968536377 
000023 352 1216 1 591.26556396484 206.55262756348 59.571411132812 58.953063964844 0.99854844808578 21.739097595215 
000024 352 1216 1 590.41976928711 206.3147354126 61.729919433594 59.962753295898 0.99920409917831 21.053115844727 
000025 352 1216 1 589.65365600586 202.64751434326 59.956481933594 57.677139282227 0.9990326166153 22.080097198486 
000026 352 1216 1 592.79608154297 202.66577911377 62.899658203125 57.842300415039 0.99952864646912 22.613759994507 
000027 352 1216 1 594.3141784668 202.6584777832 62.690246582031 58.35791015625 0.99966025352478 22.018407821655 
000028 352 1216 1 596.9225769043 202.13486480713 65.961120605469 60.285140991211 0.99979323148727 21.169651031494 
000029 352 1216 1 598.279296875 202.75369262695 66.654541015625 58.129608154297 0.99983012676239 21.468738555908 
000030 352 1216 1 598.72143554688 202.55595397949 65.827392578125 59.096710205078 0.99977749586105 21.262275695801 
000031 352 1216 1 599.994140625 201.98941040039 63.001831054688 56.292205810547 0.99970108270645 21.844797134399 
000032 352 1216 1 600.2663269043 204.37066650391 61.343078613281 53.736114501953 0.99923408031464 22.514808654785 
000033 352 1216 1 601.65930175781 204.57549285889 59.551879882812 52.201553344727 0.99966323375702 23.049020767212 
000034 352 1216 1 602.95062255859 205.07086181641 57.149780273438 53.084289550781 0.99891555309296 22.490209579468 
000035 352 1216 1 603.29501342773 205.77001953125 58.022644042969 53.909332275391 0.999332010746 22.367935180664 
000036 352 1216 1 603.01248168945 203.16086578369 54.738342285156 51.80973815918 0.99951362609863 22.277652740479 
000037 352 1216 1 602.94195556641 202.95052337646 54.642211914062 51.208084106445 0.99919503927231 22.584936141968 
000038 352 1216 1 603.43585205078 202.99460601807 54.490478515625 50.344345092773 0.99923837184906 22.803682327271 
000039 352 1216 1 603.43124389648 203.04957580566 53.475036621094 49.910583496094 0.99950361251831 22.819435119629 
000040 352 1216 1 603.39331054688 203.10632324219 51.81005859375 49.428436279297 0.99835866689682 23.722566604614 
000041 352 1216 1 603.42938232422 203.14028167725 52.380981445312 52.142196655273 0.99845683574677 22.823919296265 
000042 352 1216 1 603.47457885742 204.08763885498 53.982849121094 51.500595092773 0.99926489591599 22.875295639038 
000043 352 1216 1 603.61099243164 205.49713134766 54.191955566406 51.587005615234 0.99823582172394 22.522518157959 
000044 352 1216 1 603.59710693359 205.43647003174 54.055297851562 51.808975219727 0.99890685081482 22.40016746521 
000045 352 1216 1 603.31359863281 207.15726470947 55.159057617188 53.268997192383 0.99851936101913 22.349267959595 
000046 352 1216 1 603.55905151367 205.47590637207 52.988464355469 51.326171875 0.99851328134537 23.024858474731 
000047 352 1216 1 603.58529663086 205.49114990234 54.151794433594 51.561431884766 0.99922239780426 22.861101150513 
000048 352 1216 1 603.337890625 203.68398284912 55.9853515625 52.091751098633 0.99967181682587 22.407165527344 
000049 352 1216 1 603.19869995117 203.64334106445 53.026428222656 50.091522216797 0.99902296066284 22.851245880127 
000050 352 1216 1 603.17282104492 207.06114196777 53.098327636719 49.497314453125 0.99926155805588 23.761865615845 
000051 352 1216 1 603.19644165039 207.1283416748 52.863098144531 49.680847167969 0.99935406446457 23.401958465576 
000052 352 1216 1 603.18612670898 207.11994934082 53.567565917969 49.920227050781 0.99921226501465 24.023790359497 
000053 352 1216 1 603.15594482422 203.68044281006 52.693115234375 47.600051879883 0.99970799684525 24.485033035278 
000054 352 1216 1 602.62252807617 203.58007049561 51.407775878906 48.851943969727 0.99984002113342 24.327030181885 
000055 352 1216 1 602.40380859375 203.14030456543 52.111083984375 48.275085449219 0.99979501962662 24.568294525146 
000056 352 1216 1 600.19577026367 202.67119598389 55.165222167969 50.085556030273 0.99982976913452 24.670866012573 
000057 352 1216 1 599.75744628906 201.87147521973 55.244262695312 50.964477539062 0.99988448619843 24.413314819336 
000058 352 1216 1 598.42544555664 202.73722839355 55.165222167969 50.577453613281 0.99989140033722 24.330938339233 
000059 352 1216 1 595.71310424805 207.27284240723 54.456481933594 50.205505371094 0.99976915121078 24.37126159668 
000060 352 1216 1 594.22506713867 209.17510223389 54.449645996094 50.825546264648 0.99953472614288 23.516086578369 
000060 352 1216 1 538.58831787109 188.83459472656 13.820434570312 12.159912109375 0.71953547000885 72.848770141602 
000061 352 1216 1 593.8464050293 207.20180511475 52.789123535156 47.15901184082 0.99962675571442 24.100608825684 
000061 352 1216 1 538.5749206543 187.24740600586 17.311706542969 13.873596191406 0.86969000101089 73.456031799316 
000062 352 1216 1 591.97323608398 198.55731201172 57.416076660156 52.147216796875 0.99970954656601 24.236583709717 
000062 352 1216 1 536.94146728516 178.50746917725 20.525756835938 19.316207885742 0.96566206216812 69.315536499023 
000063 352 1216 1 591.79946899414 193.67493438721 55.371398925781 48.642440795898 0.99882858991623 25.150045394897 
000063 352 1216 1 530.25924682617 176.98525238037 24.585998535156 18.668319702148 0.96142995357513 61.972469329834 
000064 352 1216 1 592.73919677734 196.5572052002 55.582641601562 48.812194824219 0.9996737241745 24.942098617554 
000064 352 1216 1 530.14526367188 179.8983001709 22.342407226562 17.825927734375 0.92698174715042 70.791488647461 
000065 352 1216 1 592.32138061523 202.25322723389 52.037048339844 47.083297729492 0.99948668479919 25.458583831787 
000065 352 1216 1 525.13287353516 184.88626098633 22.341064453125 15.216613769531 0.94742029905319 69.768714904785 
000065 352 1216 1 1111.0744018555 179.76449584961 82.302368164062 35.815246582031 0.82212370634079 48.962196350098 
000066 352 1216 1 589.78121948242 203.37864685059 50.188659667969 46.481018066406 0.99921107292175 25.73522567749 
000066 352 1216 1 521.2755279541 187.30841827393 22.454071044922 17.970199584961 0.95337975025177 62.966827392578 
000066 352 1216 1 1125.1206665039 182.919090271 80.284301757812 34.396682739258 0.90580368041992 50.295436859131 
000067 352 1216 1 589.52465820312 202.24645996094 50.663940429688 46.760894775391 0.9993861913681 25.766372680664 
000067 352 1216 1 1146.028137207 183.42258453369 83.598754882812 34.583297729492 0.98522412776947 49.66951751709 
000067 352 1216 1 518.21249389648 187.72343444824 25.112976074219 17.590209960938 0.97847008705139 57.377925872803 
000068 352 1216 1 589.38043212891 200.76523590088 48.69140625 45.429641723633 0.99919956922531 26.416160583496 
000068 352 1216 1 514.40158081055 186.33451080322 25.745910644531 17.017715454102 0.94856941699982 55.722583770752 
000068 352 1216 1 1175.7330322266 180.55246734619 102.55224609375 39.21794128418 0.81431990861893 51.419864654541 
000068 352 1216 1 555.64300537109 183.5111541748 19.5556640625 18.990386962891 0.76541441679001 67.799522399902 
000069 352 1216 1 592.21548461914 199.02590942383 50.928527832031 45.898590087891 0.99959415197372 26.33670425415 
000069 352 1216 1 508.67524719238 187.61135101318 23.558074951172 16.64533996582 0.95071887969971 62.724014282227 
000069 352 1216 1 1185.7940063477 184.80220031738 75.470581054688 32.631225585938 0.93201887607574 49.054069519043 
000069 352 1216 1 554.34515380859 182.39923858643 23.077270507812 20.315658569336 0.92028594017029 72.528282165527 
000069 352 1216 3 377.39692687988 187.77754211426 28.525726318359 28.720397949219 0.90034180879593 49.220043182373 
000070 352 1216 1 592.16067504883 197.66097259521 50.622375488281 45.297103881836 0.99972599744797 25.991865158081 
000070 352 1216 1 505.38786315918 186.1471862793 27.209991455078 19.967590332031 0.9851046204567 59.45556640625 
000070 352 1216 1 555.63125610352 181.83660125732 26.821594238281 23.57063293457 0.96814280748367 62.395156860352 
000070 352 1216 3 365.90992736816 189.09417724609 25.282196044922 26.500457763672 0.75782489776611 45.007801055908 
000071 352 1216 1 592.0322265625 197.92003631592 50.846557617188 46.061264038086 0.99949502944946 25.633253097534 
000071 352 1216 1 500.70332336426 187.08901977539 32.434783935547 23.122680664062 0.98901528120041 50.947914123535 
000071 352 1216 1 554.54895019531 181.56088256836 24.515014648438 21.911590576172 0.94308370351791 62.250377655029 
000071 352 1216 3 349.72938537598 188.07855987549 38.859954833984 35.665939331055 0.76164036989212 42.010726928711 
000072 352 1216 1 591.72924804688 198.62078094482 50.800903320312 45.270401000977 0.99947637319565 26.41410446167 
000072 352 1216 1 495.17587280273 189.75257873535 34.166687011719 22.056030273438 0.99002212285995 50.746120452881 
000072 352 1216 1 552.13442993164 184.03116607666 26.580383300781 21.947158813477 0.93755692243576 54.487236022949 
000072 352 1216 3 342.35697937012 193.5094909668 41.298309326172 43.063690185547 0.98850703239441 37.163238525391 
000073 352 1216 1 591.55838012695 198.44672393799 48.030334472656 43.535873413086 0.9994945526123 27.392202377319 
000073 352 1216 1 487.67489624023 190.927734375 37.50927734375 22.077453613281 0.97027277946472 48.081897735596 
000073 352 1216 1 549.87789916992 185.32849884033 25.563537597656 22.017837524414 0.96003341674805 53.898628234863 
000073 352 1216 3 326.74208068848 199.00765991211 31.886077880859 37.465850830078 0.98112189769745 36.517646789551 
000074 352 1216 1 592.12185668945 197.49700164795 48.900207519531 43.951675415039 0.99961805343628 26.880447387695 
000074 352 1216 1 478.44551086426 193.53006744385 40.509002685547 25.992874145508 0.99437969923019 46.036922454834 
000074 352 1216 1 548.74035644531 186.30792236328 26.87451171875 21.699676513672 0.97014039754868 48.623718261719 
000074 352 1216 3 310.47836303711 201.18914031982 30.232727050781 37.278793334961 0.99075877666473 36.308506011963 
000075 352 1216 1 591.13101196289 197.84951782227 49.999328613281 44.168273925781 0.99958604574203 26.758403778076 
000075 352 1216 1 472.68852233887 197.64337158203 49.205291748047 28.265106201172 0.99550408124924 40.5207862854 
000075 352 1216 1 540.69863891602 187.00051116943 26.497985839844 21.371231079102 0.96244686841965 53.943778991699 
000075 352 1216 3 288.44319152832 202.56188964844 39.170989990234 45.246734619141 0.9760724902153 33.982833862305 
000076 352 1216 1 591.6701965332 198.31772613525 49.561340332031 46.712448120117 0.99965369701385 26.038824081421 
000076 352 1216 1 462.39595031738 197.84505462646 51.760833740234 28.481460571289 0.99773287773132 39.045036315918 
000076 352 1216 1 537.52896118164 188.97491455078 30.492736816406 23.067596435547 0.98047870397568 49.379512786865 
000076 352 1216 3 264.8850479126 203.36450195312 36.606491088867 43.342041015625 0.98960053920746 32.520858764648 
000077 352 1216 1 592.17807006836 198.23267364502 50.731750488281 47.467636108398 0.99972432851791 25.697568893433 
000077 352 1216 1 446.12060546875 199.96740722656 55.533996582031 36.384002685547 0.9975990653038 34.160785675049 
000077 352 1216 1 535.69299316406 190.39009857178 34.5224609375 25.486801147461 0.99136167764664 41.611602783203 
000077 352 1216 3 233.96521759033 208.97162628174 35.992263793945 49.326614379883 0.98796170949936 28.048152923584 
000078 352 1216 1 592.26455688477 201.62937164307 49.673645019531 44.981033325195 0.99949324131012 26.057823181152 
000078 352 1216 1 433.25006103516 206.46078491211 61.269836425781 39.409271240234 0.99923050403595 30.331077575684 
000078 352 1216 1 530.71978759766 193.98069000244 37.797607421875 23.61442565918 0.99644273519516 40.992000579834 
000078 352 1216 3 205.26595306396 216.83379364014 45.316818237305 52.341079711914 0.9972260594368 26.515560150146 
000079 352 1216 1 412.09420776367 216.30509185791 70.579040527344 47.720657348633 0.99951112270355 26.875480651855 
000079 352 1216 1 592.90112304688 208.00329589844 48.010375976562 44.852020263672 0.9992128610611 26.662700653076 
000079 352 1216 1 525.7380065918 202.56362915039 43.648986816406 27.766784667969 0.99788910150528 38.671340942383 
000079 352 1216 3 163.37798309326 225.55279541016 67.032333374023 60.298065185547 0.99211555719376 24.862739562988 
000080 352 1216 1 593.45010375977 208.26075744629 50.463317871094 46.873107910156 0.99959892034531 25.040191650391 
000080 352 1216 1 383.44567871094 222.1416015625 85.771545410156 51.498107910156 0.99913835525513 23.552297592163 
000080 352 1216 1 516.84776306152 204.38665771484 45.071807861328 32.827667236328 0.99796533584595 33.180923461914 
000080 352 1216 3 119.68125534058 233.10655975342 68.015357971191 70.009475708008 0.99170845746994 22.9319896698 
000081 352 1216 1 596.67391967773 207.02941131592 50.767272949219 46.061111450195 0.99985420703888 24.999000549316 
000081 352 1216 1 351.43545532227 226.38103485107 103.75506591797 56.932022094727 0.99956601858139 23.325756072998 
000081 352 1216 1 507.11674499512 206.96517944336 55.857696533203 41.363555908203 0.99882119894028 29.173805236816 
000081 352 1216 3 56.693858623505 241.02699279785 83.046975135803 79.011871337891 0.99639880657196 19.98875617981 
000082 352 1216 1 303.84976959229 233.9861907959 134.35624694824 72.710113525391 0.9999760389328 18.714710235596 
000082 352 1216 1 595.92379760742 206.9680480957 49.443298339844 45.827484130859 0.99978536367416 25.087738037109 
000082 352 1216 1 496.29504394531 210.68308258057 59.731811523438 45.116134643555 0.99882060289383 26.131286621094 
000083 352 1216 1 232.75390625 248.77333068848 181.08868408203 91.260406494141 0.99998593330383 15.820760726929 
000083 352 1216 1 598.11444091797 205.25270843506 50.007568359375 47.163284301758 0.99988675117493 25.432661056519 
000083 352 1216 1 477.16149902344 213.05812072754 71.770629882812 54.839111328125 0.9981192946434 22.472318649292 
000084 352 1216 1 597.84350585938 201.79133605957 46.714477539062 47.059112548828 0.99987304210663 25.979999542236 
000084 352 1216 1 455.92568969727 217.64047241211 91.286193847656 57.413879394531 0.99942648410797 21.099239349365 
000084 352 1216 1 136.59713768959 266.37526702881 264.82043409348 123.33662414551 0.99913674592972 12.639998435974 
000085 352 1216 1 597.60385131836 200.03632354736 48.108459472656 45.591659545898 0.99989461898804 26.181190490723 
000085 352 1216 1 419.16368103027 225.00903320312 124.97055053711 82.952941894531 0.99975901842117 16.573463439941 
000086 352 1216 1 364.29396057129 241.55488586426 175.60311889648 109.95419311523 0.9999897480011 12.903000831604 
000086 352 1216 1 597.52874755859 200.04865264893 46.342529296875 44.122451782227 0.99987804889679 26.751129150391 
000087 352 1216 1 262.47024536133 276.40755462646 284.6572265625 164.54176330566 0.99995982646942 10.146122932434 
000087 352 1216 1 597.712890625 201.17900848389 45.972534179688 45.369613647461 0.99993693828583 26.238115310669 
000088 352 1216 1 598.66787719727 202.1579284668 47.188781738281 47.068817138672 0.99991261959076 25.944833755493 
000088 352 1216 1 175.88235855103 286.96473693848 262.36785125732 157.16110229492 0.97582405805588 8.2323274612427 
000089 352 1216 1 598.15191650391 201.56600952148 47.009033203125 46.151763916016 0.99996078014374 25.766366958618 
000090 352 1216 1 598.77954101562 202.24430847168 48.567993164062 47.539672851562 0.999960064888 25.285188674927 
000091 352 1216 1 597.79504394531 201.10274505615 48.642333984375 46.13996887207 0.99995172023773 24.888614654541 
000092 352 1216 1 597.40560913086 199.19326782227 47.087341308594 45.229553222656 0.99994671344757 25.772792816162 
000093 352 1216 1 597.54992675781 198.74726104736 46.722045898438 43.844497680664 0.9999452829361 25.664415359497 
000094 352 1216 1 597.4104309082 199.6989364624 47.653137207031 44.345291137695 0.99995911121368 25.647298812866 
000095 352 1216 1 597.36965942383 200.22268676758 43.186340332031 42.170440673828 0.99993181228638 26.64288520813 
000095 352 1216 1 823.9172668457 174.73168182373 40.763488769531 21.323989868164 0.94161427021027 64.405838012695 
000096 352 1216 1 595.67010498047 199.96746063232 46.725341796875 43.866256713867 0.99995148181915 25.95139503479 
000097 352 1216 1 595.64364624023 199.93681335449 47.441101074219 44.447448730469 0.99992263317108 25.969348907471 
000098 352 1216 1 593.53121948242 199.27612304688 47.715515136719 43.994873046875 0.99987852573395 25.94100189209 
000098 352 1216 1 551.45974731445 181.68836975098 22.903991699219 20.480682373047 0.67663103342056 69.886459350586 
000099 352 1216 1 591.04418945312 198.26955413818 49.554077148438 45.590103149414 0.99976426362991 25.164134979248 
000100 352 1216 1 589.51062011719 198.5446472168 52.154418945312 47.652526855469 0.9997381567955 25.099489212036 
000101 352 1216 1 590.0036315918 200.34727478027 49.270812988281 46.244354248047 0.99960428476334 25.894197463989 
000102 352 1216 1 589.86938476562 202.18723297119 55.1630859375 48.910781860352 0.99965751171112 25.522640228271 
000102 352 1216 1 842.14688110352 176.37554931641 41.835266113281 22.287536621094 0.61327546834946 62.555435180664 
000103 352 1216 1 588.72271728516 201.23320007324 50.55908203125 46.6904296875 0.99964880943298 25.795192718506 
000103 352 1216 1 879.73379516602 174.14416503906 46.722351074219 26.215728759766 0.96691274642944 55.509296417236 
000103 352 1216 1 540.35821533203 188.9493560791 18.98583984375 14.753570556641 0.64886099100113 69.116394042969 
000104 352 1216 1 588.77346801758 200.57006835938 53.234191894531 49.479614257812 0.99920922517776 25.969343185425 
000104 352 1216 1 537.66696166992 186.33744049072 25.343566894531 18.059555053711 0.96932011842728 63.58549118042 
000104 352 1216 1 857.81588745117 175.859375 41.147155761719 25.155609130859 0.91714388132095 60.445476531982 
000105 352 1216 1 587.32897949219 198.865234375 50.107788085938 45.91162109375 0.99959021806717 25.728551864624 
000105 352 1216 1 537.45913696289 186.12104034424 27.882629394531 20.614608764648 0.98220771551132 60.401008605957 
000105 352 1216 1 869.94290161133 174.29290771484 42.276916503906 22.11865234375 0.95649755001068 55.856140136719 
000106 352 1216 1 587.96520996094 199.76913452148 51.347412109375 46.795135498047 0.99964094161987 25.639223098755 
000106 352 1216 1 537.45922851562 186.11242675781 26.708984375 20.856811523438 0.98541879653931 59.246726989746 
000107 352 1216 1 589.10830688477 199.40408325195 48.315734863281 44.936553955078 0.99925941228867 26.335258483887 
000107 352 1216 1 534.85455322266 186.12928009033 28.655395507812 20.036270141602 0.99399441480637 60.798919677734 
000108 352 1216 1 589.44088745117 199.04985046387 48.274230957031 44.116241455078 0.99935156106949 25.972305297852 
000108 352 1216 1 532.46685791016 186.85903167725 29.227905273438 21.793106079102 0.99490803480148 55.801670074463 
000108 352 1216 1 894.12118530273 178.39346313477 45.142395019531 28.218231201172 0.95692133903503 47.694160461426 
000109 352 1216 1 589.97741699219 198.7126159668 51.342895507812 47.177032470703 0.99940288066864 25.33299446106 
000109 352 1216 1 528.38415527344 186.71124267578 27.942749023438 21.602600097656 0.98819482326508 55.215633392334 
000109 352 1216 1 908.23034667969 178.82678985596 50.764770507812 26.478805541992 0.98502027988434 47.569499969482 
000110 352 1216 1 590.43377685547 200.28377532959 55.48193359375 49.929306030273 0.99963200092316 25.312589645386 
000110 352 1216 1 919.28536987305 180.48197937012 55.572326660156 30.448516845703 0.99764460325241 46.083713531494 
000110 352 1216 1 523.91957092285 187.57682037354 26.796478271484 20.261581420898 0.97866004705429 56.135860443115 
000111 352 1216 1 590.09658813477 201.6178894043 54.611267089844 48.452362060547 0.99957090616226 24.647480010986 
000111 352 1216 1 931.33624267578 178.57537078857 51.6865234375 26.504531860352 0.9831554889679 50.115867614746 
000111 352 1216 1 519.31750488281 187.58692169189 27.113891601562 20.164169311523 0.97493922710419 54.847030639648 
000112 352 1216 1 591.61096191406 200.85695648193 50.33154296875 43.639755249023 0.99942409992218 27.22635269165 
000112 352 1216 1 948.15246582031 178.83048248291 60.435180664062 31.297561645508 0.99857151508331 45.67317199707 
000112 352 1216 1 512.57746887207 189.73593139648 32.710174560547 21.426422119141 0.98774939775467 52.289680480957 
000113 352 1216 1 593.6318359375 202.60224914551 52.31982421875 47.214263916016 0.99970108270645 26.251359939575 
000113 352 1216 1 962.63854980469 180.72094726562 57.079467773438 28.389038085938 0.99413114786148 48.583137512207 
000113 352 1216 1 506.72525024414 192.11332702637 32.287414550781 21.8134765625 0.9910694360733 53.218475341797 
000113 352 1216 1 538.65991210938 189.43650817871 25.9775390625 16.341461181641 0.7736377120018 69.449737548828 
000114 352 1216 1 594.8571472168 202.42488098145 52.817687988281 47.622680664062 0.99983513355255 25.336532592773 
000114 352 1216 1 504.20341491699 194.03274536133 35.000518798828 24.450378417969 0.99502819776535 44.71000289917 
000114 352 1216 1 980.20010375977 181.10347747803 53.864685058594 25.28059387207 0.98769789934158 48.493015289307 
000114 352 1216 1 540.64303588867 186.32543945312 21.966979980469 16.977935791016 0.91605311632156 66.560813903809 
000115 352 1216 1 594.15121459961 200.13612365723 55.242614746094 48.021484375 0.99990701675415 25.092254638672 
000115 352 1216 1 496.29806518555 192.40734100342 41.281066894531 25.135971069336 0.98785853385925 40.290985107422 
000115 352 1216 1 996.30758666992 180.66902923584 77.330627441406 34.423965454102 0.97459805011749 47.139083862305 
000115 352 1216 1 538.13046264648 185.8299331665 23.727478027344 18.105941772461 0.92386651039124 60.219753265381 
000116 352 1216 1 596.40780639648 198.24987792969 54.053283691406 47.462036132812 0.9999144077301 24.991586685181 
000116 352 1216 1 483.74090576172 192.00611114502 42.472045898438 25.634658813477 0.99598854780197 40.350910186768 
000116 352 1216 1 1014.0526733398 177.52069091797 78.028930664062 32.636413574219 0.99401843547821 46.445987701416 
000116 352 1216 1 537.69418334961 182.74656677246 27.080383300781 18.194549560547 0.94131970405579 62.788242340088 
000117 352 1216 1 596.83374023438 198.84222412109 54.458618164062 48.429229736328 0.99990379810333 24.375867843628 
000117 352 1216 1 474.45562744141 197.15216064453 51.555847167969 34.478759765625 0.99852555990219 32.352355957031 
000117 352 1216 1 1028.8002319336 175.73360443115 82.765502929688 36.654861450195 0.99025738239288 41.418109893799 
000117 352 1216 1 536.25598144531 182.83665466309 28.864624023438 19.318878173828 0.96756201982498 61.541725158691 
000118 352 1216 1 597.47607421875 200.91620635986 55.341918945312 51.263198852539 0.99990093708038 23.778743743896 
000118 352 1216 1 463.60758972168 202.70757293701 56.368255615234 36.694747924805 0.99920976161957 30.678625106812 
000118 352 1216 1 1055.1926269531 177.11316680908 91.87939453125 37.425430297852 0.99066644906998 43.901607513428 
000118 352 1216 1 535.96728515625 186.2544631958 29.098876953125 21.642471313477 0.96406364440918 55.062320709229 
000119 352 1216 1 596.34552001953 205.94611358643 54.701904296875 48.233779907227 0.99972087144852 24.207366943359 
000119 352 1216 1 444.7906036377 210.71705627441 67.111419677734 47.7841796875 0.99869114160538 26.84370803833 
000119 352 1216 1 1081.0563354492 184.35652923584 97.487915039062 38.616073608398 0.99319165945053 41.724391937256 
000119 352 1216 1 535.28494262695 190.23236846924 31.310607910156 20.725784301758 0.9817658662796 54.145210266113 
000120 352 1216 1 421.26605224609 215.33653259277 74.529052734375 51.993286132812 0.99982208013535 24.320446014404 
000120 352 1216 1 596.53439331055 206.7512588501 52.445983886719 46.195693969727 0.99969530105591 24.436141967773 
000120 352 1216 1 528.00173950195 189.58940887451 30.468200683594 20.083694458008 0.97646778821945 51.180397033691 
000121 352 1216 1 597.80584716797 200.98773956299 53.746704101562 49.596054077148 0.9999030828476 23.852731704712 
000121 352 1216 1 392.39567565918 213.90254974365 88.407379150391 59.544204711914 0.99974232912064 20.920696258545 
000121 352 1216 1 1142.155456543 184.15913391113 110.49938964844 41.861724853516 0.99575066566467 39.339649200439 
000121 352 1216 1 524.0456237793 186.6502456665 30.964660644531 20.754257202148 0.9626749753952 53.786060333252 
000122 352 1216 1 353.07145690918 219.98714447021 120.93710327148 76.046035766602 0.99982589483261 17.681310653687 
000122 352 1216 1 598.77185058594 198.83157348633 55.5 47.728698730469 0.99979943037033 23.78959274292 
000122 352 1216 1 515.82646179199 186.59069061279 35.205963134766 22.355941772461 0.99072134494781 46.527820587158 
000122 352 1216 1 1164.3614501953 181.05710601807 114.46899414062 40.530319213867 0.97860419750214 44.165264129639 
000123 352 1216 1 295.01598358154 229.42742156982 163.62049865723 99.147537231445 0.99993491172791 14.592740058899 
000123 352 1216 1 599.59063720703 198.25173187256 57.23046875 47.58479309082 0.99961310625076 24.549730300903 
000123 352 1216 1 507.8630065918 189.26079559326 38.086608886719 25.406723022461 0.99252641201019 44.839672088623 
000123 352 1216 1 1195.2961425781 177.75632476807 131.46875 47.262344360352 0.77374845743179 38.216331481934 
000124 352 1216 1 209.04780578613 254.01764678955 224.72360229492 131.88352966309 0.99993562698364 12.119737625122 
000124 352 1216 1 598.79360961914 197.99803161621 58.510925292969 48.935272216797 0.99955898523331 24.011810302734 
000124 352 1216 1 503.64839172363 189.93622589111 41.878997802734 29.307510375977 0.9990850687027 40.158435821533 
000125 352 1216 1 598.63327026367 200.66841125488 59.204040527344 49.593170166016 0.99982005357742 23.775745391846 
000125 352 1216 1 492.91578674316 193.72440338135 52.214324951172 26.551956176758 0.99109613895416 39.407432556152 
000125 352 1216 1 110.41636109352 289.13906860352 213.39731931686 174.59643554688 0.93201506137848 8.889045715332 
000126 352 1216 1 598.53549194336 202.95753479004 57.967102050781 50.248870849609 0.99983429908752 23.128164291382 
000126 352 1216 1 481.85926818848 199.82864379883 53.359222412109 30.601715087891 0.99824166297913 35.662750244141 
000127 352 1216 1 599.75714111328 204.35433197021 55.128051757812 48.94514465332 0.99977141618729 23.878936767578 
000127 352 1216 1 474.53649902344 204.86139678955 54.791564941406 35.561141967773 0.99919885396957 33.135501861572 
000127 352 1216 1 641.97888183594 184.27558135986 21.012329101562 18.625991821289 0.78778904676437 68.582908630371 
000128 352 1216 1 599.63879394531 203.47705841064 54.955444335938 50.779769897461 0.99979835748672 23.284910202026 
000128 352 1216 1 459.55479431152 208.76697540283 55.712188720703 33.984878540039 0.9979173541069 31.855285644531 
000128 352 1216 1 644.94799804688 183.56214904785 22.264526367188 18.037841796875 0.81013876199722 71.22412109375 
000129 352 1216 1 598.06823730469 203.04212188721 57.13525390625 50.382064819336 0.99988496303558 22.497577667236 
000129 352 1216 1 441.72727966309 208.5659942627 76.385284423828 44.749206542969 0.99977201223373 27.686584472656 
000129 352 1216 1 645.0661315918 183.68114471436 22.939025878906 18.321212768555 0.63295316696167 68.627754211426 
000130 352 1216 1 597.81591796875 202.40460968018 59.560913085938 52.130325317383 0.99975425004959 22.844423294067 
000130 352 1216 1 414.42926025391 213.8656539917 81.9638671875 52.54670715332 0.99950850009918 24.426471710205 
000130 352 1216 1 646.31939697266 182.84770965576 24.149780273438 19.627975463867 0.90810126066208 65.618553161621 
000131 352 1216 1 383.49433898926 221.15422058105 105.13070678711 64.019714355469 0.99984860420227 20.482431411743 
000131 352 1216 1 597.22644042969 199.3374710083 58.09423828125 50.59162902832 0.99982231855392 23.072547912598 
000131 352 1216 1 646.69500732422 181.42533111572 22.981079101562 19.352462768555 0.92573982477188 66.155807495117 
000132 352 1216 1 339.47576904297 229.88147735596 138.35302734375 77.751388549805 0.99999248981476 17.720197677612 
000132 352 1216 1 596.77764892578 201.96922302246 60.132690429688 51.996643066406 0.99979311227798 22.564510345459 
000132 352 1216 1 649.70291137695 182.89797210693 22.450500488281 22.194595336914 0.92493999004364 60.149829864502 
000133 352 1216 1 282.69079589844 249.848777771 184.37017822266 97.598892211914 0.9999828338623 14.90910243988 
000133 352 1216 1 594.99118041992 202.23969268799 59.177062988281 52.262435913086 0.99981445074081 22.826057434082 
000133 352 1216 1 649.60247802734 183.71927642822 23.290771484375 18.441940307617 0.92012655735016 59.87162399292 
000133 352 1216 1 820.09075927734 172.34762573242 39.111206054688 19.239501953125 0.91697955131531 68.67268371582 
000134 352 1216 1 189.41987800598 268.23680877686 257.80752182007 129.3501739502 0.99985992908478 13.003801345825 
000134 352 1216 1 596.70181274414 204.53416442871 57.910217285156 51.333984375 0.99978226423264 23.192296981812 
000134 352 1216 1 651.6178894043 187.33964538574 20.819885253906 18.307403564453 0.96019858121872 65.48348236084 
000134 352 1216 1 827.15237426758 174.67178344727 33.838806152344 21.611297607422 0.89327603578568 61.0032081604 
000135 352 1216 1 594.97177124023 206.5775604248 60.236999511719 50.815216064453 0.99977821111679 22.933227539062 
000135 352 1216 1 110.78285104036 294.69018554688 224.07394635677 150.1240234375 0.97972774505615 10.928635597229 
000135 352 1216 1 650.81970214844 188.95867919922 26.91357421875 20.353912353516 0.97054320573807 61.160823822021 
000135 352 1216 1 837.72500610352 175.40267181396 34.176086425781 20.610733032227 0.78526425361633 65.878608703613 
000136 352 1216 1 595.19451904297 206.77576446533 60.014770507812 51.541030883789 0.99968039989471 23.207656860352 
000136 352 1216 1 651.63345336914 189.48229980469 26.986755371094 19.767120361328 0.97761714458466 62.348808288574 
000136 352 1216 1 847.59439086914 176.52136230469 40.401062011719 22.583862304688 0.91388660669327 66.91007232666 
000137 352 1216 1 598.41107177734 207.43746185303 64.222900390625 55.825057983398 0.99967515468597 22.174797058105 
000137 352 1216 1 654.16793823242 187.62066650391 26.983581542969 19.716278076172 0.97621494531631 59.355415344238 
000137 352 1216 1 855.74053955078 178.5302734375 45.575073242188 24.310607910156 0.95763713121414 59.293682098389 
000138 352 1216 1 598.08511352539 203.90780639648 63.102600097656 53.369140625 0.99990153312683 22.734941482544 
000138 352 1216 1 658.86154174805 186.26912689209 30.092956542969 24.700912475586 0.98692107200623 52.933135986328 
000139 352 1216 1 599.36935424805 202.73108673096 61.786315917969 53.39372253418 0.99983537197113 22.86399269104 
000139 352 1216 1 658.56207275391 185.06709289551 31.731811523438 24.253692626953 0.99302917718887 50.73755645752 
000140 352 1216 1 599.67004394531 200.39125061035 58.04052734375 52.422210693359 0.99973446130753 23.126775741577 
000140 352 1216 1 659.93209838867 182.87902069092 30.115661621094 20.894149780273 0.98874193429947 55.225170135498 
000140 352 1216 1 880.79418945312 173.01091003418 41.344116210938 23.274322509766 0.87010449171066 52.349933624268 
000141 352 1216 1 601.68380737305 201.08026123047 56.950622558594 51.863433837891 0.99958866834641 23.22350692749 
000141 352 1216 1 663.89340209961 185.45910644531 32.002136230469 20.718322753906 0.99132347106934 54.356769561768 
000141 352 1216 1 884.25131225586 173.06340789795 49.960021972656 25.547348022461 0.88273698091507 54.767642974854 
000141 352 1216 1 857.85009765625 173.03935241699 41.752319335938 21.291778564453 0.77461808919907 61.550132751465 
000142 352 1216 1 602.73947143555 202.55366516113 55.781921386719 50.200378417969 0.99932372570038 23.459428787231 
000142 352 1216 1 665.53005981445 186.31022644043 32.502136230469 22.484069824219 0.9898167848587 49.415153503418 
000142 352 1216 1 882.91818237305 173.92177581787 58.109802246094 25.74836730957 0.95914220809937 52.688606262207 
000143 352 1216 1 603.02972412109 202.17002105713 57.806762695312 52.934036254883 0.99884110689163 22.230514526367 
000143 352 1216 1 667.26385498047 187.46195983887 30.491333007812 22.862609863281 0.98330163955688 49.106182098389 
000143 352 1216 1 912.87368774414 174.30480957031 51.135070800781 23.292907714844 0.94327300786972 52.476696014404 
000143 352 1216 1 870.34362792969 175.27766418457 55.894165039062 23.404907226562 0.71384984254837 58.869144439697 
000144 352 1216 1 603.35696411133 203.30979919434 60.527404785156 54.076538085938 0.99924194812775 22.243181228638 
000144 352 1216 1 910.05020141602 177.50469207764 57.505798339844 27.625717163086 0.98737877607346 48.798934936523 
000144 352 1216 1 668.81149291992 189.98979949951 35.677673339844 24.08088684082 0.98199927806854 48.161437988281 
000145 352 1216 1 604.19418334961 202.66804504395 54.432922363281 52.130310058594 0.99783831834793 23.303602218628 
000145 352 1216 1 673.04147338867 189.23658752441 33.209411621094 22.745056152344 0.99270367622375 47.755439758301 
000145 352 1216 1 900.95022583008 176.80613708496 49.440979003906 24.267425537109 0.97247451543808 53.55680847168 
000145 352 1216 1 939.72076416016 177.01083374023 47.125 24.857940673828 0.88807618618011 46.553195953369 
000146 352 1216 1 605.30627441406 202.3843536377 51.946411132812 49.043029785156 0.99860686063766 23.385486602783 
000146 352 1216 1 950.45834350586 179.1330871582 60.816345214844 29.613861083984 0.98360228538513 41.711757659912 
000146 352 1216 1 675.6015625 189.25969696045 36.81298828125 22.592788696289 0.98059833049774 46.760108947754 
000147 352 1216 1 606.22219848633 202.32281494141 52.213562011719 49.236663818359 0.99752706289291 24.088544845581 
000147 352 1216 1 679.51446533203 190.62842559814 38.780395507812 23.971176147461 0.97260236740112 44.317890167236 
000147 352 1216 1 956.76531982422 177.53186035156 53.16796875 26.882690429688 0.97181838750839 48.512142181396 
000148 352 1216 1 608.28317260742 202.86960601807 56.278259277344 50.73698425293 0.99864155054092 23.071884155273 
000148 352 1216 1 681.79486083984 191.15145111084 40.85791015625 25.275680541992 0.97782546281815 43.243457794189 
000148 352 1216 1 923.71331787109 180.00143432617 51.483520507812 27.522857666016 0.95246416330338 54.129814147949 
000148 352 1216 1 857.43756103516 174.40141296387 32.19970703125 19.887573242188 0.70921176671982 76.87491607666 
000149 352 1216 1 609.52383422852 204.4090423584 55.474792480469 51.813323974609 0.9983292222023 23.240585327148 
000149 352 1216 1 977.87362670898 183.46006774902 78.056945800781 34.898864746094 0.99349111318588 38.530223846436 
000149 352 1216 1 686.44302368164 193.70961761475 37.593322753906 25.453720092773 0.98834979534149 38.669250488281 
000149 352 1216 1 932.54504394531 184.40718078613 61.955932617188 29.372253417969 0.95511966943741 48.879280090332 
000150 352 1216 1 612.21618652344 207.24502563477 57.368896484375 53.043212890625 0.99838614463806 22.019891738892 
000150 352 1216 1 693.20922851562 198.45420837402 41.057739257812 29.71435546875 0.99525260925293 35.601711273193 
000150 352 1216 1 997.61770629883 185.83332061768 72.799255371094 34.160903930664 0.99414211511612 41.690196990967 
000150 352 1216 1 949.75979614258 188.559715271 58.367004394531 30.619247436523 0.98163086175919 49.511627197266 
000151 352 1216 1 1005.7943725586 184.51531982422 80.375366210938 38.518920898438 0.99949431419373 35.827404022217 
000151 352 1216 1 613.9792175293 206.63675689697 60.667663574219 54.679885864258 0.99874037504196 21.938415527344 
000151 352 1216 1 696.21392822266 198.14451599121 41.638916015625 30.3515625 0.9953396320343 35.40465927124 
000151 352 1216 1 953.46444702148 186.64304351807 64.820617675781 27.649612426758 0.96142321825027 45.684391021729 
000152 352 1216 1 615.35348510742 201.36167907715 63.431579589844 54.7421875 0.99927848577499 22.859539031982 
000152 352 1216 1 1025.1684265137 179.61480712891 84.403869628906 42.057464599609 0.99835050106049 33.641571044922 
000152 352 1216 1 698.17111206055 192.95527648926 44.831970214844 33.410186767578 0.99689263105392 31.66187286377 
000152 352 1216 1 969.15991210938 179.74592590332 71.316528320312 34.105285644531 0.95085215568542 45.156379699707 
000153 352 1216 1 618.16915893555 201.27077484131 61.336242675781 54.241592407227 0.99935275316238 22.596620559692 
000153 352 1216 1 701.18276977539 193.10172271729 46.105407714844 33.710464477539 0.99828290939331 31.095247268677 
000153 352 1216 1 1054.1169128418 178.67130279541 91.084533691406 44.841598510742 0.99563282728195 32.234954833984 
000153 352 1216 1 988.85916137695 179.93601989746 69.819885253906 34.808471679688 0.98845738172531 40.96333694458 
000154 352 1216 1 619.31326293945 202.67579650879 56.431945800781 52.620391845703 0.99976831674576 23.235023498535 
000154 352 1216 1 1079.2292480469 178.70784759521 108.03466796875 45.950790405273 0.99776017665863 30.413715362549 
000154 352 1216 1 708.62210083008 195.26515197754 43.896545410156 35.745819091797 0.99702030420303 30.700035095215 
000154 352 1216 1 997.87261962891 178.35150146484 73.778442382812 32.136871337891 0.95657795667648 43.83801651001 
000155 352 1216 1 621.32684326172 203.1795425415 57.680541992188 54.048202514648 0.99963569641113 22.787900924683 
000155 352 1216 1 714.00158691406 198.48655700684 46.821411132812 37.358337402344 0.99903059005737 28.837396621704 
000155 352 1216 1 1102.8667602539 179.39492797852 110.93688964844 47.251922607422 0.99364614486694 29.952421188354 
000155 352 1216 1 1016.7126159668 178.49802398682 70.502258300781 31.37223815918 0.89906066656113 46.874221801758 
000156 352 1216 1 621.31549072266 203.71382141113 59.864379882812 55.613830566406 0.99952507019043 22.322336196899 
000156 352 1216 1 721.66012573242 202.2763671875 56.605163574219 45.524597167969 0.99919098615646 27.883518218994 
000156 352 1216 1 1037.280456543 183.68492889404 100.63903808594 38.059188842773 0.86837387084961 42.079524993896 
000156 352 1216 1 1124.5617675781 181.48793792725 102.7666015625 41.922012329102 0.6733705997467 36.867359161377 
000157 352 1216 1 622.0075378418 202.2105178833 60.187683105469 55.409072875977 0.99952983856201 22.447885513306 
000157 352 1216 1 728.27502441406 204.00625610352 58.624633789062 47.930053710938 0.9991637468338 26.403450012207 
000157 352 1216 1 1152.1015014648 181.87116241455 133.94738769531 54.450637817383 0.97587901353836 30.714748382568 
000157 352 1216 1 1053.6791992188 183.77436828613 93.66796875 36.353240966797 0.96647781133652 41.299777984619 
000158 352 1216 1 626.3928527832 202.75533294678 59.800109863281 56.162033081055 0.99984443187714 22.595140457153 
000158 352 1216 1 732.69970703125 205.32559204102 67.448364257812 54.818572998047 0.99867516756058 24.504037857056 
000158 352 1216 1 1073.169128418 182.44202423096 100.88757324219 38.51676940918 0.9445144534111 41.123767852783 
000158 352 1216 1 1177.0770874023 182.21852111816 137.07531738281 55.262054443359 0.94082885980606 32.458789825439 
000159 352 1216 1 630.58419799805 201.33255004883 62.257751464844 55.684356689453 0.99987196922302 22.807691574097 
000159 352 1216 1 742.23059082031 207.439453125 70.146118164062 56.304046630859 0.99913221597672 23.803398132324 
000159 352 1216 1 1204.2139892578 181.21662902832 142.75512695312 58.088500976562 0.98360240459442 28.699878692627 
000159 352 1216 1 1099.0003662109 179.30249023438 103.81958007812 44.506591796875 0.75701230764389 37.784633636475 
000160 352 1216 1 631.16024780273 203.41542053223 58.602966308594 53.210754394531 0.99978131055832 23.233261108398 
000160 352 1216 1 754.83465576172 209.89038848877 75.518432617188 59.486373901367 0.99895167350769 22.353837966919 
000160 352 1216 1 1125.8698730469 178.37747192383 93.2734375 37.284790039062 0.91967976093292 44.577922821045 
000161 352 1216 1 631.9462890625 205.46047973633 58.892333984375 53.183166503906 0.99956768751144 23.102865219116 
000161 352 1216 1 763.8815612793 213.1028213501 87.265075683594 66.345932006836 0.99825984239578 18.872568130493 
000161 352 1216 1 1149.4420166016 183.20068359375 135.90112304688 48.489715576172 0.99470466375351 40.005184173584 
000162 352 1216 1 632.39807128906 204.88488769531 58.635131835938 53.124359130859 0.99957078695297 23.345901489258 
000162 352 1216 1 775.50787353516 217.06186676025 89.56982421875 72.841171264648 0.99884712696075 18.095880508423 
000162 352 1216 1 1166.4146118164 184.98339080811 126.82995605469 45.682968139648 0.99096655845642 37.185722351074 
000163 352 1216 1 632.35354614258 204.72688293457 58.705261230469 52.680725097656 0.99965715408325 23.624080657959 
000163 352 1216 1 792.9573059082 220.88320922852 103.63409423828 82.842468261719 0.9993234872818 16.187568664551 
000163 352 1216 1 1200.2139892578 183.17141723633 107.05078125 42.371124267578 0.87621426582336 37.453941345215 
000164 352 1216 1 812.97473144531 226.92289733887 123.85876464844 86.482208251953 0.99963629245758 15.681854248047 
000164 352 1216 1 632.763671875 204.32792663574 59.792114257812 52.527038574219 0.99944299459457 23.7001953125 
000164 352 1216 2 796.26077270508 218.14677429199 82.185607910156 94.395294189453 0.69050753116608 16.249919891357 
000165 352 1216 1 834.74545288086 233.40392303467 135.32757568359 103.07881164551 0.99988949298859 13.550200462341 
000165 352 1216 1 633.88879394531 207.3239440918 58.001953125 53.933929443359 0.99912828207016 23.580453872681 
000166 352 1216 1 866.10311889648 244.88955688477 167.32745361328 117.44989013672 0.99996197223663 12.031036376953 
000166 352 1216 1 634.22741699219 207.63288879395 58.652221679688 53.218017578125 0.99944967031479 23.474456787109 
000167 352 1216 1 909.19799804688 257.90560913086 212.36462402344 143.73297119141 0.99998819828033 10.278929710388 
000167 352 1216 1 634.33160400391 207.62145996094 61.6953125 55.772430419922 0.99933928251266 22.787830352783 
000168 352 1216 1 968.73480224609 274.51668548584 264.61608886719 181.2823638916 0.9994689822197 9.320556640625 
000168 352 1216 1 633.59661865234 206.18102264404 62.991821289062 56.538711547852 0.99942338466644 22.930976867676 
000169 352 1216 1 633.57482910156 206.92959594727 60.105590820312 54.743011474609 0.99956256151199 23.423240661621 
000169 352 1216 1 1032.4487609863 282.47326660156 341.66644287109 179.51318359375 0.96849638223648 6.4830179214478 
000170 352 1216 1 633.66027832031 207.69287109375 59.74072265625 55.498504638672 0.9996862411499 22.482807159424 
000170 352 1216 1 1066.8630371094 281.52275848389 356.60229492188 169.8101348877 0.9785093665123 5.6832323074341 
000171 352 1216 1 634.22381591797 209.49340820312 60.05224609375 54.861175537109 0.99950516223907 22.397985458374 
000171 352 1216 1 1115.9521179199 281.15135955811 261.63824462891 167.10914611816 0.87688755989075 3.404305934906 
000172 352 1216 1 633.46096801758 210.87002563477 61.812194824219 57.276580810547 0.99946910142899 21.757934570312 
000173 352 1216 1 632.48477172852 210.45542907715 64.656677246094 57.824737548828 0.99963247776031 21.638477325439 
000174 352 1216 1 634.36065673828 210.64766693115 64.967651367188 58.761276245117 0.99954235553741 21.299423217773 
000175 352 1216 1 632.67269897461 210.22232818604 64.161315917969 59.188339233398 0.99958652257919 21.654142379761 
000176 352 1216 1 632.61462402344 210.10766601562 64.692016601562 58.6376953125 0.9996964931488 21.828424453735 
000177 352 1216 1 632.59646606445 209.86092376709 66.674255371094 59.898727416992 0.99965929985046 21.263195037842 
000178 352 1216 1 632.95892333984 207.97876739502 65.351318359375 58.499923706055 0.99964678287506 21.760974884033 
000179 352 1216 1 632.86599731445 207.68671417236 65.065979003906 58.632522583008 0.99950349330902 21.387655258179 
000180 352 1216 1 632.97650146484 207.85809326172 66.313598632812 58.971740722656 0.99971026182175 21.552293777466 
000181 352 1216 1 633.02093505859 207.95218658447 65.966918945312 60.683547973633 0.99964988231659 21.052953720093 
000182 352 1216 1 632.6923828125 206.49230957031 67.400512695312 61.125549316406 0.99961096048355 21.100759506226 
000183 352 1216 1 632.97607421875 205.00817108154 67.00244140625 60.044692993164 0.99968469142914 21.250354766846 
000184 352 1216 1 632.76495361328 203.24549102783 63.270874023438 59.841842651367 0.99965012073517 21.468385696411 
000185 352 1216 1 632.1708984375 202.20827484131 65.337036132812 62.547348022461 0.9996395111084 21.449241638184 
000186 352 1216 1 632.46432495117 202.83220672607 67.356750488281 61.050186157227 0.9997541308403 21.228403091431 
000187 352 1216 1 632.52502441406 202.81772613525 68.969360351562 62.638870239258 0.99972993135452 20.710382461548 
000188 352 1216 1 632.49584960938 202.68713378906 68.571533203125 62.6025390625 0.99973887205124 21.037796020508 
000189 352 1216 1 632.61514282227 203.61087036133 69.140197753906 62.179168701172 0.99970680475235 20.81555557251 
000190 352 1216 1 632.30682373047 203.93379211426 68.892333984375 62.402557373047 0.999831199646 20.765645980835 
000191 352 1216 1 632.5537109375 204.57902526855 68.138427734375 60.867950439453 0.9998551607132 20.882253646851 
000192 352 1216 1 632.86492919922 206.07755279541 70.554809570312 61.162643432617 0.99981981515884 20.309122085571 
000193 352 1216 1 633.42672729492 207.63404846191 70.836975097656 64.803039550781 0.99963593482971 19.782510757446 
000194 352 1216 1 632.97299194336 207.5853729248 70.157897949219 63.18408203125 0.99950039386749 20.276710510254 
000195 352 1216 1 633.05865478516 206.62532806396 70.0556640625 63.263626098633 0.99957317113876 20.264230728149 
000196 352 1216 1 633.07116699219 207.18906402588 69.923706054688 62.311447143555 0.99959164857864 20.569103240967 
000197 352 1216 1 633.03112792969 207.8314666748 69.156372070312 62.610198974609 0.99949407577515 20.330718994141 
000198 352 1216 1 632.50601196289 206.14728546143 67.769836425781 60.316909790039 0.99971812963486 21.001926422119 
000199 352 1216 1 632.65036010742 205.65231323242 68.071716308594 62.123657226562 0.9997906088829 20.918155670166 
000200 352 1216 1 632.96627807617 204.4839630127 68.951843261719 63.261871337891 0.99979478120804 20.713508605957 
000201 352 1216 1 632.74682617188 205.04639434814 70.078125 63.398483276367 0.99980098009109 20.720186233521 
000201 352 1216 2 436.70953369141 187.5715713501 13.427062988281 34.26936340332 0.79098880290985 40.754856109619 
000202 352 1216 1 633.0426940918 204.88009643555 70.459045410156 63.276275634766 0.99978250265121 20.609914779663 
000203 352 1216 1 632.92053222656 205.3861618042 70.17529296875 61.83039855957 0.99969208240509 20.752363204956 
000204 352 1216 1 632.64730834961 205.73639678955 69.367980957031 60.618026733398 0.99960118532181 20.747486114502 
000204 352 1216 2 404.69073486328 193.43686676025 15.395935058594 38.329513549805 0.84353798627853 32.866012573242 
000205 352 1216 1 632.63677978516 205.79761505127 65.4267578125 60.375686645508 0.99973386526108 20.874956130981 
000206 352 1216 1 632.99505615234 207.29415893555 66.945678710938 58.601898193359 0.99967563152313 21.044422149658 
000206 352 1216 2 377.96826171875 195.52252197266 15.033752441406 37.811340332031 0.93288671970367 33.185256958008 
000207 352 1216 1 632.59582519531 205.67883300781 66.5439453125 60.028839111328 0.99975520372391 21.111394882202 
000208 352 1216 1 632.67822265625 205.78131103516 67.764770507812 60.020324707031 0.99981516599655 20.739835739136 
000209 352 1216 1 632.50637817383 205.51334381104 66.930725097656 58.48063659668 0.99976891279221 21.347408294678 
000209 352 1216 2 340.72062683105 197.79124450684 17.062408447266 44.191955566406 0.91534912586212 30.25267791748 
000210 352 1216 1 631.66827392578 206.26194000244 66.0908203125 60.70768737793 0.99974995851517 20.740640640259 
000210 352 1216 3 315.6817779541 204.2493057251 25.521209716797 45.509353637695 0.79223012924194 30.695596694946 
000211 352 1216 1 628.61340332031 204.56532287598 66.862182617188 61.272796630859 0.9998368024826 20.566299438477 
000212 352 1216 1 624.49954223633 204.59991455078 66.460388183594 62.257232666016 0.99977749586105 20.363889694214 
000212 352 1216 2 279.08804321289 207.82783508301 19.524719238281 46.628295898438 0.93292284011841 27.501203536987 
000213 352 1216 1 622.6510925293 203.65554046631 66.567565917969 61.488571166992 0.99955004453659 20.406610488892 
000213 352 1216 2 251.13505554199 206.52071380615 25.199920654297 52.313064575195 0.94974827766418 25.171264648438 
000214 352 1216 1 622.28106689453 204.05448150635 64.246704101562 58.767562866211 0.99951243400574 21.115242004395 
000214 352 1216 2 220.91787719727 207.90058135986 26.439544677734 55.317001342773 0.94559729099274 24.827226638794 
000215 352 1216 1 619.31008911133 204.50169372559 63.354553222656 58.677215576172 0.99951040744781 20.227500915527 
000215 352 1216 2 187.04668426514 214.04709625244 28.804306030273 61.61994934082 0.98635232448578 23.037872314453 
000216 352 1216 1 616.8766784668 202.94018554688 63.790588378906 59.355010986328 0.99945646524429 20.017343521118 
000216 352 1216 3 149.60620880127 216.67509460449 39.693710327148 59.627624511719 0.94831043481827 24.369235992432 
000217 352 1216 1 616.35049438477 202.9097366333 63.884094238281 58.452346801758 0.99939215183258 19.868028640747 
000217 352 1216 2 98.226387023926 218.73087310791 35.956314086914 70.013595581055 0.96086519956589 20.345348358154 
000218 352 1216 1 616.23309326172 202.70126342773 64.407470703125 57.310882568359 0.99940478801727 20.40052986145 
000218 352 1216 2 37.584416389465 223.18990325928 35.793142318726 81.305191040039 0.94201809167862 20.750923156738 
000219 352 1216 1 612.34921264648 203.49670410156 62.545349121094 56.397888183594 0.99925166368484 20.752830505371 
000220 352 1216 1 613.9645690918 203.33322906494 62.936584472656 58.337265014648 0.99887627363205 20.947460174561 
000221 352 1216 1 612.05389404297 204.0291519165 61.12939453125 58.974166870117 0.99924808740616 20.695770263672 
000222 352 1216 1 610.17892456055 203.44281005859 60.619445800781 57.509033203125 0.99950039386749 20.723180770874 
000223 352 1216 1 609.90737915039 204.99765014648 60.383850097656 57.145050048828 0.99892920255661 21.197734832764 
000224 352 1216 1 609.87438964844 205.10314941406 60.841430664062 58.780029296875 0.99911910295486 20.994970321655 
000225 352 1216 1 609.87518310547 205.05439758301 62.49169921875 59.677673339844 0.99866557121277 20.643775939941 
000226 352 1216 1 608.52880859375 204.15085601807 62.423217773438 59.925369262695 0.99866104125977 20.818893432617 
000227 352 1216 1 607.76556396484 204.06080627441 59.808837890625 57.5048828125 0.99899905920029 20.90051651001 
000228 352 1216 1 606.36639404297 206.36074829102 59.97314453125 57.372161865234 0.99898308515549 20.798179626465 
000229 352 1216 1 605.97006225586 206.28341674805 58.531921386719 55.463134765625 0.99884217977524 20.590360641479 
000230 352 1216 1 605.73474121094 206.25289154053 58.905517578125 55.393692016602 0.99873453378677 20.412326812744 
000231 352 1216 1 606.02453613281 206.27423095703 58.752319335938 55.022918701172 0.99800044298172 20.215684890747 
000232 352 1216 1 605.84146118164 206.34408569336 61.341735839844 56.563629150391 0.99865996837616 20.334644317627 
000233 352 1216 1 605.46646118164 205.97631072998 62.648986816406 56.731674194336 0.9987199306488 21.577043533325 
000234 352 1216 1 605.29724121094 205.17284393311 60.859130859375 55.335159301758 0.99921238422394 22.001083374023 
000235 352 1216 1 605.32891845703 205.29262542725 61.861450195312 56.227432250977 0.99904948472977 21.934038162231 
000236 352 1216 1 604.19488525391 204.70822143555 62.150146484375 56.601348876953 0.99929535388947 21.83194732666 
000237 352 1216 1 604.14453125 205.18015289307 60.8740234375 56.706314086914 0.9993754029274 22.033048629761 
000238 352 1216 1 604.19085693359 204.73330688477 60.85986328125 56.519104003906 0.99946254491806 21.60428237915 
000239 352 1216 1 603.93606567383 203.74388122559 61.490661621094 57.255401611328 0.99973315000534 21.467231750488 
000240 352 1216 1 603.78405761719 203.36034393311 59.817504882812 55.732040405273 0.99979394674301 21.472482681274 
000241 352 1216 1 604.55499267578 203.16263580322 58.3759765625 54.672897338867 0.99983847141266 21.81090927124 
000242 352 1216 1 604.53381347656 203.20095062256 58.124389648438 54.439895629883 0.99973279237747 21.980264663696 
000243 352 1216 1 605.57293701172 202.73952484131 58.141479492188 54.923049926758 0.9995185136795 22.122171401978 
000244 352 1216 1 605.00506591797 201.05387115479 56.38134765625 53.36116027832 0.99977344274521 22.689018249512 
000245 352 1216 1 605.72674560547 200.42140960693 55.619873046875 52.349655151367 0.99976414442062 22.914331436157 
000246 352 1216 1 605.73712158203 200.53826141357 54.181030273438 52.095596313477 0.99968361854553 23.172721862793 
000247 352 1216 1 605.94403076172 200.08930969238 55.197998046875 52.911468505859 0.99972242116928 22.35199546814 
000248 352 1216 1 606.27233886719 200.35134887695 54.003173828125 51.1611328125 0.99985027313232 22.328315734863 
000249 352 1216 1 608.65969848633 200.05195617676 53.098693847656 51.041931152344 0.99984610080719 22.915115356445 
000250 352 1216 1 609.3828125 201.32021331787 51.829345703125 50.558792114258 0.99989950656891 23.524549484253 
000251 352 1216 1 611.24145507812 201.17664337158 54.051147460938 53.303359985352 0.99987006187439 23.133457183838 
000252 352 1216 1 611.42172241211 200.7808303833 51.734069824219 51.187789916992 0.99984860420227 23.25096321106 
000253 352 1216 1 614.78912353516 201.7779083252 54.147827148438 52.466796875 0.99991977214813 23.409782409668 
000254 352 1216 1 617.78091430664 201.24862670898 55.316955566406 55.4033203125 0.99984538555145 22.800832748413 
000255 352 1216 1 618.19012451172 202.46534729004 53.69873046875 53.875366210938 0.99989545345306 22.992294311523 
000256 352 1216 1 618.34823608398 202.59720611572 55.381774902344 53.664321899414 0.99992513656616 22.789215087891 
000257 352 1216 1 619.32864379883 201.9656829834 56.399597167969 53.529571533203 0.99992740154266 22.82116317749 
000258 352 1216 1 621.21423339844 202.46906280518 54.357666015625 52.638473510742 0.99985992908478 23.132404327393 
000259 352 1216 1 622.05413818359 201.57466125488 53.454345703125 50.898651123047 0.9997461438179 23.82603263855 
000260 352 1216 1 624.91674804688 202.23818206787 53.071899414062 50.483596801758 0.99977487325668 23.668409347534 
000261 352 1216 1 625.61108398438 201.81928253174 51.74462890625 48.236526489258 0.99981516599655 24.624677658081 
000262 352 1216 1 625.8782043457 201.24723052979 51.521179199219 45.779586791992 0.99979251623154 25.93399810791 
000263 352 1216 1 628.0859375 202.57839202881 48.981079101562 45.263320922852 0.99980992078781 26.927179336548 
000264 352 1216 1 629.44354248047 202.44315338135 51.849853515625 46.889755249023 0.99988651275635 25.527568817139 
000265 352 1216 1 630.00100708008 201.89394378662 52.562194824219 47.159561157227 0.99987542629242 25.277025222778 
000265 352 1216 1 594.11972045898 184.61017608643 21.411315917969 16.342910766602 0.89225965738297 68.105239868164 
000266 352 1216 1 630.181640625 201.93846893311 54.424926757812 49.739974975586 0.99988579750061 24.564138412476 
000266 352 1216 1 587.55307006836 183.27346038818 16.788146972656 15.838088989258 0.82040023803711 62.966083526611 
000267 352 1216 1 631.5046081543 201.87927246094 51.696350097656 47.761199951172 0.99979919195175 24.727647781372 
000267 352 1216 1 583.19342041016 184.61050415039 18.259887695312 16.680297851562 0.95630824565887 58.394710540771 
000268 352 1216 1 633.20901489258 202.43688201904 52.920104980469 47.836959838867 0.99988210201263 24.978202819824 
000268 352 1216 1 578.1432800293 185.80243682861 19.552673339844 16.695877075195 0.95468336343765 62.059608459473 
000269 352 1216 1 634.71392822266 202.90986633301 54.50390625 48.699645996094 0.99975711107254 24.91556930542 
000269 352 1216 1 570.2155456543 185.87500762939 23.779602050781 19.252639770508 0.952143907547 60.824668884277 
000269 352 1216 1 597.22149658203 184.25032043457 22.235473632812 16.537994384766 0.9155712723732 70.685508728027 
000270 352 1216 1 634.76544189453 202.94017028809 54.755004882812 50.173828125 0.99983966350555 24.121963500977 
000270 352 1216 1 567.96835327148 186.87800598145 29.509216308594 21.007080078125 0.984579205513 61.027568817139 
000270 352 1216 1 596.94598388672 185.53282165527 26.390502929688 18.5146484375 0.97785460948944 67.781845092773 
000271 352 1216 1 634.36474609375 202.87236022949 54.55419921875 50.753784179688 0.99987864494324 24.054014205933 
000271 352 1216 1 591.39810180664 186.06805419922 22.844787597656 18.47705078125 0.95780867338181 63.577373504639 
000271 352 1216 1 560.28604125977 186.95874786377 25.439147949219 19.507308959961 0.86181712150574 62.069007873535 
000272 352 1216 1 634.67413330078 202.56984710693 55.17529296875 50.809036254883 0.99976164102554 24.276781082153 
000272 352 1216 1 551.2438659668 187.225440979 31.513122558594 19.62190246582 0.98501127958298 53.58922958374 
000272 352 1216 1 585.41976928711 186.54134368896 21.177795410156 17.74870300293 0.95178151130676 62.099643707275 
000273 352 1216 1 634.95523071289 202.9963760376 57.039733886719 49.61979675293 0.99973410367966 24.993360519409 
000273 352 1216 1 578.76739501953 188.88626861572 28.070922851562 22.38786315918 0.98808950185776 47.113311767578 
000273 352 1216 1 541.89306640625 188.58595275879 31.777465820312 23.941223144531 0.89234530925751 50.200736999512 
000274 352 1216 1 635.29257202148 202.78745269775 58.098937988281 50.47688293457 0.99970883131027 23.775304794312 
000274 352 1216 1 572.10266113281 190.01354217529 32.302734375 24.165786743164 0.99407768249512 43.600555419922 
000274 352 1216 1 536.58447265625 189.82171630859 36.714599609375 24.943206787109 0.9855038523674 44.304935455322 
000275 352 1216 1 634.9323425293 202.25369262695 55.019958496094 49.045104980469 0.99977523088455 24.285291671753 
000275 352 1216 1 567.11514282227 190.57989501953 38.017639160156 26.089233398438 0.99816447496414 41.377597808838 
000275 352 1216 1 526.41459655762 190.90271759033 36.151153564453 23.52033996582 0.96159440279007 47.56330871582 
000276 352 1216 1 634.70892333984 199.25567626953 52.253051757812 47.384918212891 0.99960106611252 24.609426498413 
000276 352 1216 1 558.25817871094 191.51892089844 38.098022460938 26.211090087891 0.99339181184769 42.090362548828 
000276 352 1216 1 514.56971740723 190.82404327393 43.747283935547 26.977493286133 0.99000483751297 42.560794830322 
000277 352 1216 1 635.70373535156 198.46683502197 54.911254882812 47.891159057617 0.99957352876663 23.792133331299 
000277 352 1216 1 544.56811523438 192.37223052979 46.545043945312 31.190200805664 0.99871110916138 35.037879943848 
000277 352 1216 1 504.77473449707 190.8959197998 47.364837646484 28.902618408203 0.98003262281418 38.910465240479 
000278 352 1216 1 635.81903076172 199.09573364258 55.47412109375 47.785583496094 0.9997918009758 24.384757995605 
000278 352 1216 1 536.31094360352 195.09790802002 51.367614746094 33.402420043945 0.99813687801361 36.209796905518 
000278 352 1216 1 487.56112670898 194.62087249756 51.360290527344 28.582382202148 0.98102045059204 41.090667724609 
000279 352 1216 1 522.72175598145 198.27635192871 56.087860107422 36.526397705078 0.99976521730423 29.762828826904 
000279 352 1216 1 636.90805053711 199.14610290527 53.643371582031 47.653625488281 0.99969589710236 24.453756332397 
000279 352 1216 1 473.38641357422 198.3483505249 56.575561523438 34.099655151367 0.99188703298569 33.94446182251 
000280 352 1216 1 637.23382568359 198.96871185303 53.112060546875 51.02067565918 0.99965167045593 23.846982955933 
000280 352 1216 1 501.56066894531 202.44766998291 66.608764648438 45.452743530273 0.9996223449707 26.08490562439 
000280 352 1216 1 454.49758911133 200.43085479736 65.499633789062 36.461166381836 0.99883264303207 34.088928222656 
000281 352 1216 1 474.86778259277 207.01480865479 73.743255615234 47.611526489258 0.99987185001373 24.138061523438 
000281 352 1216 1 430.35452270508 203.37359619141 79.878784179688 43.725067138672 0.99964094161987 29.248935699463 
000281 352 1216 1 637.57281494141 198.1459274292 49.76513671875 47.64729309082 0.99958699941635 23.941968917847 
000282 352 1216 1 437.02307128906 212.60559082031 96.740478515625 57.049591064453 0.9999086856842 26.174522399902 
000282 352 1216 1 637.69091796875 199.57481384277 54.202758789062 50.836639404297 0.9994078874588 22.477682113647 
000283 352 1216 1 403.84552001953 220.28395843506 117.62530517578 66.813003540039 0.99980312585831 22.657735824585 
000283 352 1216 1 637.72412109375 199.08571624756 52.491455078125 50.545211791992 0.99941861629486 22.588571548462 
000284 352 1216 1 352.19427490234 229.24022674561 153.27026367188 85.700149536133 0.99984467029572 22.156585693359 
000284 352 1216 1 640.13446044922 198.62963104248 51.317749023438 48.014511108398 0.99957317113876 23.086465835571 
000285 352 1216 1 269.60683441162 254.04851531982 236.22602844238 131.03511047363 0.99987745285034 11.660298347473 
000285 352 1216 1 640.31521606445 199.13185882568 53.758117675781 49.608016967773 0.99962794780731 22.89479637146 
000286 352 1216 1 641.36935424805 197.51661682129 52.499572753906 49.678924560547 0.99957829713821 22.163417816162 
000286 352 1216 1 159.23520898819 279.47579956055 312.15696239471 157.86669921875 0.97924989461899 7.3901166915894 
000287 352 1216 1 642.43185424805 197.98828125 52.663757324219 49.528717041016 0.99966037273407 23.306201934814 
000287 352 1216 1 42.166172027588 272.36672210693 238.71523284912 156.32081604004 0.9439178109169 8.856987953186 
000288 352 1216 1 643.91613769531 198.32621002197 54.730590820312 51.21711730957 0.99941492080688 22.820041656494 
000289 352 1216 1 644.84454345703 198.1597366333 55.982788085938 51.321884155273 0.99892348051071 22.763130187988 
000290 352 1216 1 645.197265625 198.43257904053 53.674926757812 52.371536254883 0.9990399479866 22.759836196899 
000291 352 1216 1 645.21075439453 198.4070892334 54.70361328125 51.952728271484 0.99894398450851 23.13130569458 
000292 352 1216 1 643.41778564453 198.37504577637 52.8134765625 51.261871337891 0.99940431118011 23.470344543457 
000293 352 1216 1 642.30828857422 198.9401550293 52.952758789062 52.934753417969 0.99947220087051 23.353784561157 
