000000 352 1216 1 511.89414978027 195.96361541748 101.1037902832 40.013870239258 0.9992852807045 30.479465484619 
000000 352 1216 3 610.90216064453 218.52894592285 112.79846191406 98.261383056641 0.99658405780792 13.644821166992 
000001 352 1216 1 524.69879150391 195.54497528076 100.38793945312 38.077774047852 0.99781042337418 34.376922607422 
000001 352 1216 3 626.54138183594 220.03660583496 107.70874023438 99.487396240234 0.99349725246429 12.911497116089 
000002 352 1216 1 535.84248352051 196.29114532471 95.252899169922 36.568283081055 0.99939584732056 34.691219329834 
000002 352 1216 3 644.70251464844 218.47924041748 98.360717773438 97.369522094727 0.99211406707764 14.144649505615 
000003 352 1216 1 548.28036499023 195.70194244385 93.563049316406 36.397598266602 0.99769538640976 35.443920135498 
000003 352 1216 3 662.39059448242 215.63022613525 100.29083251953 95.181869506836 0.995181620121 13.570037841797 
000004 352 1216 1 560.01034545898 196.28447723389 91.875305175781 33.445114135742 0.99832099676132 38.189254760742 
000004 352 1216 3 680.35641479492 216.7438659668 109.57037353516 104.66320800781 0.99065428972244 12.840201377869 
000005 352 1216 1 575.23190307617 196.64806365967 90.986389160156 34.641036987305 0.99804556369781 36.604537963867 
000005 352 1216 3 702.81237792969 213.63277435303 97.413452148438 85.785537719727 0.9970822930336 15.5743227005 
000006 352 1216 1 588.66473388672 195.66422271729 103.78637695312 37.391708374023 0.99878066778183 36.248043060303 
000006 352 1216 3 722.63592529297 215.62140655518 107.5166015625 98.717636108398 0.99892348051071 13.208116531372 
000007 352 1216 1 599.12814331055 196.26668548584 97.014587402344 36.83561706543 0.99953544139862 33.013732910156 
000007 352 1216 3 737.85559082031 215.71781158447 105.21740722656 93.852645874023 0.99865013360977 15.519232749939 
000008 352 1216 1 607.58569335938 195.30548095703 94.947387695312 35.669342041016 0.99835640192032 33.987720489502 
000008 352 1216 3 755.43264770508 214.94142913818 116.39617919922 99.453140258789 0.99857771396637 13.57311630249 
000009 352 1216 1 621.25662231445 195.65118408203 100.49090576172 36.190277099609 0.99848395586014 34.567291259766 
000009 352 1216 3 771.02392578125 214.56387329102 100.60473632812 90.328125 0.99837553501129 15.695605278015 
000010 352 1216 1 632.53884887695 196.19526672363 91.207702636719 33.653289794922 0.99901735782623 36.164264678955 
000010 352 1216 3 792.7946472168 214.03460693359 105.32891845703 91.494201660156 0.99679189920425 14.008887290955 
000011 352 1216 1 639.91394042969 195.49604797363 95.178100585938 35.315765380859 0.9985219836235 34.415580749512 
000011 352 1216 3 806.30612182617 213.06468200684 111.33599853516 99.186859130859 0.99765634536743 13.283781051636 
000012 352 1216 1 652.08898925781 193.88257598877 87.769409179688 33.702438354492 0.99653732776642 35.249248504639 
000012 352 1216 3 826.36950683594 212.59882354736 115.06176757812 97.28288269043 0.99855548143387 12.999848365784 
000013 352 1216 1 663.97158813477 194.72922515869 81.119689941406 32.617813110352 0.9996372461319 35.218845367432 
000013 352 1216 3 839.57827758789 212.7515411377 108.92156982422 98.749053955078 0.99883991479874 13.185519218445 
000014 352 1216 1 669.31536865234 194.19799804688 79.595703125 32.611206054688 0.99839180707932 36.925411224365 
000014 352 1216 3 859.70010375977 213.33460235596 120.18048095703 106.16648864746 0.99883681535721 13.166598320007 
000015 352 1216 1 678.73001098633 193.47024536133 74.331726074219 32.041931152344 0.99757713079453 36.775100708008 
000015 352 1216 3 874.50253295898 214.17691802979 113.75592041016 98.240036010742 0.99871873855591 13.006014823914 
000016 352 1216 1 688.19839477539 194.27075958252 63.896789550781 31.350479125977 0.99750816822052 36.891975402832 
000016 352 1216 3 894.64010620117 213.81134796143 110.23236083984 92.860946655273 0.9986287355423 14.034679412842 
000017 352 1216 1 696.67211914062 194.32891845703 61.871948242188 30.103057861328 0.98218631744385 38.735591888428 
000017 352 1216 3 912.56747436523 212.12683105469 114.43902587891 97.164001464844 0.99841701984406 14.371328353882 
000018 352 1216 1 701.80163574219 193.7419128418 64.759399414062 30.175231933594 0.99423789978027 37.308681488037 
000018 352 1216 3 928.85610961914 211.40916442871 105.73114013672 89.543914794922 0.99847131967545 15.127035140991 
000019 352 1216 1 712.05554199219 192.29455566406 55.58154296875 28.349334716797 0.99351465702057 38.232894897461 
000019 352 1216 3 947.12832641602 211.47312164307 110.57757568359 92.704086303711 0.99913054704666 13.883052825928 
000020 352 1216 1 719.05868530273 192.2659072876 51.700500488281 28.977005004883 0.97720813751221 41.175361633301 
000020 352 1216 1 667.03509521484 192.19657897949 33.821899414062 23.491668701172 0.93848955631256 47.10888671875 
000020 352 1216 3 961.71334838867 209.17656707764 115.05401611328 94.416885375977 0.99749398231506 14.763470649719 
000021 352 1216 1 726.68823242188 192.69245147705 49.557373046875 29.085739135742 0.98827016353607 39.383522033691 
000021 352 1216 1 667.08996582031 192.33430480957 37.358642578125 24.646850585938 0.93538796901703 44.393497467041 
000021 352 1216 3 980.3798828125 210.44623565674 113.19091796875 88.836135864258 0.99796789884567 14.842669487 
000022 352 1216 1 728.96884155273 193.23783874512 48.016662597656 29.479522705078 0.99548751115799 39.451293945312 
000022 352 1216 1 668.87557983398 192.03314208984 36.363586425781 23.36328125 0.92934304475784 42.982986450195 
000022 352 1216 3 993.89019775391 207.65200042725 108.78479003906 87.062911987305 0.99414151906967 15.777839660645 
000023 352 1216 1 732.83547973633 193.21282958984 50.244812011719 30.762023925781 0.99794429540634 37.184074401855 
000023 352 1216 1 668.80288696289 191.24800109863 37.278991699219 23.773376464844 0.93035447597504 43.792552947998 
000023 352 1216 3 1010.990814209 206.48820495605 111.96246337891 85.30029296875 0.99416333436966 15.161360740662 
000024 352 1216 1 733.62069702148 192.66779327393 45.691101074219 30.476913452148 0.99355006217957 38.899803161621 
000024 352 1216 1 668.86853027344 191.96002197266 35.736206054688 23.212280273438 0.92296475172043 43.568412780762 
000024 352 1216 3 1025.1018981934 208.33690643311 123.67364501953 97.152481079102 0.99200940132141 14.821756362915 
000025 352 1216 1 738.35241699219 191.74433135986 44.88134765625 28.72331237793 0.99344998598099 40.867321014404 
000025 352 1216 1 668.82659912109 191.29386138916 37.849853515625 24.603500366211 0.95689743757248 43.170093536377 
000025 352 1216 3 1040.2367248535 209.41772460938 119.11492919922 96.256042480469 0.99876618385315 13.262422561646 
000026 352 1216 1 740.38366699219 192.79489135742 42.2138671875 27.287780761719 0.98491203784943 43.840808868408 
000026 352 1216 1 668.81530761719 191.24285888672 37.576049804688 24.151947021484 0.95645809173584 43.984222412109 
000026 352 1216 3 1055.9868164062 208.84028625488 115.45922851562 99.406097412109 0.9972437620163 13.309335708618 
000027 352 1216 1 744.13046264648 193.25540924072 42.143859863281 27.214401245117 0.98307645320892 41.455375671387 
000027 352 1216 1 668.81341552734 191.19091796875 38.65771484375 24.061767578125 0.95416820049286 44.43087387085 
000027 352 1216 3 1073.3290405273 207.86585235596 112.85754394531 88.592330932617 0.99770265817642 14.678331375122 
000028 352 1216 1 747.52835083008 193.3452911377 37.105529785156 25.839996337891 0.98701393604279 40.430953979492 
000028 352 1216 1 668.15615844727 191.51470947266 39.522033691406 24.147369384766 0.9410651922226 43.938610076904 
000028 352 1216 3 1091.2888183594 205.9430770874 109.66259765625 87.798782348633 0.99238634109497 17.709371566772 
000029 352 1216 1 752.04370117188 193.37141418457 35.469360351562 26.685180664062 0.98743909597397 40.701248168945 
000029 352 1216 1 667.50643920898 192.34116363525 39.652160644531 23.937576293945 0.94805407524109 44.082447052002 
000029 352 1216 3 1111.7524414062 205.18543243408 102.6787109375 80.410659790039 0.99871361255646 16.405179977417 
000030 352 1216 1 753.35998535156 193.32738494873 34.363403320312 26.351455688477 0.98001831769943 42.125785827637 
000030 352 1216 1 667.03735351562 192.27918243408 38.014892578125 23.594192504883 0.91860568523407 44.046474456787 
000030 352 1216 2 557.54342651367 195.5941619873 14.150573730469 28.120269775391 0.74675393104553 43.008209228516 
000030 352 1216 3 1123.2404785156 203.98169708252 101.19921875 79.814834594727 0.99532073736191 18.150852203369 
000031 352 1216 1 756.11752319336 193.33966064453 32.871276855469 25.515197753906 0.98151081800461 43.644111633301 
000031 352 1216 1 668.16363525391 191.54576873779 37.91748046875 23.819717407227 0.94663214683533 44.306217193604 
000031 352 1216 3 1136.871887207 204.02306365967 113.03063964844 87.960861206055 0.99776530265808 15.421590805054 
000032 352 1216 1 758.599609375 191.858543396 32.244750976562 25.023483276367 0.9740919470787 44.970771789551 
000032 352 1216 1 667.32431030273 191.13660430908 38.063659667969 23.770736694336 0.93555873632431 44.270374298096 
000032 352 1216 3 1156.489440918 202.00890350342 91.732055664062 77.142654418945 0.96568334102631 17.280866622925 
000033 352 1216 1 759.40927124023 192.94422149658 30.348449707031 24.463821411133 0.98591029644012 46.259864807129 
000033 352 1216 1 667.013671875 192.19848632812 36.0556640625 22.504058837891 0.90744405984879 45.597412109375 
000033 352 1216 3 1180.6657714844 200.79118347168 99.849853515625 77.515625 0.94311839342117 18.625110626221 
000034 352 1216 1 760.76104736328 192.26948547363 30.247314453125 25.204406738281 0.96549934148788 44.437408447266 
000034 352 1216 1 667.52944946289 193.0542755127 36.653015136719 22.216491699219 0.90132963657379 46.097732543945 
000034 352 1216 3 1193.0308837891 201.59700012207 92.1630859375 76.550964355469 0.99281525611877 17.706485748291 
000035 352 1216 1 761.66247558594 191.99549865723 28.829956054688 24.691589355469 0.96912306547165 44.982513427734 
000035 352 1216 1 667.00405883789 192.2015914917 37.070739746094 22.604110717773 0.92642694711685 46.521266937256 
000035 352 1216 2 1201.9010009766 199.63354492188 41.7001953125 87.070343017578 0.88263732194901 16.888904571533 
000036 352 1216 1 761.54647827148 190.00408172607 27.079772949219 22.852798461914 0.97553509473801 48.308822631836 
000036 352 1216 1 667.30337524414 193.43817138672 37.510437011719 22.887268066406 0.93728184700012 47.039131164551 
000036 352 1216 3 1209.8299560547 202.87839508057 85.136962890625 82.329452514648 0.95713472366333 17.560169219971 
000037 352 1216 1 761.53344726562 189.94973754883 27.29541015625 22.586639404297 0.98781579732895 49.762199401855 
000037 352 1216 1 666.99768066406 192.13170623779 36.440551757812 22.565933227539 0.92330622673035 47.427436828613 
000038 352 1216 1 761.55987548828 190.0152053833 27.446044921875 22.898513793945 0.98913645744324 50.240127563477 
000038 352 1216 1 667.33267211914 193.42462158203 36.132263183594 23.293029785156 0.94895106554031 46.13846206665 
000038 352 1216 2 535.88174438477 191.72776031494 11.635070800781 22.650680541992 0.65225517749786 43.169967651367 
000039 352 1216 1 761.92767333984 190.46801757812 28.044921875 23.250793457031 0.98742443323135 48.451461791992 
000039 352 1216 1 667.32287597656 193.41744232178 38.206787109375 23.45671081543 0.94709748029709 45.905143737793 
000040 352 1216 1 761.93569946289 190.50408172607 28.622863769531 23.072036743164 0.97767353057861 47.888004302979 
000040 352 1216 1 666.99221801758 192.14253234863 36.533386230469 22.521759033203 0.90959763526917 45.573406219482 
000041 352 1216 1 761.85302734375 190.44055938721 26.56689453125 21.653335571289 0.96694338321686 51.406665802002 
000041 352 1216 1 667.34512329102 193.52796173096 37.343200683594 23.41032409668 0.94594395160675 46.448356628418 
000042 352 1216 1 761.88381958008 190.97370147705 26.312316894531 21.238815307617 0.96172690391541 52.825176239014 
000042 352 1216 1 667.30194091797 193.42440032959 37.410766601562 22.523422241211 0.94227260351181 46.261333465576 
000042 352 1216 2 523.89385986328 194.69931030273 11.58642578125 24.706085205078 0.72882181406021 41.766784667969 
000043 352 1216 1 761.45391845703 191.74926757812 25.568359375 20.477783203125 0.96438717842102 51.781536102295 
000043 352 1216 1 666.99505615234 192.16802215576 36.482788085938 22.449569702148 0.93331676721573 47.063362121582 
000044 352 1216 1 761.4719543457 191.76431274414 26.035705566406 20.624450683594 0.95780670642853 56.028377532959 
000044 352 1216 1 667.05834960938 192.3157119751 38.719970703125 23.685684204102 0.93443596363068 45.826187133789 
000045 352 1216 1 668.17840576172 193.50924682617 38.884765625 23.410491943359 0.96429347991943 46.402744293213 
000045 352 1216 1 761.427734375 191.69504547119 24.74072265625 19.755447387695 0.96167206764221 55.527145385742 
000046 352 1216 1 761.79455566406 190.3070602417 25.252685546875 19.99250793457 0.97365391254425 57.485721588135 
000046 352 1216 1 668.19006347656 193.50045013428 38.101928710938 23.61491394043 0.96216195821762 45.63272857666 
000047 352 1216 1 761.35180664062 189.76531219482 23.660766601562 19.187973022461 0.97258514165878 58.360767364502 
000047 352 1216 1 668.19094848633 193.50617980957 38.260681152344 24.572448730469 0.94911199808121 45.780475616455 
000048 352 1216 1 761.36080932617 189.78314208984 23.812072753906 19.3525390625 0.96775770187378 57.543544769287 
000048 352 1216 1 668.17413330078 193.44473266602 37.8818359375 23.970245361328 0.95254546403885 45.545127868652 
000048 352 1216 2 507.02662658691 192.40014648438 15.281951904297 30.253967285156 0.8302698135376 37.194961547852 
000049 352 1216 1 761.38549804688 189.82625579834 24.901611328125 19.531509399414 0.98134344816208 57.683662414551 
000049 352 1216 1 668.18060302734 193.49047851562 37.280029296875 23.531646728516 0.95689976215363 46.494640350342 
000049 352 1216 2 506.61767578125 191.02756500244 13.31396484375 26.572952270508 0.77338254451752 39.570644378662 
000050 352 1216 1 761.09634399414 190.38372039795 26.338439941406 20.569778442383 0.97170287370682 55.901992797852 
000050 352 1216 1 668.0969543457 192.48987579346 38.238586425781 23.962692260742 0.94522339105606 45.163154602051 
000050 352 1216 2 504.41206359863 193.33219146729 17.025848388672 30.672256469727 0.87105280160904 37.916454315186 
000051 352 1216 1 761.03573608398 190.30127716064 25.556945800781 19.621810913086 0.9726305603981 58.279174804688 
000051 352 1216 1 667.03939819336 192.26104736328 37.828430175781 23.536376953125 0.94789958000183 45.774250030518 
000051 352 1216 2 503.17233276367 194.59645080566 16.108764648438 30.006713867188 0.8808981180191 37.770259857178 
000052 352 1216 1 761.41488647461 189.87747955322 27.130798339844 19.997268676758 0.98069542646408 57.377838134766 
000052 352 1216 1 667.33505249023 193.52886199951 39.130920410156 23.490036010742 0.94816368818283 45.825855255127 
000053 352 1216 1 761.3811340332 189.86468505859 26.336486816406 19.302612304688 0.97583949565887 59.186458587646 
000053 352 1216 1 668.18560791016 193.52812957764 38.263061523438 23.609024047852 0.95572382211685 46.120132446289 
000054 352 1216 1 761.41110229492 189.88646697998 25.588073730469 20.050430297852 0.98543983697891 58.442176818848 
000054 352 1216 1 668.20495605469 193.56442260742 37.752563476562 24.076110839844 0.96611070632935 45.271690368652 
000055 352 1216 1 760.28201293945 190.19017028809 25.262145996094 18.961395263672 0.97879248857498 58.555309295654 
000055 352 1216 1 668.19564819336 193.5513381958 37.132263183594 24.279434204102 0.96223986148834 45.375465393066 
000055 352 1216 2 492.3910369873 191.97164154053 20.530120849609 32.173782348633 0.75179517269135 37.028121948242 
000056 352 1216 1 668.20275878906 193.55407714844 38.088745117188 24.340087890625 0.96525573730469 45.624004364014 
000056 352 1216 1 758.06274414062 190.87404632568 27.860107421875 17.988174438477 0.95747053623199 60.251319885254 
000057 352 1216 1 757.61386108398 190.11965179443 25.883117675781 17.687881469727 0.97001218795776 60.474933624268 
000057 352 1216 1 667.3444519043 193.50202178955 38.396179199219 23.781265258789 0.95364040136337 45.085964202881 
000058 352 1216 1 760.2463684082 190.20292663574 27.186218261719 18.546661376953 0.98098915815353 60.057434082031 
000058 352 1216 1 668.17810058594 193.4923248291 39.108520507812 24.030639648438 0.95700758695602 44.764305114746 
000059 352 1216 1 760.28671264648 190.1831741333 27.796203613281 19.400833129883 0.98380637168884 57.63533782959 
000059 352 1216 1 667.31607055664 193.41020965576 37.184020996094 22.759658813477 0.95029604434967 46.223918914795 
000060 352 1216 1 759.45742797852 190.27375030518 27.908264160156 18.224746704102 0.97275656461716 61.870197296143 
000060 352 1216 1 667.34356689453 193.50513458252 37.509155273438 23.343307495117 0.9578418135643 45.53120803833 
000061 352 1216 1 756.48629760742 189.17105102539 29.246887207031 18.262786865234 0.97212064266205 61.526317596436 
000061 352 1216 1 667.48458862305 193.60834503174 37.612609863281 23.249160766602 0.96631079912186 45.329536437988 
000062 352 1216 1 668.19491577148 193.53179931641 38.172668457031 24.149139404297 0.96045386791229 45.029315948486 
000062 352 1216 1 756.40374755859 188.99912261963 29.124877929688 18.486923217773 0.92138934135437 63.297557830811 
000062 352 1216 2 475.0207824707 195.75969696045 18.217956542969 35.249008178711 0.76372611522675 39.295944213867 
000063 352 1216 1 667.51190185547 193.72760772705 37.73779296875 23.83039855957 0.96996629238129 46.268814086914 
000063 352 1216 1 756.01016235352 189.67505645752 30.003967285156 18.735916137695 0.88844358921051 65.1943359375 
000064 352 1216 1 668.23751831055 192.56916046143 38.413391113281 24.183029174805 0.97017192840576 45.010894775391 
000064 352 1216 1 754.12884521484 189.66778564453 29.294189453125 19.047515869141 0.73645508289337 64.099327087402 
000065 352 1216 1 667.49255371094 193.66914367676 37.430786132812 23.6953125 0.97167080640793 45.685119628906 
000065 352 1216 1 751.99533081055 188.30389404297 29.341857910156 16.914154052734 0.92396521568298 66.85514831543 
000066 352 1216 1 668.17498779297 193.50924682617 39.065673828125 24.041168212891 0.96824741363525 45.879077911377 
000066 352 1216 1 751.9479675293 188.26834106445 29.338928222656 16.212738037109 0.87853223085403 67.90714263916 
000067 352 1216 1 668.78253173828 192.14440917969 37.391235351562 23.638397216797 0.96336501836777 45.575370788574 
000067 352 1216 1 749.87329101562 187.5322265625 28.569946289062 16.346832275391 0.90123724937439 68.428016662598 
000068 352 1216 1 668.17138671875 192.39124298096 37.65771484375 23.757064819336 0.97443854808807 44.751182556152 
000069 352 1216 1 668.75836181641 192.06867218018 35.368286132812 22.77229309082 0.95163422822952 46.031719207764 
000069 352 1216 1 751.38613891602 188.73526763916 30.141784667969 16.173202514648 0.8283970952034 67.952796936035 
000070 352 1216 1 668.16516113281 193.46734619141 37.040771484375 23.583587646484 0.95672416687012 45.305282592773 
000070 352 1216 1 753.208984375 187.97802734375 28.739868164062 16.88818359375 0.79427081346512 67.794052124023 
000071 352 1216 1 668.7770690918 192.12038421631 35.800598144531 22.921005249023 0.96872544288635 46.327686309814 
000071 352 1216 1 749.73193359375 188.47122955322 30.8662109375 17.003402709961 0.83188843727112 67.12979888916 
000072 352 1216 1 668.80313110352 192.19671630859 36.747253417969 23.082611083984 0.97557473182678 45.826057434082 
000072 352 1216 1 748.8544921875 187.84787750244 29.297241210938 16.456558227539 0.83941572904587 68.56436920166 
000073 352 1216 1 667.64999389648 192.21809387207 37.116516113281 23.904205322266 0.97754430770874 44.450889587402 
000073 352 1216 1 748.19827270508 188.09927368164 29.799743652344 16.547027587891 0.74788737297058 66.899253845215 
000074 352 1216 1 668.79843139648 192.18330383301 36.676330566406 23.502349853516 0.97583073377609 45.606582641602 
000074 352 1216 1 748.16879272461 187.97998046875 26.892761230469 16.649291992188 0.79697453975677 66.986061096191 
000075 352 1216 1 668.17178344727 193.45718383789 36.640930175781 23.476745605469 0.96182423830032 45.256965637207 
000076 352 1216 1 668.82528686523 192.91492462158 36.190612792969 22.965042114258 0.96297258138657 45.885349273682 
000077 352 1216 1 668.77740478516 192.1330947876 35.755981445312 22.988845825195 0.96635937690735 45.857818603516 
