000000 352 1216 1 504.1607208252 177.56224822998 42.148651123047 25.963241577148 0.98927336931229 42.398727416992 
000000 352 1216 1 1104.3436279297 181.49412536621 152.72216796875 52.938537597656 0.92982006072998 32.972045898438 
000000 352 1216 2 940.44805908203 187.18949890137 25.446899414062 49.870208740234 0.69819897413254 26.573909759521 
000001 352 1216 1 503.81188964844 177.4161605835 41.9189453125 26.375045776367 0.99046057462692 41.534912109375 
000001 352 1216 1 1104.4073486328 181.78126525879 142.87109375 49.581024169922 0.97135847806931 31.583600997925 
000002 352 1216 1 503.41874694824 178.27799987793 42.873931884766 27.720825195312 0.99461913108826 41.059726715088 
000002 352 1216 1 1103.6036987305 182.56055450439 143.45397949219 51.090377807617 0.92081081867218 31.766988754272 
000002 352 1216 2 945.07855224609 186.40797424316 30.85205078125 56.275360107422 0.71493375301361 24.259651184082 
000003 352 1216 1 505.45179748535 177.99987030029 43.501556396484 27.60334777832 0.99491679668427 40.611694335938 
000003 352 1216 1 1105.9192504883 180.63159179688 138.05285644531 48.092742919922 0.91003954410553 35.415946960449 
000004 352 1216 1 505.37240600586 177.92514038086 40.979309082031 27.480743408203 0.99240428209305 41.4953956604 
000004 352 1216 1 1107.7684936523 182.15832519531 144.04211425781 50.118774414062 0.96327275037766 33.523643493652 
000005 352 1216 1 505.64042663574 178.5927734375 43.417633056641 27.735870361328 0.99093854427338 42.013191223145 
000005 352 1216 1 1109.8071899414 181.49381256104 141.18957519531 49.297561645508 0.96735841035843 33.003589630127 
000005 352 1216 2 949.32412719727 186.87674713135 29.717346191406 51.941146850586 0.8910226225853 24.534442901611 
000006 352 1216 1 1111.3778076172 182.85729217529 130.6240234375 46.935165405273 0.99557244777679 29.989763259888 
000006 352 1216 1 503.11308288574 179.31610107422 44.276885986328 29.313018798828 0.99473935365677 41.660575866699 
000007 352 1216 1 1116.2448730469 185.17790985107 150.7333984375 54.886306762695 0.99646323919296 27.82279586792 
000007 352 1216 1 503.15214538574 179.46333312988 44.223419189453 29.655151367188 0.99505794048309 40.476432800293 
000007 352 1216 2 956.5749206543 188.24110412598 30.861633300781 56.455749511719 0.95253533124924 26.549640655518 
000008 352 1216 1 1114.2630004883 185.07681274414 150.24841308594 54.426177978516 0.9979944229126 29.311019897461 
000008 352 1216 1 504.2868347168 180.46130371094 44.590026855469 30.254119873047 0.99563676118851 38.784034729004 
000008 352 1216 2 953.99462890625 187.81901550293 26.0703125 55.530731201172 0.97250407934189 25.556095123291 
000009 352 1216 1 505.53991699219 180.46632385254 44.254028320312 29.309356689453 0.99666434526443 38.280517578125 
000009 352 1216 1 1115.7743530273 184.53424072266 147.42492675781 52.435516357422 0.99346703290939 30.697336196899 
000009 352 1216 2 953.57281494141 188.17638397217 27.207397460938 56.816329956055 0.97587943077087 25.653573989868 
000010 352 1216 1 505.73004150391 180.23147583008 45.760498046875 29.265502929688 0.99702161550522 39.422473907471 
000010 352 1216 1 1115.6471557617 184.85214233398 154.29284667969 55.218200683594 0.99360549449921 29.110570907593 
000010 352 1216 2 953.34173583984 188.01081085205 23.898803710938 52.97102355957 0.98191928863525 26.370296478271 
000011 352 1216 1 505.77235412598 180.19424438477 43.264984130859 30.690612792969 0.99659830331802 38.432266235352 
000011 352 1216 1 1123.739074707 184.14302062988 146.08679199219 53.451171875 0.98857456445694 30.536231994629 
000011 352 1216 2 952.84310913086 187.68884277344 23.329650878906 53.769287109375 0.98933893442154 25.23791885376 
000012 352 1216 1 506.58532714844 180.49510955811 41.989501953125 30.077865600586 0.99431616067886 38.264003753662 
000012 352 1216 1 1135.5786132812 184.51391601562 129.96337890625 48.576416015625 0.98163741827011 32.5622215271 
000012 352 1216 2 954.52777099609 189.39057159424 22.061645507812 55.709091186523 0.8895508646965 28.636817932129 
000013 352 1216 1 508.65144348145 179.35033416748 40.030731201172 28.276992797852 0.99121081829071 39.075691223145 
000013 352 1216 1 1133.8159179688 184.32613372803 133.92822265625 51.275283813477 0.90012282133102 34.165863037109 
000013 352 1216 2 955.19360351562 186.97624206543 29.187744140625 59.605621337891 0.66761833429337 26.318157196045 
000014 352 1216 1 512.55290222168 179.64346313477 41.890655517578 27.515411376953 0.99554318189621 38.612731933594 
000014 352 1216 1 1143.046081543 186.67353820801 145.34997558594 57.007995605469 0.9929324388504 30.587238311768 
000014 352 1216 2 954.93090820312 184.52973175049 21.830688476562 54.78596496582 0.95293796062469 27.531713485718 
000015 352 1216 1 512.12428283691 180.0154800415 42.114105224609 27.283981323242 0.99420976638794 38.873592376709 
000015 352 1216 2 961.28857421875 186.61875915527 27.603393554688 64.498718261719 0.96449053287506 23.258602142334 
000016 352 1216 1 512.79406738281 179.69477844238 38.367431640625 26.722137451172 0.99506747722626 39.17696762085 
000016 352 1216 2 965.19989013672 189.72179412842 30.977294921875 61.524185180664 0.95710533857346 21.434526443481 
000017 352 1216 1 519.35417175293 179.46977996826 40.073883056641 25.344955444336 0.99217391014099 41.808578491211 
000017 352 1216 2 973.00793457031 183.94451904297 38.5224609375 57.391296386719 0.64499461650848 25.489887237549 
000018 352 1216 1 522.67869567871 178.99454498291 42.354644775391 26.893600463867 0.99181056022644 39.708053588867 
000018 352 1216 1 564.24435424805 176.24927520752 31.538879394531 18.967697143555 0.71939665079117 61.8825340271 
000018 352 1216 2 978.4606628418 190.46887207031 43.770202636719 70.078582763672 0.89159214496613 22.018239974976 
000019 352 1216 1 527.18301391602 178.93605041504 44.223083496094 27.512268066406 0.9957577586174 38.60661315918 
000019 352 1216 1 567.70416259766 176.03799438477 26.615112304688 17.894439697266 0.79871636629105 63.033348083496 
000019 352 1216 2 980.16955566406 188.07317352295 31.7314453125 60.537155151367 0.82883667945862 25.21170425415 
000020 352 1216 1 529.5025177002 179.08715057373 43.988983154297 29.275283813477 0.99666446447372 36.814834594727 
000020 352 1216 1 565.94274902344 176.16617584229 27.267700195312 18.30207824707 0.86451441049576 58.776683807373 
000020 352 1216 2 982.90225219727 189.83944702148 31.905334472656 64.953399658203 0.98346519470215 21.709915161133 
000021 352 1216 1 531.70600891113 177.61875915527 44.615081787109 29.826232910156 0.9971017241478 36.573528289795 
000021 352 1216 2 986.00918579102 187.48299407959 24.807922363281 54.91960144043 0.99693089723587 24.306163787842 
000022 352 1216 1 537.63314819336 178.8625869751 45.611877441406 29.30940246582 0.99764060974121 37.613033294678 
000022 352 1216 2 993.44393920898 186.03363800049 33.443054199219 61.465530395508 0.83773791790009 22.488119125366 
000023 352 1216 1 540.31018066406 177.38497924805 47.95263671875 30.881561279297 0.9948964715004 35.965076446533 
000023 352 1216 1 582.64315795898 172.32740783691 30.241271972656 18.172882080078 0.87521708011627 63.409992218018 
000024 352 1216 1 544.04235839844 177.36582183838 48.772705078125 30.131607055664 0.99774879217148 35.690467834473 
000024 352 1216 1 583.65661621094 172.1509475708 30.410278320312 18.232467651367 0.89929550886154 59.529891967773 
000025 352 1216 1 547.15747070312 177.63798522949 45.578857421875 30.340240478516 0.99766516685486 36.302951812744 
000025 352 1216 1 592.35189819336 173.23008728027 35.468811035156 20.206909179688 0.83749508857727 59.56078338623 
000025 352 1216 2 1006.4722900391 186.92755889893 30.414428710938 58.038955688477 0.91128486394882 23.593452453613 
000026 352 1216 1 549.94869995117 178.09082794189 46.614807128906 30.445724487305 0.99630427360535 36.592624664307 
000026 352 1216 1 600.98620605469 175.1245880127 34.529052734375 20.271118164062 0.83345979452133 65.522499084473 
000026 352 1216 2 1016.7688903809 188.18002319336 31.312561035156 65.672393798828 0.92389690876007 22.586856842041 
000027 352 1216 1 554.93206787109 177.80432128906 48.562377929688 28.102447509766 0.99544239044189 37.655384063721 
000027 352 1216 1 594.81787109375 172.76440429688 30.5361328125 16.593414306641 0.79513198137283 71.300636291504 
000027 352 1216 2 1019.4841003418 187.67697906494 32.965881347656 62.276748657227 0.92724579572678 24.807130813599 
000028 352 1216 1 555.25051879883 178.30738830566 48.698669433594 28.112915039062 0.99536728858948 37.849342346191 
000028 352 1216 1 594.18356323242 173.51958465576 32.835266113281 17.910049438477 0.76556766033173 67.416542053223 
000028 352 1216 2 1023.4339599609 184.7220993042 32.105712890625 62.927749633789 0.85837006568909 23.195114135742 
000029 352 1216 1 554.99835205078 179.59188079834 51.29833984375 29.402450561523 0.99683147668839 38.197509765625 
000029 352 1216 1 598.02066040039 175.66352844238 33.500427246094 17.498779296875 0.92262572050095 68.191902160645 
000029 352 1216 2 1018.2756347656 188.25042724609 31.689453125 67.193023681641 0.86259669065475 25.514287948608 
000030 352 1216 1 552.1526184082 182.34222412109 49.750793457031 31.667999267578 0.9992008805275 35.047626495361 
000030 352 1216 2 1018.5784606934 193.005859375 38.712463378906 68.373168945312 0.97305977344513 20.942417144775 
000031 352 1216 1 545.09115600586 183.70230865479 46.955383300781 35.423599243164 0.99849104881287 32.769153594971 
000031 352 1216 1 594.30187988281 177.29342651367 31.09130859375 18.924957275391 0.87234908342361 63.068653106689 
000031 352 1216 2 1018.3387145996 193.42095947266 35.363586425781 69.726013183594 0.99075525999069 18.669466018677 
000032 352 1216 1 540.49017333984 183.65045928955 47.39599609375 34.152694702148 0.99882799386978 30.759407043457 
000032 352 1216 2 1010.1142272949 192.7557220459 39.317932128906 70.752258300781 0.94462102651596 20.510950088501 
000033 352 1216 1 532.64820861816 183.43650817871 49.246673583984 35.963500976562 0.99961215257645 30.403448104858 
000033 352 1216 2 1001.2385253906 192.44646453857 32.284301757812 68.647415161133 0.98164892196655 18.441038131714 
000034 352 1216 1 521.8271484375 182.37882995605 48.181762695312 35.171997070312 0.9991489648819 30.95405960083 
000034 352 1216 2 988.39166259766 192.34129333496 30.65478515625 64.984161376953 0.99018937349319 25.68053817749 
000034 352 1216 2 1014.094909668 194.19165802002 41.170043945312 74.865951538086 0.64316028356552 19.095996856689 
000035 352 1216 1 515.2836151123 182.00017547607 46.830841064453 33.437637329102 0.99760037660599 30.27462387085 
000035 352 1216 1 551.01318359375 175.07387542725 25.674438476562 15.954086303711 0.90198415517807 64.507530212402 
000035 352 1216 2 972.82415771484 190.75382232666 33.135131835938 61.341781616211 0.97584348917007 21.372402191162 
000036 352 1216 1 500.92225646973 185.68420410156 49.958587646484 35.7060546875 0.99806433916092 29.318807601929 
000036 352 1216 2 955.79232788086 192.05410766602 32.491516113281 69.489349365234 0.98381954431534 19.478572845459 
000037 352 1216 1 487.75012207031 186.06008148193 50.194946289062 38.079208374023 0.99419975280762 27.712316513062 
000037 352 1216 1 514.44068908691 179.44315338135 25.393768310547 19.101852416992 0.75568461418152 52.90002822876 
000037 352 1216 2 944.69393920898 191.55117034912 40.883361816406 68.456802368164 0.77322125434875 20.392253875732 
000038 352 1216 1 470.07695007324 186.17951202393 55.500457763672 40.518600463867 0.99914836883545 27.764707565308 
000038 352 1216 2 926.39508056641 190.00628662109 33.855590820312 68.834930419922 0.98004537820816 18.954111099243 
000039 352 1216 1 455.68348693848 183.4451675415 52.671966552734 37.950729370117 0.99195599555969 28.496803283691 
000039 352 1216 1 489.37669372559 175.03195953369 27.124298095703 18.905990600586 0.88525170087814 56.25687789917 
000039 352 1216 2 911.01907348633 187.00438690186 33.659729003906 65.404312133789 0.94900292158127 19.08983039856 
000040 352 1216 1 433.68980407715 182.27093505859 52.511993408203 38.689758300781 0.99590247869492 27.76879119873 
000040 352 1216 1 462.03265380859 174.45128631592 36.325012207031 23.335922241211 0.88385587930679 42.183444976807 
000040 352 1216 2 894.93408203125 187.13254547119 31.268310546875 64.36735534668 0.98638910055161 22.176490783691 
000041 352 1216 1 419.10835266113 183.39336395264 53.541290283203 39.213241577148 0.99851471185684 26.74614906311 
000041 352 1216 1 446.75028991699 173.39113616943 32.362457275391 22.318771362305 0.96509778499603 44.410213470459 
000041 352 1216 1 1211.5443725586 190.65014648438 148.94909667969 67.371765136719 0.71297824382782 24.302293777466 
000041 352 1216 2 883.02014160156 190.29455566406 31.899536132812 61.100128173828 0.92847263813019 23.765760421753 
000042 352 1216 1 392.21565246582 185.44422149658 55.493988037109 42.269882202148 0.98962467908859 24.316711425781 
000042 352 1216 1 418.92678833008 175.49378967285 33.259155273438 22.987915039062 0.96947330236435 41.946197509766 
000042 352 1216 2 859.03143310547 194.7967300415 35.84521484375 71.455978393555 0.96596896648407 20.719869613647 
000043 352 1216 1 364.65283203125 189.11289215088 60.064697265625 44.823837280273 0.99077033996582 29.266317367554 
000043 352 1216 2 832.02426147461 192.19653320312 31.315734863281 67.540618896484 0.96894955635071 18.419075012207 
000044 352 1216 1 327.88819885254 192.19441986084 65.669830322266 50.585189819336 0.99483716487885 24.11342048645 
000044 352 1216 1 355.34664916992 180.59899139404 35.309387207031 22.498306274414 0.77353930473328 38.086074829102 
000044 352 1216 2 803.09979248047 192.90634155273 30.709228515625 68.939849853516 0.97975885868073 18.300895690918 
000045 352 1216 1 289.76978302002 195.85370635986 77.04508972168 60.666519165039 0.99859923124313 20.312213897705 
000045 352 1216 1 327.6787109375 178.32587432861 29.214599609375 20.065292358398 0.63195019960403 44.352432250977 
000045 352 1216 2 773.45166015625 192.6009979248 32.146850585938 70.981781005859 0.97821325063705 19.020526885986 
000046 352 1216 1 255.34408569336 199.17694854736 82.560974121094 65.621047973633 0.99907183647156 18.407876968384 
000046 352 1216 2 741.90795898438 196.63080596924 32.691772460938 70.470718383789 0.96454727649689 18.53493309021 
000046 352 1216 2 759.37249755859 197.81991577148 30.00341796875 71.260467529297 0.77269911766052 19.343320846558 
000047 352 1216 1 195.9070892334 207.69605255127 108.81079101562 83.396926879883 0.99879598617554 16.824901580811 
000047 352 1216 2 709.82601928711 196.81295776367 32.957458496094 71.448486328125 0.90170639753342 18.090974807739 
000048 352 1216 1 143.5828666687 215.3526763916 130.82611846924 91.781280517578 0.99963688850403 16.107271194458 
000048 352 1216 2 668.52105712891 197.6021270752 32.129150390625 70.582885742188 0.99794262647629 17.521116256714 
000049 352 1216 1 84.167014598846 219.23304748535 141.99171543121 101.73941040039 0.99925190210342 15.970726013184 
000049 352 1216 2 627.14312744141 196.30457305908 34.979248046875 71.847885131836 0.9899365901947 19.022415161133 
000050 352 1216 1 13.253471374512 225.44315338135 156.04733276367 114.23204040527 0.95016437768936 16.020063400269 
000050 352 1216 2 582.39999389648 194.38822937012 29.081481933594 59.949951171875 0.97312557697296 19.849771499634 
000050 352 1216 2 600.0133972168 195.67610168457 27.676330566406 62.444946289062 0.92192035913467 19.471223831177 
000051 352 1216 2 542.92181396484 192.12335205078 36.923583984375 74.364715576172 0.99675756692886 17.307502746582 
000052 352 1216 2 499.27549743652 193.22037506104 31.268341064453 68.795913696289 0.98564654588699 20.32745552063 
000053 352 1216 2 459.82722473145 192.45796966553 36.794342041016 72.00895690918 0.98859798908234 16.868577957153 
000054 352 1216 1 775.07662963867 192.73126220703 155.81610107422 66.830322265625 0.68359005451202 24.177515029907 
000054 352 1216 2 408.59020996094 192.79048156738 38.90185546875 83.102111816406 0.9978900551796 17.855133056641 
000055 352 1216 1 1197.9392089844 179.63054656982 58.613037109375 29.873947143555 0.9293127655983 46.721565246582 
000055 352 1216 1 744.88018798828 192.66707611084 153.984375 68.376205444336 0.73950612545013 21.740924835205 
000055 352 1216 2 352.38545227051 197.11365509033 42.772552490234 83.138534545898 0.99884110689163 16.018014907837 
000056 352 1216 1 1135.720703125 181.84413909912 52.508056640625 27.454849243164 0.97480291128159 52.098850250244 
000056 352 1216 2 294.65379333496 200.56132507324 38.827667236328 82.93603515625 0.99807405471802 16.624443054199 
000056 352 1216 2 314.43835449219 198.56553649902 33.261779785156 84.600952148438 0.75410324335098 17.326873779297 
000057 352 1216 1 1075.8245239258 186.36283111572 50.030151367188 28.162033081055 0.99034178256989 52.738899230957 
000057 352 1216 2 234.44812011719 202.16339111328 44.484130859375 97.689483642578 0.99943000078201 15.931795120239 
000058 352 1216 1 1021.2700195312 188.53774261475 40.109130859375 25.715072631836 0.98522448539734 50.191074371338 
000058 352 1216 2 163.6573638916 202.87786102295 47.325744628906 103.09980773926 0.9992761015892 14.870865821838 
000058 352 1216 2 188.7133102417 202.35729980469 42.244369506836 103.13159179688 0.97924965620041 14.787925720215 
000059 352 1216 1 966.52154541016 187.44455718994 37.87744140625 21.968154907227 0.92999172210693 55.061046600342 
000059 352 1216 2 84.725755691528 206.42431640625 48.490474700928 108.81781005859 0.99875235557556 14.664428710938 
000059 352 1216 2 116.54528427124 204.22618103027 48.405158996582 109.73123168945 0.99525743722916 14.821805953979 
000060 352 1216 1 920.04541015625 188.17387390137 35.986206054688 24.228912353516 0.95755416154861 57.788311004639 
000060 352 1216 2 11.926309108734 207.40158843994 49.666195869446 113.53282165527 0.99094766378403 13.092531204224 
000061 352 1216 1 869.39791870117 186.07723236084 34.372741699219 23.160263061523 0.97569668292999 53.913185119629 
000061 352 1216 1 1189.0827636719 237.07524871826 141.70751953125 100.82624816895 0.8448857665062 15.968793869019 
000061 352 1216 1 985.01498413086 182.18357086182 35.042663574219 16.461624145508 0.8144354224205 74.144134521484 
000061 352 1216 1 491.61109924316 201.80103302002 171.75448608398 69.35319519043 0.80130660533905 20.343152999878 
000062 352 1216 1 824.18014526367 186.40390777588 39.065979003906 25.203170776367 0.99237787723541 52.671337127686 
000062 352 1216 1 1142.0829467773 227.50905609131 151.87683105469 96.299026489258 0.97330850362778 15.172273635864 
000062 352 1216 1 450.72698974609 202.44799041748 173.74853515625 76.196578979492 0.94816541671753 19.197284698486 
000063 352 1216 1 1046.5698242188 207.75290679932 98.17919921875 55.859664916992 0.9921926856041 28.880842208862 
000063 352 1216 1 1099.860534668 230.88013458252 152.62536621094 98.494735717773 0.98740863800049 14.518677711487 
000063 352 1216 1 777.08581542969 186.31991577148 33.233520507812 22.530731201172 0.97820252180099 52.676078796387 
000063 352 1216 1 396.99363708496 206.02603149414 201.87838745117 78.018310546875 0.94983196258545 18.690963745117 
000064 352 1216 1 1060.6714172363 233.04140472412 149.96649169922 94.571731567383 0.99914538860321 15.14389705658 
000064 352 1216 1 982.26681518555 202.43900299072 61.373474121094 40.36848449707 0.99896895885468 30.842540740967 
000064 352 1216 1 731.29675292969 186.97326660156 34.290649414062 23.863098144531 0.97749042510986 56.419147491455 
000064 352 1216 1 337.44201660156 207.17427825928 217.80419921875 84.224319458008 0.69431394338608 17.479127883911 
000065 352 1216 1 1022.4549255371 237.92571258545 142.52691650391 89.764907836914 0.99990618228912 15.056920051575 
000065 352 1216 1 938.58108520508 202.77770996094 59.747009277344 36.644439697266 0.99783211946487 32.284294128418 
000065 352 1216 1 692.54644775391 187.6248626709 39.258056640625 24.914154052734 0.99238139390945 50.985790252686 
000065 352 1216 1 281.59189605713 209.37302398682 234.37040710449 89.141525268555 0.7071681022644 16.860063552856 
000066 352 1216 1 991.01519775391 235.13452911377 142.82531738281 91.998092651367 0.99996674060822 13.967186927795 
000066 352 1216 1 897.55770874023 198.67433929443 54.028991699219 36.175491333008 0.99535238742828 32.600856781006 
000066 352 1216 1 650.06787109375 186.82711029053 39.506591796875 22.748977661133 0.99101334810257 49.605033874512 
000066 352 1216 1 217.24161911011 211.45635986328 255.33890533447 98.02294921875 0.83484494686127 15.552532196045 
000066 352 1216 1 762.76876831055 182.22479248047 26.077087402344 17.865417480469 0.73357999324799 65.833557128906 
000067 352 1216 1 959.89251708984 231.86183166504 140.58923339844 88.026519775391 0.99997901916504 13.708868980408 
000067 352 1216 1 864.62487792969 196.87313842773 49.9716796875 34.043151855469 0.99830734729767 33.795551300049 
000067 352 1216 1 148.20559978485 219.79531860352 252.32518959045 109.59429931641 0.97843664884567 13.453915596008 
000067 352 1216 1 611.16232299805 186.29096221924 39.718078613281 27.326126098633 0.97149121761322 46.346244812012 
000067 352 1216 1 727.57092285156 182.05072021484 24.1865234375 16.099060058594 0.69289267063141 72.708045959473 
000068 352 1216 1 938.75714111328 231.32295227051 148.68090820312 94.974761962891 0.99993097782135 13.27357006073 
000068 352 1216 1 835.22412109375 192.69692993164 49.59716796875 34.754547119141 0.9958221912384 32.65990447998 
000068 352 1216 1 577.72741699219 184.56018066406 50.562377929688 31.935638427734 0.99001723527908 41.11502456665 
000068 352 1216 1 696.14825439453 178.61842346191 24.182861328125 15.966613769531 0.82945567369461 71.532379150391 
000068 352 1216 1 93.315221786499 221.95249938965 236.12489700317 131.77822875977 0.71783202886581 10.729179382324 
000069 352 1216 1 920.12503051758 232.59852600098 155.23724365234 97.104339599609 0.99998223781586 12.71865272522 
000069 352 1216 1 806.30773925781 190.27444458008 47.399291992188 33.449432373047 0.99583166837692 31.420501708984 
000069 352 1216 1 543.42337036133 183.58818817139 50.884826660156 29.761306762695 0.99286848306656 42.201454162598 
000069 352 1216 1 666.18325805664 178.09986114502 26.060852050781 17.15022277832 0.77694684267044 68.337539672852 
000070 352 1216 1 909.50036621094 235.81060028076 165.458984375 107.88484191895 0.99997901916504 12.160063743591 
000070 352 1216 1 792.37707519531 190.63236236572 49.819580078125 37.911697387695 0.99595403671265 28.747682571411 
000070 352 1216 1 516.82974243164 180.72374725342 51.256896972656 31.006057739258 0.98584008216858 37.84761428833 
000071 352 1216 1 905.48486328125 239.05751800537 185.80517578125 114.6255645752 0.99998569488525 11.55354309082 
000071 352 1216 1 773.27935791016 189.91036224365 46.601196289062 36.516220092773 0.99808841943741 26.963565826416 
000071 352 1216 1 495.10894775391 182.10575866699 53.886474609375 31.03173828125 0.99756371974945 37.963718414307 
000072 352 1216 1 901.79861450195 245.15937042236 193.18341064453 120.52433776855 0.9999817609787 10.787168502808 
000072 352 1216 1 469.02453613281 185.74829101562 58.048461914062 33.552825927734 0.99949300289154 40.175807952881 
000072 352 1216 1 761.83267211914 192.93714904785 49.387390136719 37.585205078125 0.99798810482025 28.972455978394 
000072 352 1216 1 828.61898803711 215.18112182617 111.97430419922 80.573211669922 0.96568489074707 16.567520141602 
000072 352 1216 1 601.41635131836 180.2805480957 29.256164550781 18.970031738281 0.92920994758606 62.596271514893 
000073 352 1216 1 906.21893310547 250.29428863525 210.54125976562 128.94639587402 0.99998879432678 10.462532997131 
000073 352 1216 1 748.33392333984 196.19897460938 48.564575195312 38.6083984375 0.99956494569778 28.581834793091 
000073 352 1216 1 443.88876342773 189.47917175293 63.583801269531 37.963226318359 0.99819034337997 35.944625854492 
000073 352 1216 1 828.43417358398 221.24143981934 120.51300048828 84.765106201172 0.98804968595505 15.339970588684 
000073 352 1216 1 590.09292602539 183.78987121582 28.000793457031 16.367736816406 0.93944430351257 66.990936279297 
000073 352 1216 1 728.33804321289 188.30865478516 32.898498535156 25.565856933594 0.80847591161728 46.148426055908 
000074 352 1216 1 922.43991088867 259.03174591064 229.83038330078 141.04209899902 0.99996316432953 9.8124332427979 
000074 352 1216 1 738.6227722168 196.16654205322 45.831604003906 34.440048217773 0.99979919195175 29.169521331787 
000074 352 1216 1 423.42614746094 190.58068847656 68.305541992188 36.397552490234 0.99579429626465 34.67166519165 
000074 352 1216 1 828.22903442383 223.65023040771 133.59857177734 88.841445922852 0.99515849351883 14.108470916748 
000074 352 1216 1 576.55096435547 183.74471282959 24.770751953125 17.56217956543 0.93516784906387 59.60591506958 
000075 352 1216 1 936.43389892578 265.74618530273 254.23693847656 149.31311035156 0.99996185302734 9.1676778793335 
000075 352 1216 1 732.94299316406 194.48606109619 48.30029296875 36.933578491211 0.9997643828392 28.536067962646 
000075 352 1216 1 404.96673583984 190.5153427124 68.797607421875 40.794815063477 0.99778866767883 33.930332183838 
000075 352 1216 1 565.79580688477 182.81627655029 28.627502441406 19.146072387695 0.97533774375916 62.009525299072 
000075 352 1216 1 831.65432739258 226.76998901367 149.58660888672 100.40374755859 0.96491998434067 12.775257110596 
000075 352 1216 1 699.19091796875 186.65455627441 25.686279296875 21.835906982422 0.9240083694458 51.64172744751 
000076 352 1216 1 975.60778808594 279.44134521484 303.20263671875 169.52349853516 0.99986946582794 8.4048109054565 
000076 352 1216 1 850.73199462891 227.27719116211 162.8125 104.91693115234 0.99982649087906 12.954782485962 
000076 352 1216 1 380.56637573242 191.3756942749 77.082580566406 45.472549438477 0.99855071306229 29.629419326782 
000076 352 1216 1 726.58218383789 197.37227630615 50.321350097656 39.64533996582 0.99849677085876 26.773477554321 
000076 352 1216 1 551.50042724609 183.88089752197 26.715454101562 18.388534545898 0.94855254888535 59.305461883545 
000076 352 1216 1 699.43087768555 187.39415740967 28.611877441406 25.865341186523 0.72202092409134 44.083820343018 
000077 352 1216 1 899.62924194336 245.26499176025 239.09881591797 127.69664001465 0.99996876716614 12.428038597107 
000077 352 1216 1 1034.806427002 288.0537109375 400.17108154297 178.09991455078 0.99964570999146 7.680365562439 
000077 352 1216 1 724.85815429688 198.49165344238 51.313598632812 40.406311035156 0.99955028295517 26.379993438721 
000077 352 1216 1 359.42401123047 193.37780761719 75.656005859375 45.443023681641 0.99886751174927 27.101366043091 
000077 352 1216 1 694.63830566406 189.49111938477 31.057495117188 24.941070556641 0.91888189315796 45.606151580811 
000077 352 1216 1 540.72741699219 183.30709075928 29.84423828125 19.027755737305 0.91769903898239 57.37423324585 
000078 352 1216 1 907.73229980469 245.5139465332 248.40307617188 129.369140625 0.99998438358307 12.698614120483 
000078 352 1216 1 718.1575012207 199.47257995605 54.228942871094 41.62841796875 0.99984133243561 25.995445251465 
000078 352 1216 1 337.20933532715 194.54843902588 81.346954345703 49.473739624023 0.99875664710999 28.228776931763 
000078 352 1216 1 1060.6224365234 287.99939727783 434.37084960938 180.63096618652 0.99786323308945 7.0756502151489 
000078 352 1216 1 533.42309570312 184.58947753906 27.273193359375 18.765045166016 0.87085288763046 63.652557373047 
000078 352 1216 1 687.95721435547 191.83124542236 36.731079101562 27.67463684082 0.83682137727737 44.989730834961 
000079 352 1216 1 953.32049560547 260.11336517334 286.56970214844 145.24848937988 0.99998927116394 11.627269744873 
000079 352 1216 1 314.90653991699 195.04164886475 85.924468994141 53.962875366211 0.99953734874725 28.464836120605 
000079 352 1216 1 712.70843505859 198.51171875 50.547607421875 39.781036376953 0.99892467260361 24.820989608765 
000079 352 1216 1 1069.4832458496 284.36893463135 382.72882080078 166.41557312012 0.98950105905533 4.7434673309326 
000079 352 1216 1 688.26531982422 190.42247009277 40.082763671875 31.084197998047 0.94706463813782 37.208950042725 
000079 352 1216 1 520.11294555664 186.07863616943 27.402404785156 16.838333129883 0.9445236325264 63.12650680542 
000080 352 1216 1 985.74615478516 269.05226898193 302.25036621094 150.34004211426 0.99999272823334 11.289294242859 
000080 352 1216 1 712.18157958984 197.87728118896 51.692993164062 40.305374145508 0.99937039613724 24.461967468262 
000080 352 1216 1 289.48725891113 194.91275787354 102.07571411133 55.997573852539 0.99932038784027 26.182430267334 
000080 352 1216 1 1082.2001037598 292.41959381104 377.36029052734 166.50352478027 0.97033578157425 4.7963027954102 
000080 352 1216 1 514.50288391113 185.04856872559 31.036712646484 19.850738525391 0.95597946643829 50.641181945801 
000080 352 1216 1 678.15185546875 189.26261138916 36.09130859375 27.896926879883 0.76640546321869 45.887424468994 
000081 352 1216 1 944.23159790039 258.63377380371 241.63079833984 152.50680541992 0.99999403953552 10.068543434143 
000081 352 1216 1 264.92031860352 196.52657318115 105.64343261719 56.746994018555 0.99958580732346 24.908157348633 
000081 352 1216 1 713.37799072266 196.9423828125 51.558227539062 40.552459716797 0.99944692850113 23.26936340332 
000081 352 1216 1 680.47555541992 190.11414337158 37.327209472656 29.51203918457 0.92067563533783 34.296390533447 
000081 352 1216 1 505.18547058105 185.84010314941 34.862091064453 21.626647949219 0.90090930461884 56.873302459717 
000081 352 1216 1 1083.6243591309 285.77059173584 252.08184814453 170.37477111816 0.65752500295639 3.7572269439697 
000082 352 1216 1 1005.121673584 271.55974578857 253.05230712891 167.17878723145 0.99996840953827 9.4338674545288 
000082 352 1216 1 239.54106140137 198.03533935547 121.79653930664 61.205291748047 0.99953258037567 25.692676544189 
000082 352 1216 1 714.82083129883 198.69023132324 54.746520996094 43.622192382812 0.99936813116074 22.825199127197 
000082 352 1216 1 682.32354736328 191.37595367432 43.013549804688 33.71711730957 0.95756536722183 31.128889083862 
000082 352 1216 1 496.51414489746 185.37464141846 35.803985595703 20.440322875977 0.9540963768959 57.909336090088 
000082 352 1216 1 666.89215087891 187.75584411621 24.205932617188 24.064727783203 0.8881248831749 39.70552444458 
000082 352 1216 1 1111.0469970703 297.90305328369 238.228515625 168.08280944824 0.84188908338547 3.0236368179321 
000083 352 1216 1 1021.4536132812 279.6936340332 271.287109375 178.70910644531 0.9999737739563 8.9760789871216 
000083 352 1216 1 208.98900604248 199.87024688721 128.75392150879 66.14372253418 0.99985313415527 24.048290252686 
000083 352 1216 1 713.38607788086 199.50858306885 54.813293457031 43.839340209961 0.99933832883835 22.483758926392 
000083 352 1216 1 678.68222045898 191.52533721924 41.085388183594 31.25212097168 0.99298483133316 32.734039306641 
000083 352 1216 1 485.47338867188 185.30091094971 36.805358886719 22.127700805664 0.98594391345978 51.991806030273 
000083 352 1216 1 1150.2358398438 311.98153686523 231.43798828125 183.76989746094 0.81815439462662 1.007959485054 
000084 352 1216 1 998.29055786133 276.07667541504 339.16888427734 180.85958862305 0.99995899200439 8.6146430969238 
000084 352 1216 1 171.64582443237 205.29991912842 146.28040313721 71.32893371582 0.9998904466629 21.681945800781 
000084 352 1216 1 714.57669067383 199.37466430664 58.825988769531 46.224578857422 0.99845945835114 22.088594436646 
000084 352 1216 1 477.66825866699 186.10276794434 34.743072509766 22.383148193359 0.98088443279266 52.764717102051 
000084 352 1216 1 679.18753051758 190.94330596924 45.119201660156 31.646987915039 0.96611315011978 32.105220794678 
000085 352 1216 1 1035.3706970215 280.93182373047 443.40093994141 187.30926513672 0.99974626302719 7.5255575180054 
000085 352 1216 1 135.69294548035 207.13475036621 174.26837539673 78.308624267578 0.99964952468872 20.262168884277 
000085 352 1216 1 720.14736938477 200.87186431885 66.460754394531 53.492477416992 0.99730312824249 22.261510848999 
000085 352 1216 1 684.25888061523 192.19947814941 48.432189941406 37.757873535156 0.9944344162941 27.170475006104 
000085 352 1216 1 472.41941833496 186.00493621826 37.345672607422 22.841232299805 0.98798871040344 54.480754852295 
000086 352 1216 1 95.674373343587 215.31931304932 190.85709437728 79.115982055664 0.99935632944107 20.402870178223 
000086 352 1216 1 721.82885742188 201.05174255371 67.659423828125 56.419403076172 0.99914443492889 20.939491271973 
000086 352 1216 1 467.05889892578 187.23924255371 43.582763671875 25.565093994141 0.99439042806625 55.10844039917 
000086 352 1216 1 1029.3553466797 276.65781402588 378.18994140625 168.9506072998 0.99247771501541 6.1239948272705 
000086 352 1216 1 682.0393371582 191.53394317627 45.748962402344 39.018356323242 0.96218073368073 27.480405807495 
000087 352 1216 1 728.9128112793 202.9038772583 70.867980957031 58.350387573242 0.99962770938873 20.248302459717 
000087 352 1216 1 1048.634185791 278.59456634521 396.26336669922 175.24214172363 0.99913054704666 5.5020174980164 
000087 352 1216 1 689.02267456055 192.59916687012 49.165344238281 37.904754638672 0.99733209609985 25.877254486084 
000087 352 1216 1 456.77026367188 188.52474975586 35.861755371094 21.858001708984 0.9860298037529 52.698699951172 
000087 352 1216 1 63.58661365509 219.11406707764 188.73418235779 79.065689086914 0.98028928041458 20.495180130005 
000088 352 1216 1 725.43658447266 204.16352081299 71.0302734375 56.355484008789 0.99751079082489 24.245513916016 
000088 352 1216 1 1063.454284668 274.89836120605 370.33068847656 167.98330688477 0.9967355132103 4.3555912971497 
000088 352 1216 1 447.52641296387 188.98290252686 42.287017822266 28.819961547852 0.99546080827713 41.468021392822 
000088 352 1216 1 671.43307495117 188.98051452637 38.630676269531 29.731262207031 0.95257705450058 33.487339019775 
000088 352 1216 1 22.999351501465 224.26515960693 177.33700561523 86.433303833008 0.84710764884949 18.063571929932 
000089 352 1216 1 745.76696777344 209.83436584473 79.351928710938 66.231842041016 0.99784886837006 18.059782028198 
000089 352 1216 1 689.7209777832 194.77216339111 53.343933105469 41.304397583008 0.99636250734329 27.073543548584 
000089 352 1216 1 442.36660766602 190.54714202881 43.650268554688 28.564315795898 0.99518918991089 42.56388092041 
000089 352 1216 1 1104.4172668457 276.08999633789 327.19769287109 159.54071044922 0.96963274478912 3.6833271980286 
000090 352 1216 1 754.03649902344 211.82865905762 83.292724609375 70.185394287109 0.99957376718521 16.425994873047 
000090 352 1216 1 697.14154052734 196.87870025635 57.629516601562 46.159744262695 0.99860280752182 25.222438812256 
000090 352 1216 1 436.3941192627 192.07222747803 48.676971435547 29.192733764648 0.99458390474319 41.67338180542 
000090 352 1216 1 666.97308349609 187.95076751709 28.104858398438 25.792495727539 0.87727224826813 36.917144775391 
000090 352 1216 1 1139.9598693848 287.69804382324 233.12152099609 169.74203491211 0.75298738479614 4.4290871620178 
000091 352 1216 1 766.77407836914 214.62122344971 91.985656738281 75.877548217773 0.99990332126617 15.14334487915 
000091 352 1216 1 704.17208862305 197.83193206787 61.062072753906 48.161666870117 0.99871253967285 25.705406188965 
000091 352 1216 1 425.03981018066 192.46666717529 48.763702392578 28.706771850586 0.98599898815155 42.480953216553 
000091 352 1216 1 668.35198974609 187.70170593262 25.708862304688 26.830780029297 0.66723561286926 38.20161819458 
000092 352 1216 1 778.94378662109 218.42121887207 99.533325195312 82.118743896484 0.99968159198761 14.475226402283 
000092 352 1216 1 412.72915649414 193.51863861084 51.858093261719 29.967910766602 0.99681633710861 41.193546295166 
000092 352 1216 1 706.86724853516 199.16613769531 60.760864257812 48.699523925781 0.99639868736267 24.355640411377 
000092 352 1216 1 667.02850341797 187.90631866455 29.199096679688 27.590774536133 0.83552438020706 38.405841827393 
000093 352 1216 1 785.89315795898 220.15763092041 118.34600830078 91.200790405273 0.99995851516724 13.150073051453 
000093 352 1216 1 703.86169433594 197.8288192749 60.715454101562 47.849349975586 0.99799627065659 25.452959060669 
000093 352 1216 1 404.8390045166 194.15165710449 57.999298095703 30.979553222656 0.99642485380173 40.443157196045 
000093 352 1216 1 667.39004516602 188.43767547607 27.289245605469 27.214370727539 0.83050453662872 37.735324859619 
000094 352 1216 1 805.24304199219 224.40699005127 123.45153808594 99.721176147461 0.99999117851257 12.14711856842 
000094 352 1216 1 708.94021606445 198.45474243164 64.951477050781 48.870910644531 0.99912983179092 22.347707748413 
000094 352 1216 1 388.24923706055 196.14974975586 54.334899902344 28.597595214844 0.99451571702957 40.931938171387 
000094 352 1216 1 670.07775878906 184.19335174561 37.050170898438 32.594253540039 0.71933650970459 34.368019104004 
000095 352 1216 1 828.42715454102 230.74644470215 138.99127197266 112.50357055664 0.99999141693115 11.475347518921 
000095 352 1216 1 723.96884155273 201.78720855713 75.569274902344 56.119064331055 0.99897086620331 20.860662460327 
000095 352 1216 1 377.32521057129 197.79624176025 62.982696533203 36.959976196289 0.99826055765152 35.825164794922 
000096 352 1216 1 843.10754394531 237.15625 166.29162597656 126.65795898438 0.99999189376831 10.166442871094 
000096 352 1216 1 364.32164001465 198.7560043335 74.200714111328 37.783615112305 0.99911624193192 32.985076904297 
000096 352 1216 1 721.16619873047 202.88098907471 75.525512695312 55.258773803711 0.9977006316185 20.105504989624 
000096 352 1216 1 671.64630126953 190.31977844238 45.877807617188 33.319793701172 0.91093891859055 33.664440155029 
000097 352 1216 1 872.27920532227 247.54991912842 200.55865478516 147.89784240723 0.99997472763062 9.3399753570557 
000097 352 1216 1 348.49801635742 200.19627380371 77.551330566406 44.082458496094 0.99967968463898 32.189693450928 
000097 352 1216 1 749.41909790039 212.2727432251 92.679748535156 67.19807434082 0.99933642148972 15.028164863586 
000097 352 1216 1 701.2356262207 198.76251983643 66.645568847656 48.005142211914 0.97325575351715 23.84912109375 
000098 352 1216 1 867.24450683594 247.74845123291 218.095703125 146.47673034668 0.99998080730438 13.457324028015 
000098 352 1216 1 951.04217529297 267.08364105225 270.54553222656 189.81660461426 0.99995005130768 7.9371781349182 
000098 352 1216 1 330.02499389648 201.60144042969 81.995239257812 41.927429199219 0.99980694055557 29.637083053589 
000098 352 1216 1 716.6884765625 203.59133911133 71.676879882812 53.832061767578 0.99902474880219 20.424259185791 
000098 352 1216 1 681.33419799805 192.52390289307 52.634094238281 40.543228149414 0.91196984052658 35.77640914917 
000099 352 1216 1 882.15811157227 245.28652954102 239.76898193359 138.94561767578 0.99998676776886 12.466287612915 
000099 352 1216 1 313.37599182129 203.93427276611 95.112945556641 51.38200378418 0.99994158744812 30.610429763794 
000099 352 1216 1 1004.7897644043 274.41830444336 362.26324462891 188.10046386719 0.99992775917053 6.9709458351135 
000099 352 1216 1 720.57168579102 204.29515075684 79.142761230469 56.063812255859 0.99429893493652 19.317783355713 
000099 352 1216 1 680.68569946289 193.4783706665 54.378723144531 38.152084350586 0.96024245023727 33.197597503662 
000100 352 1216 1 962.70355224609 253.63219451904 344.78210449219 163.02772521973 0.99998688697815 11.608200073242 
000100 352 1216 1 289.07732391357 203.22970581055 102.50953674316 53.817199707031 0.99955016374588 26.136547088623 
000100 352 1216 1 739.86306762695 208.78997802734 88.765563964844 64.822235107422 0.99856948852539 18.427675247192 
000100 352 1216 1 1083.6631469727 274.51918029785 428.63977050781 186.53860473633 0.99822252988815 6.0686616897583 
000100 352 1216 1 679.56985473633 194.48570251465 48.126525878906 37.4873046875 0.98416787385941 35.015342712402 
000100 352 1216 1 578.92529296875 181.86695098877 22.65234375 18.781967163086 0.63041812181473 53.402629852295 
000101 352 1216 1 981.73089599609 253.00794219971 304.00012207031 157.44816589355 0.99999523162842 10.344513893127 
000101 352 1216 1 262.61850738525 204.33889007568 118.37620544434 55.25407409668 0.99994194507599 24.206443786621 
000101 352 1216 1 748.47213745117 210.26197052002 96.851745605469 70.924392700195 0.99973767995834 18.234321594238 
000101 352 1216 1 687.4225769043 193.16135406494 51.226623535156 39.150192260742 0.97280949354172 30.92045211792 
000101 352 1216 1 1109.6119384766 266.0133972168 406.81103515625 172.15991210938 0.93998241424561 3.6888113021851 
000102 352 1216 1 980.53515625 261.29511260986 258.15380859375 174.12278747559 0.99999308586121 9.4421091079712 
000102 352 1216 1 232.69738006592 206.71298217773 128.48030090332 60.286804199219 0.99997866153717 22.996208190918 
000102 352 1216 1 760.47528076172 212.90116882324 97.875366210938 75.134979248047 0.99993336200714 16.305925369263 
000102 352 1216 1 693.50534057617 194.18392181396 59.170959472656 45.731704711914 0.98571240901947 28.399072647095 
000102 352 1216 1 570.98614501953 180.1563873291 26.65869140625 22.125579833984 0.85490524768829 51.094211578369 
000102 352 1216 1 1111.1574707031 279.11418151855 248.11694335938 175.80209350586 0.84897512197495 3.0796008110046 
000103 352 1216 1 772.41918945312 216.66056060791 110.30981445312 80.118515014648 0.99999094009399 15.252178192139 
000103 352 1216 1 973.51129150391 264.80003356934 303.99157714844 186.44393920898 0.99997246265411 8.502197265625 
000103 352 1216 1 199.21667098999 209.78730010986 152.60517120361 63.881881713867 0.99984848499298 21.807920455933 
000103 352 1216 1 699.83407592773 196.59022521973 62.412170410156 48.377807617188 0.9918829202652 27.444061279297 
000103 352 1216 1 569.49182128906 180.29933166504 28.706665039062 22.066101074219 0.93222093582153 52.578594207764 
000103 352 1216 1 1170.741027832 283.11804199219 229.14660644531 189.98400878906 0.83056789636612 1.6008141040802 
000104 352 1216 1 789.68298339844 222.80088806152 125.67687988281 89.439971923828 0.99996531009674 14.137273788452 
000104 352 1216 1 158.3072013855 217.9666595459 177.51602935791 76.320770263672 0.99993896484375 20.669612884521 
000104 352 1216 1 1021.0922241211 273.18255615234 383.10241699219 180.70379638672 0.99986886978149 7.1195878982544 
000104 352 1216 1 707.18347167969 199.44052886963 64.052124023438 49.469009399414 0.9940442442894 26.694738388062 
000104 352 1216 1 567.61721801758 182.98554992676 32.358093261719 24.762908935547 0.96152353286743 48.239547729492 
000105 352 1216 1 802.51062011719 227.20597076416 142.43432617188 97.696578979492 0.9999977350235 12.676770210266 
000105 352 1216 1 111.94982385635 222.31902313232 194.17039012909 81.724990844727 0.9999828338623 19.258274078369 
000105 352 1216 1 1048.2434387207 274.49394226074 447.71038818359 184.11337280273 0.99810248613358 4.4821071624756 
000105 352 1216 1 707.21228027344 202.84608459473 64.833251953125 53.176879882812 0.98867619037628 26.475700378418 
000105 352 1216 1 561.88702392578 186.05098724365 30.026977539062 23.853775024414 0.96639144420624 47.824535369873 
