000000 352 1216 2 471.65272521973 243.5965423584 106.63009643555 219.22647094727 0.99975174665451 5.6815962791443 
000000 352 1216 2 522.23083496094 231.83791351318 88.007568359375 178.32539367676 0.99840396642685 6.0903759002686 
000000 352 1216 2 566.71343994141 165.78959655762 15.073974609375 35.89599609375 0.91257029771805 31.211631774902 
000001 352 1216 2 509.92677307129 240.30276489258 92.710296630859 208.41149902344 0.99985456466675 7.1304335594177 
000001 352 1216 2 451.19438171387 250.36865997314 103.12704467773 196.81169128418 0.99930286407471 6.2590417861938 
000001 352 1216 2 568.68200683594 163.35901641846 20.790893554688 38.658554077148 0.6943524479866 29.619079589844 
000002 352 1216 2 525.21662902832 238.78102874756 86.579071044922 207.0636138916 0.99997007846832 6.82461977005 
000002 352 1216 2 468.04843139648 254.75754547119 94.693420410156 209.81639099121 0.99995815753937 6.6449456214905 
000003 352 1216 2 537.01246643066 238.22973632812 88.240814208984 200.37133789062 0.99984455108643 6.1271343231201 
000003 352 1216 2 478.6008605957 245.81100463867 84.013488769531 192.18182373047 0.99828666448593 6.1715865135193 
000004 352 1216 2 548.63447570801 240.35855102539 97.695404052734 215.73468017578 0.99988293647766 5.9211950302124 
000004 352 1216 2 484.88151550293 246.32590484619 93.470001220703 197.77574157715 0.99963223934174 6.1177592277527 
000005 352 1216 2 534.34475708008 247.80252075195 99.030334472656 221.78399658203 0.99954861402512 6.534384727478 
000005 352 1216 2 583.58291625977 230.85650634766 91.841247558594 181.94293212891 0.9990793466568 6.7058134078979 
000006 352 1216 2 564.97640991211 244.12455749512 99.135803222656 217.81350708008 0.99986481666565 6.168776512146 
000006 352 1216 2 510.25347900391 253.94148254395 98.626586914062 215.52456665039 0.99911814928055 5.6332035064697 
000007 352 1216 2 576.90823364258 245.57525634766 91.925720214844 220.96221923828 0.99986493587494 6.863272190094 
000007 352 1216 2 521.61483764648 246.6685256958 99.842102050781 217.51493835449 0.99902009963989 5.9370384216309 
000007 352 1216 2 505.40713500977 183.19352722168 35.039855957031 69.562561035156 0.80107933282852 17.330570220947 
000008 352 1216 2 583.3073425293 243.64279174805 88.881286621094 210.62280273438 0.99984955787659 6.6666221618652 
000008 352 1216 2 540.81428527832 267.40657043457 90.381317138672 216.6383972168 0.99858248233795 6.3894591331482 
000008 352 1216 2 505.12329101562 175.15409851074 23.453002929688 65.009124755859 0.99436593055725 19.935119628906 
000009 352 1216 2 597.11666870117 250.43473815918 99.896789550781 215.62399291992 0.99977451562881 6.1087641716003 
000009 352 1216 2 506.25228881836 172.01837158203 24.210021972656 65.974731445312 0.99139362573624 20.293970108032 
000009 352 1216 2 543.5845489502 253.25206756592 97.492279052734 213.51112365723 0.98512494564056 5.6033620834351 
000010 352 1216 2 608.74740600586 250.0782623291 116.59149169922 233.69686889648 0.99990570545197 5.9141006469727 
000010 352 1216 2 506.05436706543 170.42332458496 24.841339111328 65.785491943359 0.98745036125183 19.618593215942 
000010 352 1216 2 271.27884674072 220.77596282959 78.204208374023 169.56684875488 0.83735078573227 8.8362140655518 
000011 352 1216 2 621.67623901367 251.72978973389 118.49249267578 237.43153381348 0.99855905771255 4.6813125610352 
000011 352 1216 2 507.40588378906 169.24562835693 24.1708984375 64.012313842773 0.98392754793167 21.233451843262 
000011 352 1216 2 282.74018096924 216.00586700439 75.942611694336 166.52024841309 0.97472405433655 9.1225757598877 
000011 352 1216 2 551.50784301758 166.29365539551 24.130676269531 50.188232421875 0.72505605220795 25.065660476685 
000012 352 1216 2 631.50936889648 256.79040527344 114.69732666016 238.57165527344 0.99925726652145 5.6266794204712 
000012 352 1216 2 287.48081970215 232.69680786133 85.194366455078 168.37658691406 0.88647395372391 7.9901809692383 
000012 352 1216 2 548.45254516602 165.4970703125 22.550598144531 47.016815185547 0.75020056962967 26.010353088379 
000012 352 1216 2 508.54096984863 170.36790466309 27.730560302734 56.985961914062 0.68333458900452 22.801200866699 
000013 352 1216 2 641.91217041016 257.38637542725 116.96875 245.80958557129 0.99922466278076 5.4087734222412 
000013 352 1216 2 306.28105163574 226.12631225586 78.002105712891 159.41448974609 0.99736732244492 9.0226650238037 
000013 352 1216 2 511.74653625488 172.63017272949 22.701873779297 55.022277832031 0.70429575443268 23.372526168823 
000013 352 1216 2 552.44192504883 167.5244140625 20.450866699219 46.320465087891 0.62903207540512 27.751689910889 
000014 352 1216 2 659.59362792969 251.45191192627 107.28515625 233.33195495605 0.99995374679565 5.4657106399536 
000014 352 1216 2 297.93521118164 225.55264282227 73.473205566406 161.90692138672 0.9968638420105 7.8869118690491 
000014 352 1216 2 259.64195251465 217.13577270508 71.415435791016 163.0224609375 0.88854092359543 8.6947460174561 
000014 352 1216 2 514.02328491211 171.35715484619 21.246643066406 53.757064819336 0.8268079161644 22.763963699341 
000015 352 1216 2 669.6809387207 251.81394958496 123.01080322266 236.25833129883 0.9987867474556 4.7472629547119 
000015 352 1216 2 323.50756835938 230.84809112549 81.680114746094 170.43278503418 0.93982571363449 8.3115262985229 
000015 352 1216 2 546.77133178711 168.07730102539 19.735412597656 48.262298583984 0.86340540647507 26.734464645386 
000015 352 1216 2 514.34385681152 172.00150299072 20.899322509766 53.938125610352 0.84577822685242 20.063144683838 
000015 352 1216 2 259.330909729 212.68082427979 77.598129272461 168.08598327637 0.70717632770538 8.3095827102661 
000015 352 1216 2 580.02786254883 170.3018951416 27.960510253906 57.258117675781 0.67801094055176 23.326982498169 
000016 352 1216 2 686.60562133789 253.55532836914 119.88885498047 232.47747802734 0.99969089031219 5.1723647117615 
000016 352 1216 2 341.85711669922 230.77323150635 79.603271484375 168.47880554199 0.99709737300873 8.4390411376953 
000016 352 1216 2 284.24136352539 221.32291412354 64.356323242188 163.43370056152 0.96252197027206 7.8534307479858 
000016 352 1216 2 577.74249267578 166.41390991211 27.536743164062 55.17822265625 0.69737499952316 24.9111328125 
000016 352 1216 2 550.04800415039 166.91316986084 24.607238769531 52.706253051758 0.69099235534668 23.556276321411 
000016 352 1216 3 475.87437438965 167.09872436523 31.520965576172 56.243743896484 0.79920321702957 22.483810424805 
000016 352 1216 3 515.31564331055 173.44116210938 23.861755371094 59.154388427734 0.76949369907379 17.792482376099 
000017 352 1216 2 697.42416381836 256.93042755127 115.43304443359 243.34428405762 0.99980217218399 5.0150942802429 
000017 352 1216 2 361.2456817627 232.81083679199 81.810394287109 180.47982788086 0.99730622768402 7.8102293014526 
000017 352 1216 2 286.46354675293 224.50162506104 71.136199951172 166.1234588623 0.986388027668 7.800666809082 
000017 352 1216 2 552.06048583984 167.48306274414 24.166870117188 55.130981445312 0.80737262964249 22.147876739502 
000017 352 1216 2 581.22442626953 168.38172912598 27.788696289062 57.464294433594 0.76027429103851 21.813190460205 
000017 352 1216 2 736.84121704102 261.42884063721 97.343566894531 129.88133239746 0.65787768363953 7.6814947128296 
000017 352 1216 3 475.66780090332 167.59645843506 30.885040283203 52.387069702148 0.78433895111084 23.681135177612 
000018 352 1216 2 377.0837097168 231.66115570068 89.563049316406 198.8931427002 0.99983644485474 7.4912219047546 
000018 352 1216 2 712.35473632812 255.98040771484 117.9794921875 251.7666015625 0.99981051683426 5.3175797462463 
000018 352 1216 2 295.71753692627 231.33969116211 85.843978881836 192.24261474609 0.99517101049423 6.413046836853 
000018 352 1216 2 1185.3438720703 241.84959793091 171.83081054688 231.51302337646 0.87583941221237 2.9552383422852 
000018 352 1216 2 553.35385131836 168.52681732178 25.063049316406 55.745956420898 0.76809161901474 21.472173690796 
000018 352 1216 2 582.46810913086 170.43656158447 27.548034667969 56.810073852539 0.72820281982422 22.98687171936 
000018 352 1216 2 522.30725097656 172.42523956299 25.782104492188 62.982528686523 0.71379286050797 18.130149841309 
000019 352 1216 2 729.68542480469 255.2579498291 111.81506347656 246.78115844727 0.99988210201263 5.1541681289673 
000019 352 1216 2 315.80461120605 233.74672698975 94.477508544922 206.44367980957 0.99970632791519 6.4063458442688 
000019 352 1216 2 1164.517578125 256.63899993896 158.15478515625 250.62910461426 0.9972762465477 2.890843629837 
000019 352 1216 2 385.37768554688 225.47663116455 78.343139648438 160.62852478027 0.99408662319183 8.2285604476929 
000019 352 1216 2 555.77236938477 170.20941162109 23.716125488281 57.797698974609 0.92325133085251 20.122123718262 
000019 352 1216 2 524.52386474609 174.05662536621 24.082275390625 62.200073242188 0.87116700410843 17.380847930908 
000020 352 1216 2 321.07295227051 233.3405456543 92.349945068359 210.65106201172 0.99965560436249 6.0265002250671 
000020 352 1216 2 740.30883789062 257.79396057129 118.23022460938 242.67617797852 0.99812692403793 4.5901436805725 
000020 352 1216 2 1132.0795288086 252.44300842285 159.49011230469 245.98165893555 0.97695469856262 2.5372753143311 
000020 352 1216 2 554.00775146484 170.15532684326 23.558959960938 55.979904174805 0.91912966966629 21.227130889893 
000020 352 1216 2 400.59028625488 234.75487518311 80.262664794922 169.50709533691 0.90697187185287 8.2716245651245 
000020 352 1216 2 525.69647216797 172.52996826172 26.636596679688 60.381072998047 0.83695423603058 19.039432525635 
000020 352 1216 3 464.1298828125 165.11739349365 27.507934570312 43.122085571289 0.77249157428741 28.293605804443 
000021 352 1216 2 755.59628295898 258.17418670654 154.13555908203 273.38526916504 0.99957543611526 3.3166391849518 
000021 352 1216 2 331.08544921875 235.71757507324 84.714477539062 194.51724243164 0.9992288351059 6.6311626434326 
000021 352 1216 2 414.17570495605 230.98933410645 81.403717041016 175.56143188477 0.99884641170502 7.8008303642273 
000021 352 1216 2 1096.2382507324 258.48429107666 167.28887939453 252.9291229248 0.99570709466934 3.8109083175659 
000021 352 1216 2 553.85009765625 169.9125213623 22.213745117188 53.015411376953 0.89212208986282 22.669216156006 
000021 352 1216 2 524.8169708252 172.86901855469 27.328582763672 62.679351806641 0.85831588506699 19.157917022705 
000021 352 1216 3 459.60296630859 168.81858825684 29.134704589844 52.339599609375 0.67786175012589 24.503862380981 
000022 352 1216 2 341.42532348633 237.83773040771 92.5380859375 207.68385314941 0.99972707033157 6.741614818573 
000022 352 1216 2 769.81878662109 258.35710525513 138.57678222656 261.43508148193 0.99942171573639 3.9183964729309 
000022 352 1216 2 1066.5094299316 261.68534088135 159.53900146484 248.73680114746 0.99424356222153 2.7577285766602 
000022 352 1216 2 422.06314086914 233.95607757568 89.398193359375 165.65113830566 0.98035264015198 8.2122774124146 
000022 352 1216 2 554.23571777344 169.32875061035 22.221069335938 53.762268066406 0.92139452695847 23.878364562988 
000022 352 1216 2 526.98217773438 173.92433166504 28.322021484375 64.426025390625 0.92106968164444 19.681247711182 
000022 352 1216 3 453.02787780762 171.87113952637 33.288116455078 52.343231201172 0.86278450489044 21.61541557312 
000023 352 1216 2 1029.8280029297 260.70504760742 156.50366210938 246.67877197266 0.99891638755798 3.473443031311 
000023 352 1216 2 790.34240722656 257.32609558105 144.61584472656 256.29684448242 0.99844461679459 3.56125831604 
000023 352 1216 2 352.9211730957 236.66844177246 98.120971679688 204.18997192383 0.99798631668091 6.6004500389099 
000023 352 1216 2 527.11065673828 176.04597473145 27.677978515625 68.2470703125 0.94338059425354 19.652439117432 
000023 352 1216 2 555.36251831055 168.357421875 21.825256347656 51.924011230469 0.85128790140152 25.55718421936 
000023 352 1216 2 444.51832580566 236.79092407227 90.445098876953 178.25146484375 0.67551320791245 8.1102991104126 
000024 352 1216 2 361.41714477539 243.10342407227 92.839294433594 201.95886230469 0.99943274259567 6.7308993339539 
000024 352 1216 2 806.88739013672 255.34532928467 127.98413085938 248.00715637207 0.99735021591187 5.305805683136 
000024 352 1216 2 998.70248413086 255.95496368408 160.66143798828 244.87315368652 0.99377596378326 3.1680293083191 
000024 352 1216 2 447.72406005859 240.6946182251 86.069274902344 173.27000427246 0.99047040939331 7.4972634315491 
000024 352 1216 2 528.0426940918 175.30924224854 24.184509277344 62.569259643555 0.97200012207031 21.643520355225 
000024 352 1216 2 556.61392211914 169.60077667236 20.584655761719 52.986862182617 0.94883668422699 24.395290374756 
000024 352 1216 2 588.48474121094 170.88273620605 21.23046875 50.411254882812 0.83320236206055 26.182559967041 
000025 352 1216 2 379.03211975098 240.08812713623 92.096954345703 208.61311340332 0.99994456768036 6.8622121810913 
000025 352 1216 2 819.55810546875 254.24454498291 126.81750488281 246.1649017334 0.9981341958046 4.6587247848511 
000025 352 1216 2 471.2216796875 243.14977264404 88.416137695312 196.3638458252 0.99767082929611 7.5531220436096 
000025 352 1216 2 978.68218994141 262.12390136719 116.21203613281 225.51159667969 0.99636960029602 4.8198142051697 
000025 352 1216 2 532.11053466797 175.09806060791 21.179809570312 60.859390258789 0.98670965433121 21.609771728516 
000025 352 1216 2 590.966796875 172.14400482178 19.893676757812 49.15983581543 0.85126161575317 26.750373840332 
000025 352 1216 2 556.01553344727 169.92142486572 19.490905761719 49.66178894043 0.83701658248901 25.581142425537 
000026 352 1216 2 383.76516723633 240.493019104 94.880004882812 207.45140075684 0.99973183870316 6.4938249588013 
000026 352 1216 2 895.6594543457 261.42165374756 165.48858642578 270.9893951416 0.99901580810547 3.3022077083588 
000026 352 1216 2 822.55853271484 253.5858001709 153.82263183594 269.16177368164 0.99884986877441 3.3407015800476 
000026 352 1216 2 480.10823059082 240.11826324463 84.067352294922 187.8431854248 0.9986487030983 6.9696769714355 
000026 352 1216 2 531.74624633789 171.80029296875 22.577087402344 61.963623046875 0.98170173168182 21.240453720093 
000026 352 1216 2 591.57669067383 172.17920684814 21.783142089844 54.465774536133 0.92623728513718 24.270177841187 
000027 352 1216 2 498.24179077148 239.67389678955 86.077087402344 201.46183776855 0.99979704618454 7.0545129776001 
000027 352 1216 2 398.16268920898 240.3671836853 96.048278808594 225.42884063721 0.99969494342804 5.5253796577454 
000027 352 1216 2 877.64031982422 259.36936187744 145.20251464844 264.23991394043 0.99959367513657 3.8510599136353 
000027 352 1216 2 538.98309326172 173.35557556152 23.852416992188 60.794494628906 0.96848261356354 19.610216140747 
000027 352 1216 2 591.20471191406 173.37322235107 23.589721679688 60.446823120117 0.9562828540802 22.406484603882 
000028 352 1216 2 411.75199890137 240.8238067627 96.372467041016 222.79934692383 0.99992752075195 5.9151105880737 
000028 352 1216 2 508.38758850098 240.89023590088 94.082733154297 193.82633972168 0.99987494945526 6.9101910591125 
000028 352 1216 2 884.99084472656 257.25398254395 159.587890625 255.94924926758 0.99904471635818 3.7190775871277 
000028 352 1216 2 542.14489746094 172.62919616699 26.24609375 65.295684814453 0.97676259279251 19.510936737061 
000028 352 1216 2 595.00033569336 170.8462677002 25.297302246094 60.207885742188 0.95719128847122 22.71568107605 
000029 352 1216 2 515.60284423828 245.60750579834 96.500854492188 206.82008361816 0.99977606534958 6.5809111595154 
000029 352 1216 2 422.14631652832 235.39556121826 98.848175048828 211.23725891113 0.99809473752975 5.8637776374817 
000029 352 1216 2 904.71139526367 257.82109069824 163.12176513672 259.24032592773 0.9957662820816 3.6169247627258 
000029 352 1216 2 596.44839477539 172.23879241943 23.271301269531 58.669692993164 0.98122000694275 22.087894439697 
000029 352 1216 2 546.30990600586 173.27374267578 25.150451660156 66.041748046875 0.97383826971054 20.545553207397 
000030 352 1216 2 538.57084655762 246.14163208008 95.283111572266 208.19451904297 0.99995648860931 6.5913619995117 
000030 352 1216 2 436.9779510498 239.09981155396 109.26040649414 237.45589447021 0.99969291687012 5.7071948051453 
000030 352 1216 2 899.17858886719 258.72748184204 184.65869140625 268.57494354248 0.99562883377075 4.0302872657776 
000030 352 1216 2 595.80126953125 173.54888916016 25.719848632812 62.680206298828 0.90945011377335 20.540683746338 
000031 352 1216 2 890.52011108398 262.72719573975 194.18975830078 274.6802520752 0.99964380264282 5.3895153999329 
000031 352 1216 2 448.48709106445 246.87761306763 116.36419677734 240.9128036499 0.99918979406357 5.5718975067139 
000031 352 1216 2 546.08432006836 243.60069274902 92.401550292969 200.16165161133 0.9980029463768 6.4240689277649 
000031 352 1216 2 966.48718261719 251.98932647705 223.341796875 272.44926452637 0.99626368284225 3.2103881835938 
000031 352 1216 2 597.8639831543 171.23310852051 18.971740722656 52.506591796875 0.98746848106384 22.549747467041 
000032 352 1216 2 800.34606933594 262.99465942383 109.69482421875 235.96002197266 0.99991583824158 5.3176689147949 
000032 352 1216 2 476.05598449707 243.96842575073 112.35275268555 243.1370010376 0.99975079298019 4.6998376846313 
000032 352 1216 2 567.20101928711 238.89779663086 96.014953613281 208.30694580078 0.99956291913986 6.3858127593994 
000032 352 1216 2 960.98638916016 256.98114013672 182.39001464844 273.03619384766 0.99653446674347 3.2301025390625 
000032 352 1216 2 597.64276123047 172.04125976562 19.594360351562 54.041534423828 0.97947305440903 21.360948562622 
000033 352 1216 2 477.93118286133 247.38679504395 110.08172607422 240.4670715332 0.99985325336456 4.9779415130615 
000033 352 1216 2 577.05145263672 244.99015045166 92.240356445312 203.98539733887 0.99947613477707 6.2131028175354 
000033 352 1216 2 775.37030029297 254.68672943115 97.375366210938 194.95613098145 0.9976721405983 5.7623324394226 
000033 352 1216 2 1001.9533996582 253.4100151062 201.77142333984 257.11966705322 0.99501073360443 2.52690076828 
000033 352 1216 2 602.00491333008 173.79161071777 24.364196777344 63.689147949219 0.98003220558167 17.680955886841 
000033 352 1216 2 537.97311401367 168.46402740479 23.358459472656 64.87565612793 0.96683168411255 20.15811920166 
000034 352 1216 2 759.41006469727 256.18434143066 96.583190917969 203.98532104492 0.99946278333664 6.7388153076172 
000034 352 1216 2 591.36331176758 245.73044586182 88.273376464844 201.23191833496 0.99930214881897 6.7739424705505 
000034 352 1216 2 490.87768554688 244.08263397217 123.92297363281 248.31904602051 0.99379044771194 4.0555257797241 
000034 352 1216 2 1022.0752868652 259.14199066162 187.82891845703 256.28059387207 0.99342477321625 3.5926992893219 
000034 352 1216 2 537.09121704102 172.16201019287 23.679870605469 64.459548950195 0.99302107095718 18.572576522827 
000035 352 1216 2 608.13946533203 249.71809387207 97.480102539062 216.52908325195 0.99990046024323 6.7236967086792 
000035 352 1216 2 734.09841918945 255.82479095459 102.20367431641 197.46864318848 0.99984133243561 6.5850172042847 
000035 352 1216 2 505.23092651367 246.6734085083 109.94061279297 233.33561706543 0.99880599975586 4.7358436584473 
000035 352 1216 2 1054.8346252441 260.29009246826 202.27239990234 272.00019836426 0.99257832765579 3.0673801898956 
000035 352 1216 2 547.16180419922 174.05898284912 25.565673828125 63.991714477539 0.94266033172607 19.430107116699 
000036 352 1216 2 512.67933654785 248.69139862061 107.99594116211 226.23585510254 0.99979072809219 5.3669462203979 
000036 352 1216 2 620.38836669922 249.68187713623 89.396240234375 202.34931945801 0.99978715181351 6.7172274589539 
000036 352 1216 2 712.06732177734 255.31657409668 93.323364257812 199.01901245117 0.99928790330887 6.3122229576111 
000036 352 1216 2 1068.1079406738 257.94673156738 187.36468505859 268.65023803711 0.99644935131073 2.813512802124 
000036 352 1216 2 557.49520874023 176.26179504395 27.160461425781 67.31201171875 0.98434561491013 19.02906036377 
000037 352 1216 2 666.08474731445 253.09342193604 97.078430175781 228.05351257324 0.99990808963776 7.022385597229 
000037 352 1216 2 533.22557067871 249.29510498047 115.36428833008 249.21490478516 0.99978297948837 4.4242887496948 
000037 352 1216 2 1103.6965332031 253.67615509033 224.37670898438 272.94596862793 0.99790775775909 1.216379404068 
000037 352 1216 2 561.39184570312 177.58633422852 25.369384765625 67.074981689453 0.97242265939713 18.008419036865 
000037 352 1216 2 630.26428222656 234.31900024414 72.90087890625 157.29351806641 0.89651906490326 6.6599817276001 
000038 352 1216 2 548.01745605469 243.21127319336 115.55859375 245.54229736328 0.99994814395905 4.1718740463257 
000038 352 1216 2 658.48092651367 250.78408050537 102.29486083984 213.51118469238 0.9985328912735 6.672842502594 
000038 352 1216 2 600.69000244141 178.12853240967 23.191040039062 60.86116027832 0.99790334701538 17.882604598999 
000038 352 1216 2 1130.4649963379 253.80584335327 229.23089599609 269.83380889893 0.99701261520386 1.131007194519 
000039 352 1216 2 562.26246643066 240.23833084106 120.02194213867 256.07601165771 0.99975878000259 3.2585151195526 
000039 352 1216 2 665.65612792969 258.20594024658 105.734375 210.14616394043 0.99916195869446 6.9881701469421 
000039 352 1216 2 1153.4895629883 253.39514541626 222.30749511719 259.54161834717 0.99567943811417 1.909402012825 
000039 352 1216 2 601.01928710938 173.9585647583 23.872802734375 62.29753112793 0.99188059568405 18.751291275024 
000040 352 1216 2 602.33435058594 251.77800750732 105.36938476562 231.05653381348 0.99967384338379 5.1041393280029 
000040 352 1216 2 674.43695068359 249.80671691895 104.44262695312 220.4694519043 0.99898451566696 6.3370890617371 
000040 352 1216 2 538.07385253906 167.05889892578 25.169555664062 66.995239257812 0.96792310476303 21.446716308594 
000040 352 1216 2 603.28036499023 175.63328552246 40.659729003906 95.261840820312 0.96345144510269 15.860612869263 
000040 352 1216 2 1169.985168457 248.33718490601 226.73791503906 247.37512969971 0.89181983470917 1.5292856693268 
000041 352 1216 2 611.6819152832 256.59197235107 125.99407958984 271.32441711426 0.99990475177765 4.4016981124878 
000041 352 1216 2 700.28570556641 255.25020599365 103.02648925781 233.31776428223 0.99989402294159 6.3342294692993 
000041 352 1216 2 537.95623779297 169.03565216064 20.960205078125 62.226516723633 0.96011847257614 19.580568313599 
000041 352 1216 2 566.39834594727 178.43072509766 26.002014160156 68.997772216797 0.75634461641312 17.383804321289 
000041 352 1216 2 1190.1732177734 253.00932312012 231.88842773438 232.8786315918 0.70830094814301 2.5801296234131 
000041 352 1216 2 495.36094665527 163.12901306152 15.689910888672 39.708923339844 0.70309394598007 31.497255325317 
000042 352 1216 2 692.96038818359 251.0598449707 103.42810058594 223.99047851562 0.99922978878021 6.5305213928223 
000042 352 1216 2 609.75909423828 255.30084991455 123.88513183594 254.90336608887 0.99904054403305 4.2513918876648 
000042 352 1216 2 535.87002563477 168.99621582031 22.466491699219 65.923248291016 0.97293967008591 20.613683700562 
000042 352 1216 2 567.6279296875 178.42664337158 25.75439453125 69.165084838867 0.93810909986496 17.941980361938 
000043 352 1216 2 623.76724243164 246.29752349854 102.21844482422 226.4047088623 0.99988830089569 4.7254204750061 
000043 352 1216 2 732.26708984375 248.85208892822 109.37268066406 230.70365905762 0.99986791610718 6.1655826568604 
000043 352 1216 2 571.64169311523 237.20974731445 73.075134277344 150.70861816406 0.98753416538239 6.3479223251343 
000043 352 1216 2 536.46472167969 169.77944946289 19.351684570312 57.381408691406 0.98609745502472 21.037284851074 
000044 352 1216 2 664.0163269043 251.217628479 121.19366455078 239.14775085449 0.99933975934982 4.329794883728 
000044 352 1216 2 748.27334594727 254.45694732666 113.74310302734 219.88542175293 0.99875330924988 6.0729379653931 
000044 352 1216 2 569.38931274414 187.90253448486 38.975524902344 91.826522827148 0.99771463871002 16.19713973999 
000044 352 1216 2 545.70390319824 241.30251312256 111.6897277832 194.76051330566 0.99153882265091 5.8329472541809 
000045 352 1216 2 534.62255859375 246.76372528076 89.460083007812 200.92488098145 0.99999058246613 6.2550840377808 
000045 352 1216 2 765.67669677734 257.76593017578 123.27392578125 250.67614746094 0.99974423646927 5.425271987915 
000045 352 1216 2 660.15277099609 251.08067321777 126.798828125 264.04678344727 0.99932444095612 4.8248834609985 
000045 352 1216 2 572.53646850586 179.32997894287 26.435852050781 63.270004272461 0.93524688482285 18.457752227783 
000045 352 1216 2 613.55578613281 176.381980896 34.68896484375 74.894454956055 0.90659350156784 17.975261688232 
000046 352 1216 2 674.00930786133 255.69856643677 134.75152587891 261.44075775146 0.9997860789299 4.3552389144897 
000046 352 1216 2 777.37545776367 258.13531494141 115.41571044922 235.00244140625 0.99908125400543 5.5513529777527 
000046 352 1216 2 510.43147277832 247.63282775879 81.119598388672 183.21792602539 0.99768245220184 4.977174282074 
000046 352 1216 2 538.52880859375 174.00304412842 25.680541992188 68.050399780273 0.96880406141281 21.128358840942 
000046 352 1216 2 576.93588256836 179.79214477539 27.976867675781 65.597198486328 0.96471780538559 18.38271522522 
000046 352 1216 2 615.03494262695 174.1029510498 26.062927246094 59.690124511719 0.94986796379089 21.176551818848 
000047 352 1216 2 497.05947875977 248.41989135742 98.328308105469 213.74261474609 0.99991989135742 5.8680086135864 
000047 352 1216 2 707.83145141602 250.75232696533 124.40228271484 238.0365447998 0.99983263015747 4.8598327636719 
000047 352 1216 2 799.36367797852 254.14687347412 116.31427001953 236.4239654541 0.99946373701096 5.6023435592651 
000047 352 1216 2 538.244140625 172.64661407471 26.616577148438 72.477890014648 0.99274891614914 18.517999649048 
000047 352 1216 2 580.79251098633 180.66593933105 32.008483886719 76.197692871094 0.93717056512833 16.780223846436 
000047 352 1216 2 618.28427124023 175.12872314453 29.632385253906 65.621368408203 0.91246545314789 20.171936035156 
000048 352 1216 2 477.7876739502 245.23962402344 98.689422607422 192.58361816406 0.99996018409729 6.4286432266235 
000048 352 1216 2 789.98159790039 253.81011962891 137.57232666016 244.11968994141 0.99913257360458 4.7729306221008 
000048 352 1216 2 704.05075073242 253.57633972168 137.72210693359 235.43453979492 0.99779981374741 4.27649974823 
000048 352 1216 2 586.82556152344 181.85701751709 31.506469726562 74.984756469727 0.94856595993042 16.382242202759 
000048 352 1216 2 620.626953125 176.15473175049 26.4697265625 62.438766479492 0.90155977010727 20.659545898438 
000048 352 1216 2 538.02267456055 169.43106079102 24.555725097656 53.191070556641 0.88322651386261 24.485130310059 
000048 352 1216 2 503.99797058105 161.81804656982 18.631744384766 41.249893188477 0.70772272348404 31.06782913208 
000049 352 1216 2 454.75619506836 246.447265625 88.576354980469 194.00360107422 0.99982446432114 5.9410810470581 
000049 352 1216 2 790.9762878418 251.8056640625 143.45208740234 255.40179443359 0.9995185136795 4.5702095031738 
000049 352 1216 2 732.93426513672 255.02642822266 126.95458984375 215.95037841797 0.99125820398331 4.3013391494751 
000049 352 1216 2 588.9723815918 181.53923034668 32.995056152344 74.96923828125 0.92709934711456 15.440274238586 
000049 352 1216 2 538.71701049805 170.54880523682 31.089172363281 73.507431030273 0.81922024488449 19.256761550903 
000049 352 1216 2 622.98345947266 174.309425354 28.22314453125 58.239547729492 0.69165229797363 20.503829956055 
000050 352 1216 2 437.41494750977 242.08787536621 91.305969238281 191.9577331543 0.99957698583603 6.7655220031738 
000050 352 1216 2 809.1955871582 251.80054473877 158.28973388672 261.32884216309 0.99801540374756 4.6334600448608 
000050 352 1216 2 538.67291259766 171.15762329102 25.947265625 69.800811767578 0.94751566648483 21.013244628906 
000050 352 1216 2 588.95034790039 181.0276260376 30.037170410156 73.338973999023 0.91117632389069 16.251274108887 
000050 352 1216 2 624.98724365234 177.01291656494 27.798583984375 61.153335571289 0.79534870386124 19.569068908691 
000050 352 1216 2 567.58535766602 178.17719268799 28.077819824219 72.947006225586 0.77481776475906 16.94236946106 
000050 352 1216 2 736.26345825195 247.26781082153 153.92999267578 257.723777771 0.73244088888168 3.1200966835022 
000051 352 1216 2 416.73231506348 249.11594390869 75.399566650391 182.66789245605 0.99844837188721 6.5326175689697 
000051 352 1216 2 796.21832275391 246.55242538452 152.15783691406 248.73596954346 0.99297535419464 3.3414375782013 
000051 352 1216 2 881.54525756836 264.75791931152 138.34954833984 233.24490356445 0.99007308483124 4.6377897262573 
000051 352 1216 2 539.44287109375 173.18789672852 25.551635742188 68.847808837891 0.94645202159882 17.352687835693 
000051 352 1216 2 574.43133544922 178.82422637939 29.787231445312 72.588516235352 0.92523819208145 16.335964202881 
000051 352 1216 2 597.85488891602 182.04788208008 31.658020019531 71.403106689453 0.75671648979187 16.040460586548 
000051 352 1216 2 625.8791809082 177.52918243408 29.507019042969 59.59797668457 0.73680937290192 18.88009262085 
000051 352 1216 3 500.73498535156 163.76140594482 20.913330078125 45.701522827148 0.72869378328323 30.525756835938 
000052 352 1216 2 405.0242767334 242.03742980957 92.145538330078 192.66445922852 0.99964904785156 7.3075838088989 
000052 352 1216 2 834.43185424805 246.15252304077 192.93890380859 270.14356231689 0.99480891227722 1.6173722743988 
000052 352 1216 2 570.98751831055 178.07285308838 25.592102050781 67.18489074707 0.95309048891068 17.421524047852 
000052 352 1216 2 539.18222045898 170.04168701172 21.601867675781 57.920837402344 0.92408967018127 19.854007720947 
000052 352 1216 2 602.50619506836 182.14279174805 29.842346191406 71.664672851562 0.89818543195724 16.448341369629 
000052 352 1216 2 630.28713989258 179.22608184814 26.610656738281 63.172073364258 0.88266414403915 18.853633880615 
000052 352 1216 3 497.90625 165.21482849121 19.2841796875 40.954437255859 0.75679874420166 29.66682434082 
000053 352 1216 2 383.97514343262 241.42622375488 87.713287353516 179.1594543457 0.99952816963196 7.6426496505737 
000053 352 1216 2 867.72463989258 245.33556747437 194.76641845703 270.73596954346 0.9966282248497 2.3486030101776 
000053 352 1216 2 602.20648193359 184.09870910645 30.786865234375 79.086120605469 0.9837486743927 15.682538986206 
000053 352 1216 2 570.78723144531 178.01308441162 27.605102539062 73.576675415039 0.97731381654739 17.074768066406 
000053 352 1216 2 631.07125854492 180.11128997803 25.906311035156 66.139053344727 0.88616895675659 18.430530548096 
000053 352 1216 2 539.49185180664 169.32685852051 26.837585449219 63.590637207031 0.87540721893311 19.791582107544 
000053 352 1216 2 928.71139526367 262.27822875977 105.89178466797 153.23248291016 0.82716250419617 6.105215549469 
000053 352 1216 3 493.75021362305 164.60145568848 27.270935058594 43.530548095703 0.82187777757645 28.511962890625 
000054 352 1216 2 369.10649108887 238.44483947754 73.772003173828 171.99765014648 0.99950957298279 7.6753191947937 
000054 352 1216 2 901.5009765625 244.83479690552 212.52380371094 272.69570159912 0.99937278032303 4.6222071647644 
000054 352 1216 2 602.6178894043 185.3196182251 35.295104980469 78.392105102539 0.99176144599915 16.081283569336 
000054 352 1216 2 570.72671508789 178.05413818359 25.715148925781 69.585876464844 0.98658841848373 17.499839782715 
000054 352 1216 2 634.32150268555 179.62965393066 27.837219238281 70.635589599609 0.91817563772202 18.014608383179 
000054 352 1216 2 540.75436401367 173.59896850586 27.443176269531 68.889526367188 0.91110998392105 18.524404525757 
000054 352 1216 3 482.89538574219 164.98572540283 37.699096679688 50.627975463867 0.87584501504898 28.178922653198 
000055 352 1216 2 928.9128112793 248.56505966187 187.14849853516 262.94147491455 0.99877804517746 4.6216249465942 
000055 352 1216 2 352.18206787109 236.03243255615 75.948669433594 170.95826721191 0.99744498729706 7.4765362739563 
000055 352 1216 2 603.4538269043 184.27383422852 34.006896972656 75.783721923828 0.99385058879852 16.835155487061 
000055 352 1216 2 572.3542175293 178.12828063965 27.592834472656 72.409790039062 0.99365645647049 17.626438140869 
000055 352 1216 2 634.42492675781 180.08416748047 27.116455078125 70.109100341797 0.97412997484207 17.808673858643 
000055 352 1216 2 540.99047851562 174.34491729736 27.085205078125 69.219589233398 0.93382626771927 18.47357749939 
000055 352 1216 3 479.5121307373 164.87519836426 37.094879150391 47.462829589844 0.94944566488266 27.423131942749 
000056 352 1216 2 338.22764587402 239.16446685791 80.755828857422 181.97239685059 0.99965727329254 8.0560932159424 
000056 352 1216 2 946.81546020508 240.37398910522 203.90423583984 258.59650421143 0.99943739175797 4.5552358627319 
000056 352 1216 2 572.85940551758 177.40919494629 28.233459472656 72.857391357422 0.9831725358963 17.291654586792 
000056 352 1216 2 607.04547119141 183.38874053955 32.8037109375 73.684219360352 0.94874370098114 16.618995666504 
000056 352 1216 2 541.68792724609 173.65079498291 27.860107421875 70.269424438477 0.92645591497421 18.59229850769 
000056 352 1216 2 867.85610961914 239.35426712036 238.88018798828 276.16542816162 0.83740270137787 1.8960827589035 
000056 352 1216 2 634.58267211914 180.28885650635 27.135925292969 73.821517944336 0.81385546922684 17.377220153809 
000056 352 1216 3 478.17059326172 165.41297912598 39.186584472656 49.107360839844 0.97977989912033 26.372161865234 
000057 352 1216 2 317.48759460449 237.50377655029 72.075103759766 170.55909729004 0.9999303817749 7.8809790611267 
000057 352 1216 2 962.54418945312 242.3282623291 223.361328125 263.52151489258 0.99808913469315 4.1820573806763 
000057 352 1216 2 613.97528076172 185.24429321289 33.119995117188 75.124664306641 0.98686629533768 16.859645843506 
000057 352 1216 2 544.45989990234 174.06397247314 27.395629882812 67.370346069336 0.97075653076172 17.482666015625 
000057 352 1216 2 574.99014282227 177.66441345215 26.687316894531 68.998626708984 0.95737600326538 17.440542221069 
000057 352 1216 2 893.59649658203 255.11178207397 229.03063964844 263.39075469971 0.90451270341873 0.093688726425171 
000057 352 1216 2 640.41918945312 175.76020812988 26.3447265625 56.279174804688 0.74426460266113 22.936904907227 
000057 352 1216 3 475.24505615234 164.22627258301 33.322387695312 43.7060546875 0.92434865236282 30.087112426758 
000058 352 1216 2 303.93475341797 233.29384613037 73.096984863281 176.34303283691 0.99954551458359 8.0514669418335 
000058 352 1216 2 991.36721801758 245.11385726929 220.83270263672 267.76801300049 0.99380737543106 3.3470015525818 
000058 352 1216 2 616.84796142578 184.95977783203 34.013671875 80.220184326172 0.98235267400742 15.351593971252 
000058 352 1216 2 546.87957763672 175.03414916992 27.361328125 70.594696044922 0.96995824575424 16.229379653931 
000058 352 1216 2 578.81210327148 178.47658538818 28.443664550781 70.230453491211 0.94229459762573 15.866500854492 
000058 352 1216 3 472.74380493164 163.49917602539 32.164978027344 43.438323974609 0.94144421815872 27.536237716675 
000059 352 1216 2 1028.8193359375 245.92501068115 273.13427734375 282.5372467041 0.99690186977386 1.6323186159134 
000059 352 1216 2 285.40766143799 234.71390533447 71.179306030273 167.57975769043 0.99550640583038 7.5747909545898 
000059 352 1216 2 624.48400878906 185.31464385986 39.927612304688 90.390365600586 0.98106050491333 14.206268310547 
000059 352 1216 2 580.99472045898 179.76885223389 33.282531738281 78.296157836914 0.8871818780899 15.174319267273 
000059 352 1216 2 549.18200683594 174.52729034424 31.882934570312 79.624801635742 0.8647528886795 15.795479774475 
000059 352 1216 3 472.72764587402 163.76329803467 31.842010498047 44.128890991211 0.98399329185486 27.913316726685 
000059 352 1216 3 412.03819274902 165.72469329834 44.650604248047 58.17399597168 0.64305776357651 23.958568572998 
000060 352 1216 2 1054.7118835449 240.70093536377 282.97296142578 267.9877166748 0.98259729146957 1.2172788381577 
000060 352 1216 2 630.53042602539 185.23796081543 36.273986816406 81.757507324219 0.9779344201088 14.688394546509 
000060 352 1216 2 282.47714233398 231.38961029053 60.018615722656 148.70796203613 0.97454768419266 8.52942943573 
000060 352 1216 2 552.77825927734 173.91946411133 28.758544921875 73.672027587891 0.91575390100479 16.870492935181 
000060 352 1216 2 584.15609741211 181.5112991333 33.696350097656 78.460556030273 0.90645956993103 15.256048202515 
000060 352 1216 3 470.60417175293 163.82803344727 36.509918212891 45.670989990234 0.99702244997025 26.3307056427 
000060 352 1216 3 408.13749694824 167.71440124512 41.634490966797 52.071502685547 0.79467302560806 25.627471923828 
000061 352 1216 2 632.74075317383 189.70250701904 41.242858886719 90.621383666992 0.98745793104172 13.152317047119 
000061 352 1216 2 1088.1799926758 234.90747833252 294.09582519531 267.99504089355 0.96477615833282 -0.10768258571625 
000061 352 1216 2 556.89672851562 175.56172180176 30.06787109375 74.492248535156 0.94961494207382 16.597881317139 
000061 352 1216 2 587.43319702148 180.61018371582 34.160949707031 79.348114013672 0.92808753252029 15.191327095032 
000061 352 1216 3 469.40512084961 164.0255279541 34.477722167969 50.384979248047 0.98624843358994 27.096452713013 
000062 352 1216 2 635.10244750977 190.59407806396 42.340637207031 92.177780151367 0.98967707157135 13.930662155151 
000062 352 1216 2 559.08966064453 176.88237762451 29.546997070312 75.293899536133 0.9749938249588 17.229515075684 
000062 352 1216 2 590.67956542969 180.05846405029 34.2578125 80.460067749023 0.92923372983932 15.73166847229 
000062 352 1216 2 1104.2250366211 223.95868301392 253.03503417969 257.89525604248 0.92692589759827 0.77975964546204 
000062 352 1216 3 462.74775695801 166.97763061523 38.936553955078 39.968078613281 0.91588258743286 28.560224533081 
000063 352 1216 2 638.24859619141 190.59993743896 40.744506835938 94.99479675293 0.98911136388779 11.930532455444 
000063 352 1216 2 559.44750976562 175.196434021 29.794677734375 75.627212524414 0.98187893629074 16.981212615967 
000063 352 1216 2 590.75994873047 180.88581848145 34.35009765625 80.779022216797 0.93235182762146 15.184170722961 
000063 352 1216 2 1098.9070739746 235.79541397095 260.18585205078 264.23540496826 0.88909721374512 0.9169557094574 
000063 352 1216 3 460.05561828613 166.755859375 36.841278076172 45.744293212891 0.93974840641022 25.699296951294 
000064 352 1216 2 647.31704711914 190.71630859375 41.981994628906 96.652465820312 0.99482238292694 11.901139259338 
000064 352 1216 2 1123.3614807129 231.12637329102 260.83734130859 279.56103515625 0.96350479125977 0.8296223282814 
000064 352 1216 2 591.42993164062 180.65811920166 35.964233398438 80.254440307617 0.94157588481903 15.399874687195 
000064 352 1216 2 558.77032470703 174.49642181396 30.943603515625 73.670516967773 0.93385422229767 17.623119354248 
000064 352 1216 3 458.4829864502 165.13751220703 32.754241943359 42.704010009766 0.92499363422394 27.714111328125 
000065 352 1216 2 648.77883911133 194.38273620605 44.937683105469 97.724517822266 0.99214971065521 11.697306632996 
000065 352 1216 2 560.19119262695 173.68924713135 31.181091308594 76.916244506836 0.98738527297974 16.536836624146 
000065 352 1216 2 1160.8401489258 227.11666488647 245.60876464844 284.27075958252 0.98590290546417 1.1028074026108 
000065 352 1216 2 592.18167114258 182.36145019531 37.600280761719 83.349273681641 0.97095292806625 14.694221496582 
000065 352 1216 3 454.56922912598 165.12034606934 33.998809814453 38.918212890625 0.93880838155746 27.531869888306 
000066 352 1216 2 654.01712036133 198.09826660156 46.435729980469 99.130981445312 0.99721992015839 11.592205047607 
000066 352 1216 2 562.5602722168 171.9621963501 29.253234863281 76.260208129883 0.98201203346252 16.287437438965 
000066 352 1216 2 595.54766845703 182.36647796631 37.33349609375 77.510360717773 0.94582897424698 14.502213478088 
000066 352 1216 2 1205.4657592773 211.30741882324 192.40637207031 235.61587524414 0.71552801132202 3.4366736412048 
000066 352 1216 3 451.1565246582 166.34690093994 32.522033691406 47.016098022461 0.72229868173599 25.102468490601 
000067 352 1216 2 656.14291381836 197.53857421875 45.050964355469 100.53494262695 0.9994832277298 11.911642074585 
000067 352 1216 2 596.18127441406 184.28244018555 37.765258789062 79.758270263672 0.97475159168243 14.096224784851 
000067 352 1216 2 561.93783569336 173.48278045654 31.294616699219 70.480239868164 0.92424273490906 16.438579559326 
000067 352 1216 3 443.00944519043 170.65123748779 38.190032958984 62.940505981445 0.9134755730629 21.325565338135 
000068 352 1216 2 664.01110839844 196.2901763916 45.606079101562 113.39511108398 0.99978977441788 11.475150108337 
000068 352 1216 2 565.65576171875 175.24279022217 34.4375 83.459976196289 0.98737037181854 15.047449111938 
000068 352 1216 2 599.90243530273 181.45561218262 39.168273925781 89.934722900391 0.98382449150085 13.505871772766 
000068 352 1216 3 440.75999450684 168.58279418945 35.301239013672 54.627746582031 0.97501558065414 22.633201599121 
000069 352 1216 2 666.03680419922 194.55371856689 42.400634765625 102.99952697754 0.99841344356537 11.777503967285 
000069 352 1216 2 564.22692871094 175.16839599609 36.317993164062 89.119140625 0.98429107666016 14.24903678894 
000069 352 1216 2 600.7317199707 179.77599334717 38.176574707031 88.20329284668 0.98167532682419 13.283333778381 
000069 352 1216 3 441.07073974609 172.43044281006 33.61669921875 60.806716918945 0.95787692070007 22.456449508667 
000070 352 1216 2 669.52209472656 195.47343444824 44.927856445312 104.10275268555 0.99924767017365 11.171770095825 
000070 352 1216 2 565.73666381836 175.58153533936 33.718078613281 88.856460571289 0.99473613500595 14.813377380371 
000070 352 1216 2 602.66702270508 181.99695587158 34.928039550781 84.546981811523 0.98276591300964 13.716373443604 
000070 352 1216 3 439.82984924316 169.87270355225 30.823394775391 59.886734008789 0.91399550437927 23.766017913818 
000071 352 1216 2 566.22210693359 175.05764770508 31.363891601562 86.340026855469 0.99679070711136 15.261693954468 
000071 352 1216 2 676.15512084961 195.02426147461 45.723205566406 97.546478271484 0.98921740055084 11.611171722412 
000071 352 1216 2 603.58383178711 184.54475402832 35.900207519531 82.065063476562 0.98379391431808 13.407580375671 
000071 352 1216 3 438.75950622559 170.19506835938 32.705230712891 59.362335205078 0.94922834634781 24.339458465576 
000072 352 1216 2 567.93579101562 178.40016174316 33.677612304688 93.686340332031 0.99933236837387 13.741577148438 
000072 352 1216 2 679.05606079102 196.0813293457 42.449768066406 93.108428955078 0.98890161514282 12.353505134583 
000072 352 1216 2 606.60827636719 184.31357574463 35.865356445312 80.303268432617 0.96093422174454 13.565517425537 
000072 352 1216 3 436.58706665039 165.03942108154 23.193054199219 51.33235168457 0.65586656332016 28.005596160889 
000073 352 1216 2 696.16888427734 201.17613983154 45.114501953125 114.1974029541 0.9990548491478 11.374974250793 
000073 352 1216 2 569.19598388672 178.61671447754 31.13623046875 88.771118164062 0.99800628423691 14.28030872345 
000073 352 1216 2 666.4596862793 183.42358398438 28.617370605469 73.23779296875 0.98545998334885 15.395315170288 
000073 352 1216 2 610.52682495117 181.68478393555 34.142150878906 80.609313964844 0.92938351631165 14.320293426514 
000074 352 1216 2 700.60552978516 199.34269714355 42.790893554688 107.29867553711 0.99981266260147 11.152099609375 
000074 352 1216 2 568.42611694336 178.55631256104 34.668884277344 89.997360229492 0.99576532840729 14.190090179443 
000074 352 1216 2 667.58520507812 183.23027038574 32.212280273438 72.428070068359 0.98261719942093 14.762471199036 
000074 352 1216 2 615.46569824219 182.72351074219 35.010986328125 81.308715820312 0.98090493679047 14.141157150269 
000074 352 1216 3 439.25509643555 168.97431945801 29.276123046875 63.744140625 0.67425364255905 21.276210784912 
000075 352 1216 2 702.51544189453 201.72832489014 48.630004882812 110.18135070801 0.99944931268692 11.016812324524 
000075 352 1216 2 569.00485229492 180.3318862915 38.195373535156 100.08662414551 0.99769103527069 12.939185142517 
000075 352 1216 2 620.29339599609 184.15995788574 33.815185546875 81.223419189453 0.9916068315506 14.111487388611 
000075 352 1216 2 667.46527099609 183.04691314697 30.21484375 65.322647094727 0.9730726480484 17.030542373657 
000076 352 1216 2 570.10833740234 179.91384124756 39.545654296875 103.2007598877 0.99897861480713 13.061838150024 
000076 352 1216 2 711.49255371094 205.69100189209 49.94140625 109.54109191895 0.99879705905914 10.274215698242 
000076 352 1216 2 624.77487182617 183.66337585449 33.404235839844 78.111145019531 0.980109333992 14.784218788147 
000076 352 1216 2 676.88958740234 182.59544372559 30.114868164062 63.180267333984 0.92758679389954 17.008272171021 
000077 352 1216 2 570.09777832031 181.40035629272 42.717895507812 107.79141998291 0.99915301799774 12.465667724609 
000077 352 1216 2 720.32189941406 208.30654907227 56.629150390625 118.19793701172 0.99888247251511 10.572387695312 
000077 352 1216 2 629.46719360352 184.86608123779 38.186218261719 88.586654663086 0.99701142311096 13.759317398071 
000077 352 1216 2 683.03741455078 184.44898986816 37.674438476562 76.979309082031 0.97080910205841 15.728374481201 
000078 352 1216 2 728.41271972656 208.69973754883 54.05615234375 130.46997070312 0.99991381168365 10.126527786255 
000078 352 1216 2 630.08044433594 184.48416137695 42.633544921875 99.32421875 0.99839752912521 12.136571884155 
000078 352 1216 2 571.04928588867 183.07717132568 43.470642089844 103.91395568848 0.9948365688324 11.788270950317 
000078 352 1216 2 685.96322631836 188.04515838623 38.844055175781 81.701187133789 0.97523355484009 15.27602481842 
000079 352 1216 2 731.18460083008 206.21514129639 49.823181152344 123.51356506348 0.99959570169449 10.27872467041 
000079 352 1216 2 631.265625 184.69198608398 41.503295898438 102.07070922852 0.99833601713181 11.877346038818 
000079 352 1216 2 686.84548950195 187.043800354 36.155334472656 83.118789672852 0.99245232343674 14.710906028748 
000079 352 1216 2 571.87774658203 184.65454101562 43.571655273438 105.97048950195 0.98348927497864 11.89718914032 
000080 352 1216 2 633.4365234375 184.76782989502 37.164672851562 94.700912475586 0.9979852437973 12.552572250366 
000080 352 1216 2 738.08197021484 212.34504699707 55.5849609375 126.7473449707 0.99739044904709 9.6494979858398 
000080 352 1216 2 690.55606079102 188.86860656738 33.796081542969 79.771911621094 0.9900678396225 14.903423309326 
000080 352 1216 2 572.4885559082 183.10176086426 41.306457519531 99.893157958984 0.98428517580032 11.848614692688 
000081 352 1216 2 746.72863769531 214.60788726807 62.316528320312 127.96440124512 0.99842888116837 9.7960033416748 
000081 352 1216 2 694.47006225586 190.4984588623 39.007263183594 87.006530761719 0.99188703298569 13.598831176758 
000081 352 1216 2 634.50860595703 186.58391571045 35.882202148438 86.045608520508 0.98425251245499 13.213077545166 
000081 352 1216 2 574.30447387695 184.71144866943 39.168762207031 92.122116088867 0.98068273067474 12.298612594604 
000082 352 1216 2 756.60546875 215.42671966553 62.497314453125 133.40748596191 0.9997940659523 9.9629745483398 
000082 352 1216 2 695.98962402344 186.50164794922 36.605346679688 87.373413085938 0.99665051698685 14.513429641724 
000082 352 1216 2 575.11627197266 183.43058013916 38.156982421875 96.436904907227 0.98974269628525 11.966240882874 
000082 352 1216 2 634.46337890625 187.04383087158 32.254150390625 84.156661987305 0.98880505561829 13.887189865112 
000083 352 1216 2 763.28030395508 217.38258361816 60.187438964844 140.60208129883 0.99974435567856 9.6864614486694 
000083 352 1216 2 697.51629638672 184.95739746094 34.98193359375 80.247314453125 0.99740654230118 15.437072753906 
000083 352 1216 2 578.01489257812 184.41906738281 40.846557617188 97.486968994141 0.99071443080902 11.963180541992 
000083 352 1216 2 639.87899780273 184.42877960205 36.018249511719 77.834701538086 0.99031221866608 14.028124809265 
000084 352 1216 2 768.63803100586 220.31050109863 61.007995605469 142.76327514648 0.99965560436249 8.9249773025513 
000084 352 1216 2 699.29275512695 187.33227539062 34.382629394531 78.518157958984 0.99694782495499 14.240756988525 
000084 352 1216 2 581.0573425293 185.97567749023 40.533386230469 100.85720825195 0.99540400505066 12.060386657715 
000084 352 1216 2 641.65783691406 185.89469146729 35.701049804688 80.304946899414 0.97142177820206 13.810348510742 
000085 352 1216 2 776.77047729492 222.88725280762 69.394836425781 144.61483764648 0.99876070022583 8.8165063858032 
000085 352 1216 2 584.26312255859 186.92630767822 41.5634765625 102.19630432129 0.99673992395401 12.126812934875 
000085 352 1216 2 700.23449707031 186.96292114258 34.83251953125 74.254943847656 0.99394965171814 14.65404510498 
000085 352 1216 2 645.48458862305 188.04536437988 37.401428222656 84.186706542969 0.98536413908005 15.314881324768 
000086 352 1216 2 789.80438232422 224.88830566406 62.069946289062 138.62463378906 0.99969458580017 8.9875383377075 
000086 352 1216 2 586.8151550293 187.81828308105 42.366882324219 104.27770996094 0.99849772453308 11.979305267334 
000086 352 1216 2 645.27780151367 188.1487197876 39.068298339844 87.65364074707 0.99326795339584 14.017347335815 
000086 352 1216 2 703.06170654297 186.22129821777 36.838745117188 77.647155761719 0.9848005771637 13.699106216431 
000087 352 1216 2 795.25985717773 223.80644226074 60.819274902344 144.97286987305 0.999640583992 8.7318267822266 
000087 352 1216 2 591.40582275391 185.42501831055 42.42578125 103.06072998047 0.99654763936996 11.65887928009 
000087 352 1216 2 650.05145263672 189.55980682373 37.681762695312 87.274551391602 0.99113243818283 13.581344604492 
000087 352 1216 2 708.76831054688 188.8763961792 41.734252929688 84.398971557617 0.96497821807861 13.735335350037 
000088 352 1216 2 593.10528564453 189.63632965088 49.149536132812 114.25364685059 0.99818485975266 11.066166877747 
000088 352 1216 2 802.06683349609 228.13231658936 66.229858398438 145.98133850098 0.99537587165833 7.6905107498169 
000088 352 1216 2 654.82150268555 190.73490905762 41.259948730469 92.982482910156 0.99086284637451 13.457525253296 
000088 352 1216 2 714.68307495117 190.12100219727 40.444519042969 80.589202880859 0.9627690911293 14.86722278595 
000089 352 1216 2 594.95373535156 191.50836181641 44.7294921875 108.99154663086 0.99498862028122 11.622212409973 
000089 352 1216 2 656.5426940918 193.16271972656 40.613708496094 94.911315917969 0.99127614498138 13.351150512695 
000089 352 1216 2 721.38845825195 193.06823730469 37.803161621094 78.431121826172 0.98749941587448 16.259140014648 
000089 352 1216 2 814.77770996094 228.56472015381 68.568725585938 148.78846740723 0.98315685987473 9.163348197937 
000090 352 1216 2 825.84823608398 233.59524536133 75.148254394531 157.96502685547 0.99899262189865 8.366304397583 
000090 352 1216 2 599.93453979492 191.14217376709 45.756896972656 116.32539367676 0.99739837646484 11.803097724915 
000090 352 1216 2 658.02847290039 193.42543029785 39.839172363281 91.010070800781 0.99387168884277 13.491648674011 
000090 352 1216 2 724.09295654297 193.97135925293 39.786254882812 82.794006347656 0.99259090423584 15.706137657166 
000091 352 1216 2 660.18643188477 195.22157287598 44.533508300781 105.93692016602 0.99856096506119 12.074026107788 
000091 352 1216 2 602.57125854492 191.44393157959 46.034729003906 117.85566711426 0.99439477920532 11.090093612671 
000091 352 1216 2 728.55087280273 191.64833831787 42.076110839844 88.376388549805 0.98917484283447 14.007585525513 
000091 352 1216 2 832.13925170898 238.55689239502 89.537780761719 164.48606872559 0.98417401313782 7.7639889717102 
000092 352 1216 2 662.03353881836 198.19123840332 45.371276855469 110.95599365234 0.99900597333908 11.916666984558 
000092 352 1216 2 849.05017089844 239.28530883789 87.139038085938 169.84307861328 0.99811184406281 8.1166391372681 
000092 352 1216 2 729.75454711914 190.69654846191 41.986511230469 95.132507324219 0.99592232704163 13.516682624817 
000092 352 1216 2 605.13497924805 191.31661987305 45.456604003906 110.7253112793 0.95278567075729 11.694610595703 
000093 352 1216 2 862.12673950195 232.71935272217 68.983215332031 161.6974029541 0.99979609251022 7.7738599777222 
000093 352 1216 2 664.42608642578 196.9155960083 42.055786132812 105.47096252441 0.99785822629929 12.131281852722 
000093 352 1216 2 731.81457519531 192.48773193359 39.9189453125 90.562438964844 0.99689012765884 14.130519866943 
000093 352 1216 2 606.02087402344 190.96648406982 45.09814453125 106.13941955566 0.96177637577057 11.617009162903 
000094 352 1216 2 872.34454345703 241.6270980835 82.94921875 177.99971008301 0.99869954586029 6.9910488128662 
000094 352 1216 2 665.46212768555 193.39515686035 38.804748535156 99.284759521484 0.99651020765305 12.012097358704 
000094 352 1216 2 733.44088745117 191.90219116211 34.100036621094 81.636138916016 0.99595546722412 14.716581344604 
000094 352 1216 2 608.87118530273 193.27268981934 47.318664550781 111.88333129883 0.99109429121017 11.226777076721 
000095 352 1216 2 890.98547363281 239.97482299805 89.667846679688 181.23889160156 0.99995398521423 7.3115730285645 
000095 352 1216 2 666.75149536133 196.35154724121 42.045593261719 104.92892456055 0.99917608499527 12.151754379272 
000095 352 1216 2 613.05947875977 193.82398223877 46.661193847656 110.19624328613 0.99173212051392 11.555600166321 
000095 352 1216 2 737.69262695312 192.81231689453 36.710693359375 84.685943603516 0.99082207679749 14.543264389038 
000096 352 1216 2 905.0036315918 244.3253326416 92.917541503906 186.5832824707 0.99983465671539 7.351571559906 
000096 352 1216 2 668.40295410156 196.18015289307 43.438232421875 100.12190246582 0.99862289428711 12.329029083252 
000096 352 1216 2 619.06460571289 195.73180389404 49.643737792969 118.51405334473 0.99814224243164 11.616827964783 
000096 352 1216 2 743.83529663086 191.49791717529 39.952331542969 83.758682250977 0.98584032058716 14.432634353638 
000097 352 1216 2 920.92205810547 245.98529052734 86.79931640625 188.98870849609 0.99996674060822 7.3009691238403 
000097 352 1216 2 621.33795166016 196.41342163086 46.727783203125 116.69677734375 0.99894732236862 12.02402305603 
000097 352 1216 2 667.56048583984 197.88549041748 43.542602539062 103.2474822998 0.99836081266403 11.868087768555 
000097 352 1216 2 752.61947631836 195.00034332275 40.730407714844 91.062454223633 0.99648958444595 13.937473297119 
000098 352 1216 2 625.46948242188 198.19467926025 50.35498046875 133.50877380371 0.99971181154251 11.714017868042 
000098 352 1216 2 759.76449584961 197.88081359863 42.143371582031 98.146331787109 0.99929487705231 12.514678955078 
000098 352 1216 2 930.86819458008 247.73667907715 92.671936035156 191.18643188477 0.99861812591553 6.1334266662598 
000098 352 1216 2 670.30987548828 198.80673980713 43.524047851562 106.80274963379 0.99841558933258 11.903208732605 
000099 352 1216 2 626.36553955078 199.73566436768 50.392944335938 131.89945983887 0.99982845783234 11.31222820282 
000099 352 1216 2 950.27206420898 250.243019104 104.20660400391 213.18608093262 0.99967789649963 6.2177133560181 
000099 352 1216 2 762.60430908203 198.55877685547 43.568237304688 105.73626708984 0.99941372871399 11.852228164673 
000099 352 1216 2 673.83999633789 202.51496887207 45.865539550781 110.70541381836 0.99727886915207 11.94887638092 
000100 352 1216 2 632.38751220703 204.12594604492 47.900390625 133.0576171875 0.99961084127426 10.767701148987 
000100 352 1216 2 677.48593139648 205.51271057129 46.954162597656 118.80380249023 0.99702018499374 11.047759056091 
000100 352 1216 2 966.52252197266 252.57049560547 130.72937011719 214.62268066406 0.99600237607956 6.2475600242615 
000100 352 1216 2 764.21600341797 197.01868438721 38.960815429688 90.169082641602 0.99314159154892 12.977988243103 
000101 352 1216 2 635.59381103516 200.95192718506 50.274536132812 131.1192779541 0.99979346990585 10.31326007843 
000101 352 1216 2 988.33410644531 254.7329864502 146.33520507812 243.25155639648 0.99960321187973 4.8288116455078 
000101 352 1216 2 683.20007324219 206.27919006348 46.12060546875 118.48001098633 0.99758648872375 10.983021736145 
000101 352 1216 2 765.9140625 197.02725219727 41.544189453125 94.11279296875 0.99665570259094 12.487156867981 
000102 352 1216 2 1008.4110107422 253.77248382568 129.09594726562 236.08766174316 0.99990916252136 6.1299514770508 
000102 352 1216 2 636.32083129883 201.62352752686 50.565124511719 136.39747619629 0.998530626297 9.6923732757568 
000102 352 1216 2 688.94201660156 208.285987854 50.49658203125 133.32890319824 0.99817216396332 10.175010681152 
000102 352 1216 2 771.51931762695 199.24040222168 44.771057128906 94.810150146484 0.99318814277649 13.32332611084 
000103 352 1216 2 692.021484375 208.59441375732 47.412963867188 125.70301818848 0.99974399805069 11.155344963074 
000103 352 1216 2 1028.0706176758 250.06299591064 115.38269042969 223.33073425293 0.99919039011002 4.8201022148132 
000103 352 1216 2 781.57485961914 199.27637481689 45.368469238281 94.87760925293 0.99878495931625 13.019006729126 
000103 352 1216 2 636.04876708984 201.5913848877 52.281372070312 130.31271362305 0.99663442373276 9.6542749404907 
000104 352 1216 2 696.59643554688 210.04650115967 50.4638671875 133.14533996582 0.99989748001099 9.6380395889282 
000104 352 1216 2 1047.0776367188 252.01561737061 113.70556640625 221.59962463379 0.99930810928345 5.8651132583618 
000104 352 1216 2 788.59686279297 200.44344329834 46.611572265625 96.20964050293 0.9991050362587 12.543924331665 
000104 352 1216 2 638.32427978516 201.82334136963 58.75927734375 131.25736999512 0.99096935987473 9.1826601028442 
000105 352 1216 2 792.48968505859 200.71353912354 42.3603515625 106.68775939941 0.99967277050018 12.002652168274 
000105 352 1216 2 699.36837768555 210.55207061768 51.593933105469 127.38499450684 0.99888426065445 9.8666038513184 
000105 352 1216 2 1072.4415893555 253.97654724121 152.23547363281 245.30557250977 0.99807214736938 4.8119697570801 
000105 352 1216 2 641.21432495117 206.93156433105 56.744934082031 138.77359008789 0.98938226699829 9.6953830718994 
000106 352 1216 2 701.87435913086 212.18476867676 46.508117675781 117.40097045898 0.99774998426437 10.017023086548 
000106 352 1216 2 1095.1030273438 254.38090515137 134.00463867188 242.0119934082 0.997514128685 4.6949906349182 
000106 352 1216 2 797.63366699219 201.26028442383 43.031494140625 102.10101318359 0.9952267408371 11.6424036026 
000106 352 1216 2 641.16247558594 208.08222198486 55.073364257812 137.02745056152 0.98996138572693 9.9726619720459 
000107 352 1216 2 705.02554321289 210.81586456299 54.358947753906 129.0472869873 0.99874240159988 9.3736963272095 
000107 352 1216 2 1123.9185791016 253.17492675781 132.68774414062 247.21606445312 0.99836164712906 4.7583866119385 
000107 352 1216 2 646.22521972656 208.59442901611 60.400756835938 140.82688903809 0.99799489974976 9.3523035049438 
000107 352 1216 2 802.84381103516 203.66844177246 47.168090820312 107.78311157227 0.99635690450668 12.249939918518 
000108 352 1216 2 652.03561401367 209.0246887207 63.481018066406 154.12243652344 0.99969804286957 9.1897230148315 
000108 352 1216 2 1155.5660400391 250.75050354004 152.77001953125 256.35293579102 0.998539686203 3.3235566616058 
000108 352 1216 2 814.34545898438 205.82237243652 43.913818359375 106.65609741211 0.99822515249252 11.904333114624 
000108 352 1216 2 715.43103027344 209.57954406738 55.433349609375 136.02450561523 0.9968643784523 9.7898759841919 
000109 352 1216 2 1179.5977172852 252.57872009277 176.05651855469 267.23165893555 0.99976378679276 2.5316216945648 
000109 352 1216 2 818.44332885742 208.21314239502 48.542541503906 114.48887634277 0.99966788291931 11.354122161865 
000109 352 1216 2 658.7864074707 211.07678222656 62.017395019531 156.56646728516 0.9994090795517 9.1677732467651 
000109 352 1216 2 723.19784545898 216.19364929199 57.665344238281 142.82333374023 0.99930441379547 9.6180906295776 
000110 352 1216 2 658.74942016602 217.22754669189 62.833679199219 160.27372741699 0.99975389242172 8.896071434021 
000110 352 1216 2 725.13262939453 220.25122070312 54.75439453125 135.31713867188 0.99971157312393 9.4812526702881 
000110 352 1216 2 824.34985351562 208.85970306396 47.265258789062 115.54396057129 0.99947756528854 11.143853187561 
000110 352 1216 2 1201.7376708984 254.14736175537 228.86059570312 272.85536193848 0.97039449214935 3.809734582901 
000111 352 1216 2 663.63287353516 217.70262908936 60.6455078125 160.91249084473 0.99993515014648 8.9729318618774 
000111 352 1216 2 827.26391601562 207.45816040039 44.284423828125 114.64068603516 0.99976605176926 10.707611083984 
000111 352 1216 2 728.53265380859 224.1792755127 57.704467773438 147.04141235352 0.99959081411362 9.1251392364502 
000112 352 1216 2 665.71102905273 218.45888519287 60.804382324219 161.63386535645 0.99979788064957 8.6800594329834 
000112 352 1216 2 728.63763427734 222.62311553955 58.165893554688 152.22123718262 0.99972420930862 8.9603261947632 
000112 352 1216 2 831.55053710938 208.15579986572 48.671020507812 114.38554382324 0.99754458665848 10.725583076477 
000113 352 1216 2 669.19055175781 219.94510650635 62.547729492188 162.24406433105 0.99964714050293 8.2545585632324 
000113 352 1216 2 840.25427246094 209.13820648193 50.185791015625 110.71424865723 0.99665415287018 11.437426567078 
000113 352 1216 2 734.86996459961 224.08306884766 61.219787597656 140.77844238281 0.99620097875595 9.015040397644 
000114 352 1216 2 669.16464233398 220.59908294678 65.009094238281 161.82960510254 0.99928963184357 7.6649250984192 
000114 352 1216 2 743.05758666992 229.23686218262 63.311584472656 147.69967651367 0.9991107583046 9.0370292663574 
000114 352 1216 2 848.18887329102 210.24468231201 52.334411621094 117.43586730957 0.99900877475739 11.217364311218 
000115 352 1216 2 856.27416992188 210.51660919189 47.1923828125 116.90354919434 0.99966931343079 10.817307472229 
000115 352 1216 2 749.55377197266 228.54610443115 69.050903320312 157.87898254395 0.9984832406044 8.8643398284912 
000115 352 1216 2 671.02255249023 223.0657043457 73.759826660156 170.40454101562 0.99716198444366 7.5949831008911 
000116 352 1216 2 862.39068603516 214.33498382568 47.9658203125 116.72834777832 0.99895310401917 9.8055067062378 
000116 352 1216 2 753.50036621094 230.3695526123 63.58154296875 156.7458190918 0.99855691194534 9.2056274414062 
000116 352 1216 2 677.41836547852 227.80544281006 76.027526855469 177.07783508301 0.99736905097961 7.9251937866211 
000117 352 1216 2 878.98770141602 220.59616088867 56.253234863281 129.86248779297 0.99970954656601 10.001609802246 
000117 352 1216 2 687.91326904297 227.34421539307 70.550659179688 178.58793640137 0.99946957826614 8.5472831726074 
000117 352 1216 2 761.51260375977 231.29172515869 62.885803222656 157.94456481934 0.99882644414902 8.968132019043 
000118 352 1216 2 887.21655273438 218.64455413818 56.98095703125 128.12544250488 0.99988794326782 10.08434677124 
000118 352 1216 2 694.80728149414 229.75735473633 71.727844238281 185.23706054688 0.99977606534958 8.0836935043335 
000118 352 1216 2 765.58187866211 233.39152526855 71.031311035156 165.6032409668 0.99882847070694 8.1681432723999 
000119 352 1216 2 891.7333984375 221.41499328613 55.374633789062 124.35568237305 0.99969351291656 10.158056259155 
000119 352 1216 2 702.25033569336 232.88489532471 68.985534667969 178.96977233887 0.99949884414673 7.27414894104 
000119 352 1216 2 769.23889160156 236.25346374512 70.269287109375 166.29135131836 0.99844825267792 7.9828233718872 
000120 352 1216 2 704.84408569336 233.93974304199 80.709289550781 193.43942260742 0.99961227178574 7.1737108230591 
000120 352 1216 2 774.03988647461 239.60388183594 74.326599121094 174.17852783203 0.99945265054703 7.9963326454163 
000120 352 1216 2 894.98034667969 219.02410125732 54.740478515625 127.25917053223 0.99883216619492 9.712100982666 
000121 352 1216 2 772.75045776367 240.69164276123 82.786560058594 183.20314025879 0.99922311306 7.3323011398315 
000121 352 1216 2 909.80084228516 218.18741607666 58.3759765625 122.52098083496 0.99801528453827 10.89529800415 
000121 352 1216 2 707.96932983398 232.23999023438 75.939880371094 176.71209716797 0.99723118543625 7.7353811264038 
000122 352 1216 2 921.79327392578 219.61961364746 64.371215820312 131.23489379883 0.99987196922302 10.440774917603 
000122 352 1216 2 787.27160644531 244.68207550049 81.796630859375 184.85972595215 0.99980276823044 7.983304977417 
000122 352 1216 2 718.73452758789 236.49561309814 82.946838378906 195.21415710449 0.99971073865891 7.1835775375366 
000123 352 1216 2 794.287109375 248.09999847412 77.69921875 190.57405090332 0.99992001056671 7.7867841720581 
000123 352 1216 2 727.51611328125 241.74635314941 82.091918945312 204.75674438477 0.99987459182739 6.8565359115601 
000123 352 1216 2 929.03207397461 222.54473114014 60.648132324219 127.91621398926 0.99649161100388 10.650989532471 
000124 352 1216 2 750.69955444336 240.54498291016 92.806701660156 216.17645263672 0.99989366531372 5.6057133674622 
000124 352 1216 2 947.96435546875 224.04885101318 60.08251953125 136.53358459473 0.99965906143188 9.5624256134033 
000124 352 1216 2 804.21594238281 251.35001373291 89.00830078125 181.9818572998 0.99849045276642 7.3557476997375 
000125 352 1216 2 954.18902587891 227.05941009521 60.312622070312 133.99012756348 0.99990618228912 9.6141567230225 
000125 352 1216 2 747.86404418945 241.90574645996 92.903625488281 211.13320922852 0.99989032745361 6.0941739082336 
000125 352 1216 2 812.72277832031 250.1854095459 92.12890625 193.46328735352 0.9990097284317 7.5878500938416 
000126 352 1216 2 813.41830444336 253.53018188477 98.433288574219 224.17260742188 0.99991965293884 6.9710259437561 
000126 352 1216 2 968.80389404297 229.66607666016 64.229370117188 137.63946533203 0.99900859594345 9.2172422409058 
000126 352 1216 2 737.09494018555 243.70749664307 105.89593505859 221.05076599121 0.99872833490372 5.4810228347778 
000127 352 1216 2 985.79016113281 233.76672363281 63.169677734375 140.27355957031 0.99991643428802 9.1934976577759 
000127 352 1216 2 756.2607421875 246.22713470459 110.44921875 225.58375549316 0.99974864721298 5.5529084205627 
000127 352 1216 2 829.50228881836 254.91857910156 89.482604980469 206.96472167969 0.99974066019058 7.2877650260925 
000128 352 1216 2 790.45718383789 252.54215240479 106.38848876953 235.74974060059 0.99990510940552 5.0876550674438 
000128 352 1216 2 850.65719604492 257.09403991699 104.62896728516 220.93106079102 0.99930667877197 6.0346484184265 
000128 352 1216 2 992.75744628906 236.26860046387 65.2587890625 139.0256652832 0.99851435422897 8.7790594100952 
000129 352 1216 2 830.18588256836 256.19381713867 108.50469970703 229.39593505859 0.99989593029022 5.8464107513428 
000129 352 1216 2 1005.0738830566 236.81507110596 69.001403808594 144.0027923584 0.99920672178268 9.6453113555908 
000129 352 1216 2 766.00372314453 249.38014984131 95.907592773438 212.5034942627 0.99875628948212 5.3584899902344 
000130 352 1216 2 850.04751586914 258.48233032227 107.66766357422 238.49072265625 0.99997174739838 6.1425595283508 
000130 352 1216 2 1018.5393676758 233.46208190918 70.004028320312 158.7292175293 0.99988460540771 8.4002819061279 
000130 352 1216 2 773.04541015625 248.78536987305 102.89819335938 213.74761962891 0.99856275320053 5.5187931060791 
000131 352 1216 2 838.37289428711 256.03472900391 109.09857177734 231.90667724609 0.99946421384811 5.4123373031616 
000131 352 1216 2 1026.9127807617 235.09980773926 74.767944335938 158.93734741211 0.99935001134872 9.2132625579834 
000131 352 1216 2 776.06256103516 243.35045623779 108.63024902344 215.08399963379 0.99840015172958 5.8513226509094 
000132 352 1216 2 1050.6989440918 235.05657958984 73.077941894531 165.95300292969 0.99990916252136 8.5629749298096 
000132 352 1216 2 846.04641723633 255.49346923828 145.95953369141 262.18475341797 0.99983334541321 4.1138129234314 
000132 352 1216 2 795.96792602539 224.67227172852 118.23455810547 197.28942871094 0.95063054561615 6.7734527587891 
000133 352 1216 2 848.04388427734 252.88452148438 124.36743164062 242.19323730469 0.99978393316269 4.0087642669678 
000133 352 1216 2 1061.7395019531 241.24829864502 84.2802734375 166.16819763184 0.99823939800262 8.5581359863281 
000133 352 1216 2 908.59423828125 262.78246307373 115.65148925781 218.5157623291 0.9832558631897 5.7425127029419 
000134 352 1216 2 883.27005004883 260.20073699951 131.07977294922 255.9093170166 0.99983727931976 4.9344344139099 
000134 352 1216 2 1078.9880371094 239.053855896 72.783935546875 167.96138000488 0.99969601631165 7.9706025123596 
000134 352 1216 2 808.69879150391 244.0354347229 135.85888671875 241.03014373779 0.99777334928513 4.156042098999 
000135 352 1216 2 887.49389648438 252.69888305664 144.14147949219 249.34527587891 0.99947410821915 4.1700115203857 
000135 352 1216 2 1095.3791503906 247.84287261963 88.60205078125 181.37809753418 0.99928951263428 7.7664694786072 
000135 352 1216 2 826.55963134766 260.60731506348 128.39331054688 224.36898803711 0.99480456113815 4.4524736404419 
000135 352 1216 2 1212.48046875 267.84171295166 196.2255859375 205.04521179199 0.65577965974808 3.9669756889343 
000136 352 1216 2 1152.7169799805 250.3307800293 130.55676269531 188.66705322266 0.99917405843735 8.157844543457 
000136 352 1216 2 890.4482421875 250.97582244873 160.42126464844 248.17036437988 0.9982807636261 5.0703730583191 
000136 352 1216 2 830.38095092773 230.98830413818 163.00469970703 249.27168273926 0.9731177687645 2.5325722694397 
000136 352 1216 2 1213.2202758789 275.08184814453 186.49987792969 214.58392333984 0.8447784781456 4.5835661888123 
000137 352 1216 2 1145.6043701172 255.41703033447 118.6796875 207.37284851074 0.99909245967865 7.1999950408936 
000137 352 1216 2 899.04437255859 252.55708694458 187.75793457031 262.85530853271 0.99780684709549 2.604775428772 
000137 352 1216 2 568.84326171875 162.12074279785 14.342163085938 34.593322753906 0.80986189842224 29.947429656982 
000138 352 1216 2 1152.7958374023 252.60503387451 106.85095214844 208.0870513916 0.99908828735352 6.1258850097656 
000138 352 1216 2 928.09176635742 255.97525405884 209.09552001953 263.32946014404 0.99895572662354 2.6294102668762 
000139 352 1216 2 1169.6680297852 249.6372833252 105.16833496094 208.45248413086 0.99912124872208 6.7524847984314 
000139 352 1216 2 943.33026123047 249.05569076538 207.59753417969 261.23542022705 0.9921241402626 2.2209324836731 
000139 352 1216 2 863.40029907227 224.05278015137 204.14093017578 238.02847290039 0.84743410348892 3.0113594532013 
000140 352 1216 2 989.90649414062 252.64914321899 234.42309570312 275.05931854248 0.99763643741608 1.5183230638504 
000140 352 1216 2 1191.4502563477 252.24410247803 114.69567871094 215.76100158691 0.99100691080093 5.1735873222351 
000140 352 1216 2 881.38922119141 245.51886749268 189.29077148438 246.09971618652 0.95462024211884 2.3998630046844 
000141 352 1216 2 1041.9932861328 253.85945510864 215.51928710938 259.25136566162 0.99365645647049 3.1696333885193 
000141 352 1216 2 896.15045166016 232.77866744995 232.80322265625 247.19065093994 0.9395580291748 0.9892902970314 
000141 352 1216 2 1209.7706298828 253.7360534668 139.564453125 228.79913330078 0.93362772464752 5.1189680099487 
000142 352 1216 2 994.3203125 249.22912216187 234.61572265625 267.2320022583 0.99365210533142 0.99427002668381 
000142 352 1216 2 1114.9059143066 262.98559570312 250.93353271484 262.04943847656 0.97034078836441 1.9280747175217 
000143 352 1216 2 1028.7143859863 254.19296646118 261.43768310547 266.54582977295 0.99035841226578 0.083555579185486 
000143 352 1216 2 1151.7977294922 271.11102294922 270.67749023438 250.51965332031 0.85974591970444 0.61604058742523 
000144 352 1216 2 1057.7752380371 246.11112213135 273.22515869141 258.91862487793 0.97501647472382 1.1958360671997 
000144 352 1216 2 960.36245727539 257.78227996826 239.75238037109 220.66181945801 0.79948437213898 0.82797050476074 
