000000 370 1224 1 959.411 182.925 1068.75 231.286 0.999921
000000 370 1224 1 604.685 173.967 638.268 203.571 0.999669
000000 370 1224 1 1092.78 186.021 1215.77 233.522 0.969235
000001 370 1224 1 957.099 182.901 1067.02 229.093 0.999961
000001 370 1224 1 605.155 174.203 638.891 203.095 0.999671
000001 370 1224 1 1089.01 184.87 1224.0 236.46 0.98644
000002 370 1224 1 960.319 183.203 1067.77 229.734 0.999965
000002 370 1224 1 604.65 173.978 638.208 202.891 0.999645
000002 370 1224 1 1086.76 185.799 1218.09 232.761 0.961962
000003 370 1224 1 959.057 183.535 1067.18 230.146 0.999947
000003 370 1224 1 604.762 173.619 638.933 203.691 0.999624
000003 370 1224 1 1085.81 185.8 1218.39 232.787 0.965219
000004 370 1224 1 956.361 182.509 1065.94 229.077 0.999967
000004 370 1224 1 604.737 173.616 638.775 203.18 0.999697
000004 370 1224 1 1089.15 185.955 1219.03 233.204 0.958925
000005 370 1224 1 959.856 183.722 1068.99 229.895 0.999974
000005 370 1224 1 604.561 174.09 637.951 203.832 0.999541
000005 370 1224 1 1091.53 185.93 1216.51 233.652 0.971926
000006 370 1224 1 959.955 182.596 1068.29 230.313 0.999973
000006 370 1224 1 604.769 173.601 638.338 203.238 0.99964
000006 370 1224 1 1087.19 185.94 1216.3 233.346 0.958358
000007 370 1224 1 956.091 182.712 1067.92 230.13 0.999967
000007 370 1224 1 604.57 173.771 639.054 203.47 0.99968
000007 370 1224 1 1098.0 186.621 1223.47 234.602 0.977467
000008 370 1224 1 959.238 182.893 1068.72 230.359 0.999952
000008 370 1224 1 605.133 174.009 638.343 203.031 0.999676
000008 370 1224 1 1091.08 184.962 1220.48 234.553 0.946715
000009 370 1224 1 957.187 183.549 1069.01 230.756 0.99993
000009 370 1224 1 604.911 173.84 637.882 203.433 0.999748
000009 370 1224 1 1097.72 186.561 1222.63 234.916 0.978114
000010 370 1224 1 959.352 183.537 1063.43 231.93 0.999985
000010 370 1224 1 605.025 174.036 637.794 203.263 0.999567
000010 370 1224 1 1092.44 185.872 1215.24 233.038 0.960152
000011 370 1224 1 959.029 183.096 1066.31 229.611 0.999952
000011 370 1224 1 604.71 174.08 638.306 202.934 0.999515
000011 370 1224 1 1094.12 187.832 1222.68 234.719 0.979754
000012 370 1224 1 957.184 183.033 1068.42 230.686 0.999938
000012 370 1224 1 604.874 174.111 638.878 203.417 0.999743
000012 370 1224 1 1101.97 185.296 1222.14 233.889 0.978029
000013 370 1224 1 960.649 184.146 1063.16 231.734 0.999954
000013 370 1224 1 603.545 173.236 637.129 202.466 0.999585
000013 370 1224 1 1092.04 185.999 1217.16 232.311 0.968594
000014 370 1224 1 958.846 183.95 1068.34 230.69 0.999902
000014 370 1224 1 605.018 173.928 638.531 203.531 0.999547
000014 370 1224 1 1090.35 186.89 1217.97 233.968 0.962389
000015 370 1224 1 957.85 183.247 1069.54 230.527 0.999892
000015 370 1224 1 604.821 174.093 638.681 203.176 0.999653
000015 370 1224 1 1090.11 186.129 1217.13 232.977 0.962108
000016 370 1224 1 958.107 183.188 1068.9 229.95 0.999955
000016 370 1224 1 604.496 173.461 637.853 203.721 0.99972
000016 370 1224 1 1089.42 186.173 1219.15 232.928 0.966749
000017 370 1224 1 960.036 182.809 1066.95 230.509 0.999975
000017 370 1224 1 604.699 173.913 638.421 202.878 0.999599
000017 370 1224 1 1090.89 185.94 1217.75 233.728 0.960099
000018 370 1224 1 956.687 183.599 1067.08 230.446 0.99989
000018 370 1224 1 604.623 173.9 638.66 203.815 0.999577
000018 370 1224 1 1091.21 186.13 1216.99 233.449 0.956766
000019 370 1224 1 960.748 183.29 1068.06 229.726 0.999936
000019 370 1224 1 603.719 173.931 637.634 203.788 0.999889
000019 370 1224 1 1094.44 184.815 1224.0 235.282 0.990175
000020 370 1224 1 949.354 182.572 1068.7 231.179 0.999901
000020 370 1224 1 604.85 173.44 637.794 203.326 0.999625
000020 370 1224 1 1089.46 185.931 1216.26 233.709 0.952586
000021 370 1224 1 1027.54 185.861 1154.3 232.037 0.99987
000021 370 1224 1 604.068 173.909 636.482 201.706 0.998306
000022 370 1224 1 1030.4 185.721 1155.59 231.741 0.999572
000022 370 1224 1 597.298 173.334 636.39 203.526 0.878642
000023 370 1224 1 1027.94 185.955 1157.91 232.746 0.999866
000023 370 1224 1 596.693 172.18 638.332 206.913 0.907319
000024 370 1224 1 1028.71 186.309 1156.37 233.144 0.999777
000025 370 1224 1 1022.54 183.574 1156.59 232.263 0.999498
000026 370 1224 1 1024.87 185.832 1158.9 232.304 0.999729
000027 370 1224 1 1023.1 184.837 1159.12 232.591 0.999772
000027 370 1224 1 601.168 174.298 640.985 206.502 0.927574
000028 370 1224 1 1020.81 184.999 1159.48 233.48 0.999785
000028 370 1224 1 603.351 172.316 646.319 207.083 0.981612
000029 370 1224 1 1022.46 184.967 1159.17 233.213 0.999492
000029 370 1224 1 603.083 174.041 637.562 203.639 0.997754
000029 370 1224 1 954.971 182.451 1044.46 230.07 0.768013
000030 370 1224 1 603.429 174.504 639.794 202.792 0.997964
000030 370 1224 1 1031.16 182.208 1152.63 235.252 0.993232
000030 370 1224 1 954.191 183.293 1055.21 228.45 0.808743
000031 370 1224 1 605.056 173.462 638.284 202.921 0.999493
000031 370 1224 1 953.526 182.411 1069.45 229.952 0.998338
000031 370 1224 1 1039.95 185.428 1158.02 232.226 0.980446
000032 370 1224 1 605.197 173.538 638.622 203.173 0.999675
000032 370 1224 1 954.651 182.823 1071.78 231.566 0.999559
000032 370 1224 1 1093.49 186.268 1220.33 233.234 0.989523
000033 370 1224 1 960.571 183.27 1065.51 232.818 0.999937
000033 370 1224 1 604.075 174.105 638.474 203.306 0.999522
000033 370 1224 1 1092.73 184.929 1223.4 235.579 0.987053
000034 370 1224 1 958.717 184.093 1067.04 232.165 0.999985
000034 370 1224 1 604.56 173.792 638.124 203.617 0.999548
000034 370 1224 1 1090.37 185.462 1222.02 235.015 0.995311
000035 370 1224 1 959.833 184.604 1063.4 232.95 0.999975
000035 370 1224 1 604.727 174.094 638.621 202.853 0.999644
000035 370 1224 1 1092.9 183.211 1223.4 237.28 0.98674
000036 370 1224 1 960.247 182.672 1068.37 230.241 0.999967
000036 370 1224 1 605.212 173.915 639.252 202.891 0.999698
000036 370 1224 1 1100.96 184.59 1224.0 236.264 0.984678
000037 370 1224 1 957.222 183.026 1068.8 230.091 0.999905
000037 370 1224 1 604.721 173.669 638.493 203.169 0.999679
000038 370 1224 1 957.259 182.934 1069.44 230.682 0.999875
000038 370 1224 1 604.89 174.42 638.571 203.773 0.999637
000039 370 1224 1 957.77 184.306 1063.27 230.515 0.999922
000039 370 1224 1 604.973 173.858 638.355 202.774 0.999682
000040 370 1224 1 958.871 183.2 1068.59 230.885 0.999882
000040 370 1224 1 603.76 173.908 637.717 204.041 0.999848
000041 370 1224 1 1029.14 186.148 1156.31 231.984 0.999969
000041 370 1224 1 604.871 173.826 638.664 203.532 0.999749
000042 370 1224 1 957.401 182.837 1068.89 230.818 0.999909
000042 370 1224 1 605.208 173.69 638.648 203.196 0.999544
000042 370 1224 1 1080.1 183.482 1222.58 234.362 0.872624
000043 370 1224 1 958.882 182.79 1067.51 230.269 0.999963
000043 370 1224 1 604.689 173.851 638.844 203.331 0.999754
000043 370 1224 1 1038.23 183.052 1167.47 232.694 0.996043
000044 370 1224 1 958.155 182.863 1068.18 230.586 0.999941
000044 370 1224 1 604.845 174.279 638.186 203.216 0.999485
000044 370 1224 1 1090.15 184.636 1220.07 236.156 0.975931
000045 370 1224 1 957.628 182.832 1068.83 230.562 0.999947
000045 370 1224 1 604.58 173.808 638.863 203.374 0.999628
000045 370 1224 1 1086.64 185.235 1217.78 232.673 0.957972
000046 370 1224 1 957.865 183.48 1069.02 230.757 0.999948
000046 370 1224 1 605.064 173.901 638.817 203.19 0.999657
000046 370 1224 1 1096.7 184.73 1224.0 235.301 0.991096
000047 370 1224 1 955.505 183.032 1068.89 230.105 0.999892
000047 370 1224 1 604.988 174.268 638.625 203.893 0.999549
000047 370 1224 1 1092.92 184.518 1224.0 236.675 0.9788
000048 370 1224 1 957.559 183.049 1069.0 230.192 0.999948
000048 370 1224 1 604.81 174.218 638.931 204.034 0.999671
000048 370 1224 1 1088.9 185.823 1219.4 232.838 0.972844
000049 370 1224 1 959.27 183.74 1062.83 231.817 0.999981
000049 370 1224 1 604.198 173.948 638.992 203.377 0.999668
000049 370 1224 1 1035.72 183.069 1169.81 234.635 0.979528
000050 370 1224 1 957.711 183.431 1068.17 229.706 0.999889
000050 370 1224 1 604.393 174.068 638.878 203.114 0.999743
000050 370 1224 1 1099.31 185.659 1220.91 234.313 0.978922
000051 370 1224 1 959.366 184.535 1064.49 231.657 0.999941
000051 370 1224 1 604.725 173.793 638.088 203.064 0.99969
000051 370 1224 1 1035.31 182.516 1159.93 235.057 0.992659
000052 370 1224 1 958.318 184.081 1066.11 232.273 0.999958
000052 370 1224 1 604.863 174.162 638.773 203.579 0.999705
000052 370 1224 1 1088.51 185.671 1218.24 232.84 0.969887
000053 370 1224 1 959.519 182.904 1068.99 230.448 0.999922
000053 370 1224 1 603.415 173.151 636.517 204.133 0.999603
000053 370 1224 1 1089.38 185.168 1218.12 233.58 0.959555
000054 370 1224 1 956.32 182.832 1069.49 229.938 0.999918
000054 370 1224 1 604.916 174.093 638.999 203.679 0.99965
000054 370 1224 1 1086.25 186.131 1218.36 232.868 0.966753
000055 370 1224 1 1027.76 185.771 1156.65 232.647 0.999846
000055 370 1224 1 604.604 174.215 638.695 203.466 0.999571
000056 370 1224 1 1030.68 185.999 1156.52 232.593 0.999783
000056 370 1224 1 604.782 174.016 638.674 203.095 0.999578
000056 370 1224 1 952.007 180.755 1062.93 235.977 0.988661
000057 370 1224 1 1028.0 185.909 1157.92 232.96 0.999705
000057 370 1224 1 604.46 174.065 638.498 203.595 0.99962
000058 370 1224 1 1029.2 186.102 1154.55 231.653 0.999913
000058 370 1224 1 604.585 173.972 638.663 203.46 0.999595
000059 370 1224 1 1026.84 185.898 1157.21 232.34 0.999695
000059 370 1224 1 604.057 173.891 639.001 203.795 0.999561
000059 370 1224 1 961.489 179.506 1057.63 231.642 0.652965
000060 370 1224 1 1024.42 185.361 1158.08 232.186 0.999825
000060 370 1224 1 604.611 174.27 638.403 203.558 0.999623
000060 370 1224 1 955.11 184.338 1052.9 228.409 0.935672
000061 370 1224 1 604.37 173.887 638.231 204.041 0.99954
000061 370 1224 1 1025.27 181.845 1151.0 234.174 0.999303
000062 370 1224 1 953.188 182.349 1076.22 230.79 0.999707
000062 370 1224 1 605.184 173.921 638.115 203.219 0.999572
000062 370 1224 1 1092.52 185.943 1223.44 232.678 0.979676
000063 370 1224 1 956.989 184.365 1071.75 233.48 0.999958
000063 370 1224 1 604.325 173.137 638.228 204.141 0.998847
000063 370 1224 1 1094.45 186.245 1219.91 234.325 0.984572
000064 370 1224 1 958.056 183.316 1069.97 229.944 0.999949
000064 370 1224 1 603.591 173.948 637.424 203.357 0.99975
000064 370 1224 1 1091.51 183.884 1221.82 234.876 0.992059
000065 370 1224 1 958.649 183.013 1069.29 230.753 0.999963
000065 370 1224 1 604.962 173.922 638.465 203.454 0.999666
000065 370 1224 1 1083.5 183.232 1223.5 234.979 0.990949
000066 370 1224 1 959.365 183.534 1069.59 230.762 0.999919
000066 370 1224 1 604.585 174.262 637.905 203.265 0.9996
000066 370 1224 1 1097.37 183.288 1224.0 237.129 0.98892
000067 370 1224 1 958.617 182.783 1068.75 230.882 0.999914
000067 370 1224 1 603.837 173.856 638.531 203.886 0.999502
000068 370 1224 1 957.814 183.203 1070.01 230.848 0.999913
000068 370 1224 1 604.32 173.068 637.003 203.047 0.998966
000069 370 1224 1 958.182 182.824 1066.18 229.267 0.999982
000069 370 1224 1 604.91 173.995 638.401 203.105 0.999733
000069 370 1224 1 1072.51 185.291 1191.87 232.224 0.886251
000070 370 1224 1 957.334 184.102 1070.8 231.003 0.999885
000070 370 1224 1 604.033 174.405 639.074 203.293 0.999604
000070 370 1224 1 1096.75 185.964 1215.14 233.19 0.943651
000071 370 1224 1 959.186 184.136 1063.48 231.934 0.999966
000071 370 1224 1 1098.94 185.852 1220.91 233.957 0.987909
000071 370 1224 1 601.476 173.586 637.727 203.687 0.985493
000072 370 1224 1 956.924 182.688 1068.34 230.617 0.999912
000072 370 1224 1 602.073 172.233 637.907 201.268 0.993506
000072 370 1224 1 1091.56 185.939 1218.64 233.068 0.963964
000073 370 1224 1 958.851 183.877 1064.91 232.273 0.999968
000073 370 1224 1 1038.64 182.303 1138.43 232.629 0.992894
000073 370 1224 1 600.916 172.601 637.747 202.59 0.981065
000073 370 1224 1 1112.25 186.355 1216.53 231.732 0.585004
000074 370 1224 1 958.621 182.648 1066.35 230.499 0.99998
000074 370 1224 1 1089.67 186.523 1218.93 232.576 0.966643
000074 370 1224 1 605.127 173.99 634.567 200.05 0.591027
000075 370 1224 1 959.938 183.154 1069.25 230.862 0.999893
000075 370 1224 1 1089.04 185.714 1217.92 232.791 0.97558
000076 370 1224 1 959.52 184.567 1062.26 231.546 0.999973
000076 370 1224 1 1088.54 186.151 1218.48 232.97 0.967126
000076 370 1224 1 593.239 172.012 636.999 205.454 0.547868
000077 370 1224 1 957.671 183.203 1069.53 230.387 0.999902
000077 370 1224 1 1089.0 185.895 1216.71 232.594 0.965889
000077 370 1224 1 594.924 175.437 643.482 206.318 0.787777
000078 370 1224 1 958.995 183.48 1068.34 231.185 0.999924
000078 370 1224 1 1088.42 185.819 1218.45 232.565 0.971185
000079 370 1224 1 957.555 182.588 1068.56 230.715 0.999898
000079 370 1224 1 1090.25 184.759 1224.0 236.363 0.984811
000079 370 1224 1 594.011 173.884 642.523 203.71 0.547941
000080 370 1224 1 959.953 183.519 1068.97 230.989 0.999953
000080 370 1224 1 1087.56 185.693 1218.92 232.593 0.969635
000081 370 1224 1 957.288 183.044 1070.03 230.332 0.999923
000081 370 1224 1 1091.08 184.573 1222.45 235.077 0.95284
000081 370 1224 1 603.973 173.618 637.44 203.216 0.645163
000082 370 1224 1 958.18 183.575 1068.21 230.337 0.999918
000082 370 1224 1 601.747 173.959 640.413 204.489 0.985589
000082 370 1224 1 1085.28 185.576 1218.74 233.012 0.963136
000083 370 1224 1 959.687 182.433 1068.88 230.6 0.999882
000083 370 1224 1 603.334 173.31 646.839 206.294 0.987382
000083 370 1224 1 1040.01 186.817 1176.02 231.424 0.967337
000084 370 1224 1 955.917 182.841 1068.53 230.641 0.999891
000084 370 1224 1 603.914 172.483 641.247 205.281 0.997655
000084 370 1224 1 1090.12 184.396 1224.0 236.686 0.981868
000085 370 1224 1 958.804 182.852 1067.85 230.855 0.999934
000085 370 1224 1 603.298 172.971 638.103 203.257 0.998882
000085 370 1224 1 1086.34 185.389 1218.43 233.089 0.96632
000086 370 1224 1 957.356 183.141 1068.29 230.556 0.999922
000086 370 1224 1 605.462 174.237 637.685 203.36 0.999493
000086 370 1224 1 1086.83 186.131 1218.5 233.698 0.966521
000087 370 1224 1 957.593 182.472 1066.91 229.343 0.99995
000087 370 1224 1 603.848 173.973 636.758 204.088 0.999819
000087 370 1224 1 1089.24 185.497 1218.15 232.916 0.963336
000088 370 1224 1 960.039 184.132 1063.16 231.939 0.999981
000088 370 1224 1 603.509 173.131 637.842 204.086 0.999818
000088 370 1224 1 1039.84 183.516 1157.35 236.032 0.996211
000089 370 1224 1 959.81 183.403 1063.25 231.713 0.999978
000089 370 1224 1 603.121 173.963 637.398 202.879 0.999049
000089 370 1224 1 1089.15 186.243 1217.09 232.942 0.967582
000090 370 1224 1 956.926 183.166 1067.65 230.984 0.999912
000090 370 1224 1 1087.66 184.615 1224.0 236.405 0.981292
000090 370 1224 1 601.977 173.139 637.957 200.779 0.968087
000091 370 1224 1 957.49 183.005 1068.6 230.176 0.999903
000091 370 1224 1 1092.02 184.544 1224.0 236.85 0.974389
000091 370 1224 1 603.79 174.654 637.735 203.403 0.919044
000092 370 1224 1 959.778 183.758 1064.63 231.37 0.999978
000092 370 1224 1 1086.58 185.602 1218.12 232.445 0.971015
000093 370 1224 1 959.306 182.526 1068.96 230.828 0.999888
000093 370 1224 1 1089.04 185.531 1217.91 232.499 0.963585
000094 370 1224 1 956.131 182.69 1068.44 230.323 0.999903
000094 370 1224 1 1088.47 184.691 1222.73 234.934 0.937054
000095 370 1224 1 958.073 183.503 1069.37 230.593 0.999896
000095 370 1224 1 1088.65 185.548 1217.81 232.36 0.965872
000095 370 1224 1 596.974 174.847 643.365 203.493 0.676096
000096 370 1224 1 959.899 182.382 1067.42 230.254 0.999959
000096 370 1224 1 1089.04 185.784 1219.39 232.789 0.958177
000096 370 1224 1 603.066 173.341 635.785 202.466 0.911068
000097 370 1224 1 959.43 183.868 1064.45 231.679 0.999966
000097 370 1224 1 1085.88 185.269 1217.6 232.324 0.956257
000097 370 1224 1 598.404 172.171 642.531 199.932 0.55303
000098 370 1224 1 957.836 182.925 1069.15 231.26 0.999941
000098 370 1224 1 1093.08 183.903 1224.0 235.322 0.985914
000099 370 1224 1 960.24 182.928 1067.08 230.276 0.999945
000099 370 1224 1 1092.75 184.215 1224.0 236.434 0.984826
000100 370 1224 1 958.197 182.65 1068.33 230.685 0.999877
000100 370 1224 1 1085.52 185.628 1218.16 232.687 0.971202
000100 370 1224 1 598.076 175.797 641.194 207.801 0.887115
000101 370 1224 1 956.646 183.083 1068.59 230.736 0.999926
000101 370 1224 1 1094.05 183.762 1224.0 234.735 0.989854
000101 370 1224 1 601.579 174.478 639.795 204.213 0.814559
000102 370 1224 1 957.311 183.314 1066.69 230.048 0.999941
000102 370 1224 1 1087.01 185.466 1216.43 233.349 0.959466
000103 370 1224 1 956.603 182.959 1068.27 231.027 0.99995
000103 370 1224 1 1037.33 182.312 1164.09 234.489 0.996459
000104 370 1224 1 955.832 183.213 1067.53 229.481 0.99991
000104 370 1224 1 1099.23 186.18 1219.66 233.418 0.985367
000104 370 1224 1 603.539 175.328 643.375 206.495 0.709586
000105 370 1224 1 959.226 183.684 1068.81 229.964 0.999965
000105 370 1224 1 1099.46 186.305 1221.97 234.04 0.98674
000105 370 1224 1 604.555 173.986 642.409 204.498 0.980027
000106 370 1224 1 956.607 183.186 1067.94 230.16 0.99993
000106 370 1224 1 604.256 174.463 637.108 204.242 0.997422
000106 370 1224 1 1100.43 186.179 1219.93 233.736 0.981168
000107 370 1224 1 960.392 182.607 1068.13 230.474 0.999959
000107 370 1224 1 604.508 173.585 637.417 203.565 0.999164
000107 370 1224 1 1091.28 184.022 1224.0 236.596 0.972845
000108 370 1224 1 956.143 183.315 1069.85 230.354 0.999881
000108 370 1224 1 601.338 173.396 637.628 202.214 0.996986
000108 370 1224 1 1090.93 185.511 1220.78 235.377 0.95424
000109 370 1224 1 959.711 184.108 1064.47 232.619 0.999969
000109 370 1224 1 604.377 173.4 637.07 202.913 0.998435
000109 370 1224 1 1090.25 183.697 1224.0 236.789 0.977653
000110 370 1224 1 951.259 182.875 1068.09 229.254 0.999691
000110 370 1224 1 1094.62 183.933 1224.0 236.187 0.979413
000110 370 1224 1 601.593 172.149 637.212 200.21 0.945725
000111 370 1224 1 1029.06 185.798 1155.95 231.935 0.99981
000111 370 1224 1 601.649 174.933 635.181 202.293 0.852399
000112 370 1224 1 1024.12 183.548 1156.45 233.321 0.999551
000112 370 1224 1 600.348 174.685 636.752 202.893 0.571973
000113 370 1224 1 1020.17 184.66 1160.38 232.304 0.999719
000114 370 1224 1 1027.55 185.819 1157.35 231.999 0.999874
000115 370 1224 1 1020.02 184.973 1159.39 232.792 0.99978
000116 370 1224 1 1016.16 183.827 1153.49 232.43 0.999709
000116 370 1224 1 601.983 174.945 645.759 202.738 0.898121
000117 370 1224 1 1024.58 185.332 1157.29 232.699 0.999616
000117 370 1224 1 600.093 173.722 641.767 209.117 0.958825
000118 370 1224 1 1027.63 181.128 1149.94 235.849 0.985365
000119 370 1224 1 955.793 181.938 1060.25 233.433 0.985207
000119 370 1224 1 1092.29 184.612 1224.0 236.773 0.964875
000120 370 1224 1 957.518 182.246 1072.62 231.976 0.999939
000120 370 1224 1 1086.45 184.093 1224.0 234.671 0.988988
000121 370 1224 1 957.324 184.139 1065.85 232.194 0.999988
000121 370 1224 1 1091.11 181.622 1224.0 236.985 0.98987
000122 370 1224 1 959.99 183.792 1065.23 231.569 0.999955
000122 370 1224 1 1037.17 180.947 1224.0 234.314 0.791784
000123 370 1224 1 945.11 181.661 1068.07 230.949 0.999793
000123 370 1224 1 1064.11 179.128 1224.0 234.311 0.587842
000124 370 1224 1 1029.07 183.715 1152.29 232.773 0.999535
000125 370 1224 1 1022.13 185.28 1158.17 232.199 0.99998
000126 370 1224 1 1027.15 185.996 1156.76 232.459 0.999943
000126 370 1224 1 591.75 172.727 650.198 205.669 0.604672
000127 370 1224 1 1019.33 184.946 1166.96 233.506 0.998857
000128 370 1224 1 1047.9 186.069 1198.97 231.521 0.948819
000128 370 1224 1 975.996 176.069 1067.12 233.97 0.867894
000129 370 1224 1 1091.24 185.785 1224.0 235.581 0.935893
000129 370 1224 1 990.464 183.489 1064.55 231.096 0.871865
000130 370 1224 1 1037.06 184.419 1126.83 231.593 0.999081
000131 370 1224 1 1027.31 183.854 1153.49 232.31 0.999852
000131 370 1224 1 602.268 173.761 643.189 208.049 0.845756
000132 370 1224 1 1042.07 182.406 1153.31 235.967 0.998014
000132 370 1224 1 603.794 172.546 648.976 206.194 0.982913
000133 370 1224 1 955.008 183.008 1053.54 232.01 0.987283
000133 370 1224 1 605.311 173.938 639.853 203.834 0.986418
000133 370 1224 1 1092.27 186.457 1221.27 232.652 0.986164
000134 370 1224 1 955.695 182.612 1068.04 231.304 0.999859
000134 370 1224 1 603.766 173.699 637.561 203.382 0.999441
000134 370 1224 1 1095.46 186.689 1218.79 232.483 0.993924
000135 370 1224 1 959.253 182.996 1067.12 231.145 0.999933
000135 370 1224 1 604.598 172.735 637.987 203.863 0.999139
000135 370 1224 1 1090.88 186.098 1222.81 233.902 0.990977
000136 370 1224 1 957.709 184.075 1061.45 230.863 0.999977
000136 370 1224 1 605.947 172.832 636.938 204.449 0.998017
000136 370 1224 1 1091.33 183.93 1222.86 234.413 0.971655
000137 370 1224 1 958.376 185.531 1061.55 231.772 0.999967
000137 370 1224 1 602.303 173.26 637.988 203.227 0.994999
000137 370 1224 1 1038.79 182.091 1127.26 235.082 0.985712
000138 370 1224 1 960.047 183.446 1068.52 230.056 0.999915
000138 370 1224 1 600.004 173.213 638.321 202.205 0.8151
000139 370 1224 1 956.822 183.902 1070.46 231.017 0.999913
000140 370 1224 1 956.014 182.705 1067.23 229.451 0.999973
000140 370 1224 1 1044.64 184.304 1149.4 232.729 0.544375
000141 370 1224 1 959.844 182.606 1067.61 230.485 0.999971
000141 370 1224 1 1036.84 182.089 1164.61 235.5 0.997488
000142 370 1224 1 960.845 183.238 1068.55 229.655 0.999958
000142 370 1224 1 1077.64 185.074 1215.93 235.222 0.9128
000143 370 1224 1 960.859 182.813 1068.56 230.65 0.99997
000143 370 1224 1 1094.29 186.781 1221.85 234.838 0.971458
000143 370 1224 1 603.792 171.011 650.244 204.686 0.741826
000144 370 1224 1 959.439 183.238 1067.03 230.526 0.99996
000144 370 1224 1 1093.27 185.278 1224.0 236.388 0.977514
000144 370 1224 1 602.971 174.144 640.686 203.664 0.936247
000145 370 1224 1 956.653 183.382 1069.62 230.786 0.999931
000145 370 1224 1 1086.35 185.902 1216.24 232.365 0.963762
000145 370 1224 1 604.1 174.08 641.129 203.47 0.890467
000146 370 1224 1 958.986 183.44 1062.27 231.451 0.999982
000146 370 1224 1 599.011 172.933 639.062 200.894 0.965
000146 370 1224 1 1090.61 185.158 1219.9 234.961 0.948168
000146 370 1224 1 457.181 173.673 485.923 196.489 0.541248
000147 370 1224 1 960.153 182.905 1068.33 230.629 0.999952
000147 370 1224 1 597.5 172.011 636.962 203.596 0.968533
000147 370 1224 1 1090.68 185.694 1216.75 233.135 0.957439
000148 370 1224 1 955.853 182.686 1068.27 230.822 0.999911
000148 370 1224 1 1089.95 185.984 1217.79 232.746 0.968623
000148 370 1224 1 603.535 173.125 635.415 203.837 0.703753
000149 370 1224 1 958.679 183.837 1063.63 231.919 0.999922
000149 370 1224 1 1086.07 185.434 1215.67 233.41 0.957078
000150 370 1224 1 960.264 182.643 1068.4 229.896 0.999932
000150 370 1224 1 1087.28 185.647 1217.51 232.957 0.970954
000151 370 1224 1 1028.97 186.078 1156.03 232.604 0.99983
000152 370 1224 1 1027.54 185.753 1154.54 231.735 0.999841
000152 370 1224 1 604.229 174.414 639.942 204.233 0.925803
000153 370 1224 1 1027.53 185.665 1157.02 232.361 0.999859
000153 370 1224 1 603.333 173.49 639.54 203.139 0.989524
000154 370 1224 1 1024.83 185.581 1157.12 232.411 0.999884
000154 370 1224 1 603.81 173.122 638.665 202.862 0.997516
000155 370 1224 1 1025.61 185.617 1157.06 232.51 0.999775
000155 370 1224 1 604.904 174.681 639.755 203.81 0.99744
000156 370 1224 1 1031.63 185.205 1155.63 233.45 0.999572
000156 370 1224 1 604.196 173.44 638.886 202.969 0.994559
000157 370 1224 1 606.004 173.931 637.687 203.133 0.999529
000157 370 1224 1 1031.88 184.074 1160.14 234.092 0.997944
000158 370 1224 1 604.965 173.844 638.987 203.433 0.999685
000158 370 1224 1 1045.85 183.873 1152.86 235.968 0.993128
000159 370 1224 1 603.814 172.921 636.5 204.299 0.999655
000159 370 1224 1 1096.67 185.45 1221.1 234.4 0.990387
000160 370 1224 1 605.355 174.245 637.954 203.583 0.999633
000160 370 1224 1 1094.42 186.893 1219.5 233.197 0.998192
000160 370 1224 1 950.18 182.365 1052.56 230.511 0.708221
000161 370 1224 1 604.625 174.217 638.291 203.146 0.999663
000161 370 1224 1 1102.62 184.021 1222.85 235.619 0.995826
000161 370 1224 1 929.868 179.336 1072.13 233.482 0.956361
000162 370 1224 1 605.68 174.108 638.494 203.127 0.999679
000162 370 1224 1 934.238 182.337 1087.89 234.28 0.995527
000162 370 1224 1 1099.92 182.826 1224.0 236.552 0.861834
000163 370 1224 1 605.394 174.138 638.023 203.1 0.999583
000163 370 1224 1 953.446 177.709 1090.31 233.847 0.996734
000164 370 1224 1 604.933 173.739 638.52 203.07 0.999735
000164 370 1224 1 956.658 179.219 1069.3 234.045 0.997685
000165 370 1224 1 605.304 174.355 638.692 203.683 0.999622
000165 370 1224 1 983.478 183.009 1068.68 231.325 0.938202
000165 370 1224 1 1042.32 175.548 1170.65 242.437 0.527879
000166 370 1224 1 604.633 173.215 637.134 203.189 0.998881
000166 370 1224 1 962.908 179.322 1068.82 233.078 0.970231
000167 370 1224 1 604.809 173.892 638.604 203.177 0.999665
000167 370 1224 1 1010.75 179.646 1152.26 235.947 0.987857
000168 370 1224 1 604.858 174.004 638.857 203.416 0.999743
000168 370 1224 1 1019.3 184.18 1161.95 236.205 0.997635
000169 370 1224 1 604.538 174.503 638.144 203.466 0.999724
000169 370 1224 1 1035.93 180.82 1195.94 241.444 0.841465
000170 370 1224 1 605.021 174.411 638.596 203.654 0.999753
000170 370 1224 1 954.941 181.553 1065.84 233.62 0.782394
000171 370 1224 1 604.951 174.186 638.383 203.199 0.999724
000171 370 1224 1 956.477 182.32 1058.07 234.13 0.995555
000172 370 1224 1 604.033 174.34 637.6 203.589 0.999763
000172 370 1224 1 953.928 182.615 1075.85 232.339 0.998888
000173 370 1224 1 952.841 183.292 1075.97 231.907 0.999874
000173 370 1224 1 605.626 174.312 639.107 203.592 0.999719
000173 370 1224 1 1047.1 184.349 1161.26 233.397 0.82554
000174 370 1224 1 954.111 183.018 1072.61 232.545 0.999815
000174 370 1224 1 605.517 174.233 638.518 202.803 0.999794
000174 370 1224 1 1099.76 186.167 1211.5 236.592 0.988818
000175 370 1224 1 956.494 182.598 1065.95 230.757 0.999665
000175 370 1224 1 605.35 174.473 638.81 203.696 0.999633
000175 370 1224 1 1094.91 183.995 1224.0 234.556 0.981321
000176 370 1224 1 604.848 174.355 638.45 203.665 0.999554
000176 370 1224 1 1030.68 182.743 1137.4 235.572 0.999131
000177 370 1224 1 605.158 174.147 638.56 203.94 0.999584
000177 370 1224 1 1010.69 181.646 1172.49 234.319 0.999361
000178 370 1224 1 1022.03 184.417 1164.86 232.613 0.999854
000178 370 1224 1 604.01 173.848 638.454 203.219 0.999604
000179 370 1224 1 604.89 174.072 638.596 203.315 0.999597
000179 370 1224 1 1015.47 182.517 1163.75 235.319 0.999079
000180 370 1224 1 604.713 174.187 637.813 202.799 0.999698
000180 370 1224 1 1029.46 182.958 1163.26 235.933 0.987534
000181 370 1224 1 605.057 174.447 638.17 203.678 0.999661
000181 370 1224 1 957.966 178.668 1069.86 234.176 0.993548
000181 370 1224 1 1062.77 185.721 1208.82 231.53 0.923186
000182 370 1224 1 604.652 174.053 638.647 203.222 0.999773
000182 370 1224 1 949.079 186.752 1079.82 229.48 0.907331
000182 370 1224 1 1095.1 184.386 1213.32 240.325 0.710781
000183 370 1224 1 604.006 173.67 638.031 203.549 0.999909
000183 370 1224 1 1009.57 181.954 1179.74 233.064 0.983313
000184 370 1224 1 1023.11 185.342 1157.61 233.392 0.999945
000184 370 1224 1 605.109 174.139 639.024 203.665 0.999693
000184 370 1224 1 950.329 182.951 1054.53 223.789 0.588338
000185 370 1224 1 1025.91 184.744 1167.71 231.052 0.999858
000185 370 1224 1 605.459 174.116 638.226 203.411 0.999693
000186 370 1224 1 954.915 185.584 1075.56 231.038 0.99976
000186 370 1224 1 604.936 174.195 638.734 203.831 0.999725
000186 370 1224 1 1088.76 184.89 1222.05 234.335 0.935534
000187 370 1224 1 955.557 182.922 1068.9 229.728 0.999965
000187 370 1224 1 605.234 173.888 639.077 202.562 0.99978
000187 370 1224 1 1084.11 183.853 1224.0 235.802 0.972494
000188 370 1224 1 959.804 184.003 1061.79 231.667 0.999987
000188 370 1224 1 604.82 174.378 639.036 203.315 0.999714
000188 370 1224 1 1037.2 183.494 1186.21 234.132 0.98591
000189 370 1224 1 959.781 183.098 1069.46 230.305 0.999974
000189 370 1224 1 605.018 174.166 638.95 203.383 0.999687
000189 370 1224 1 1078.83 185.344 1224.0 233.664 0.985444
000190 370 1224 1 958.817 184.52 1066.17 230.947 0.999927
000190 370 1224 1 605.094 174.056 637.978 202.579 0.999633
000190 370 1224 1 1087.05 185.996 1223.78 234.513 0.976276
000191 370 1224 1 958.6 182.439 1067.41 230.932 0.999965
000191 370 1224 1 603.988 172.958 636.852 202.202 0.999286
000191 370 1224 1 1105.59 187.305 1223.44 234.856 0.889143
000192 370 1224 1 955.1 182.829 1069.34 231.373 0.999932
000192 370 1224 1 604.934 174.211 638.457 202.853 0.999633
000192 370 1224 1 1039.72 183.398 1201.11 232.887 0.812285
000193 370 1224 1 958.824 183.248 1067.0 230.779 0.999947
000193 370 1224 1 603.549 172.661 637.565 203.751 0.999682
000193 370 1224 1 1061.67 181.505 1181.75 237.017 0.521327
000194 370 1224 1 958.099 182.539 1069.65 230.409 0.999928
000194 370 1224 1 604.595 173.683 638.963 202.499 0.999678
000194 370 1224 1 1040.3 182.908 1159.93 236.22 0.997697
000195 370 1224 1 958.214 185.273 1064.77 231.758 0.999923
000195 370 1224 1 605.196 174.174 638.608 203.431 0.999617
000195 370 1224 1 1090.99 185.72 1208.75 233.141 0.922164
000196 370 1224 1 958.456 182.824 1067.57 230.23 0.999933
000196 370 1224 1 604.356 174.45 638.107 203.609 0.999594
000196 370 1224 1 1098.5 186.281 1215.65 234.433 0.971445
000197 370 1224 1 958.901 183.218 1067.52 229.376 0.999932
000197 370 1224 1 604.94 174.244 638.349 203.425 0.99966
000197 370 1224 1 1092.05 184.894 1217.94 235.174 0.960635
000198 370 1224 1 956.393 182.965 1066.44 228.964 0.999917
000198 370 1224 1 604.667 173.968 638.811 203.397 0.999692
000198 370 1224 1 1098.82 186.857 1220.97 235.201 0.976641
000199 370 1224 1 958.189 183.155 1069.19 231.021 0.999958
000199 370 1224 1 604.739 174.134 639.222 203.36 0.99965
000199 370 1224 1 1093.78 186.834 1222.25 234.859 0.966756
000200 370 1224 1 960.516 183.094 1067.43 230.392 0.999947
000200 370 1224 1 605.312 174.317 637.821 203.633 0.999622
000200 370 1224 1 1091.65 186.277 1216.85 233.204 0.960041
000201 370 1224 1 959.549 182.711 1068.79 230.293 0.999961
000201 370 1224 1 604.742 174.04 638.502 203.104 0.999686
000201 370 1224 1 1041.59 183.364 1158.02 235.594 0.99701
000202 370 1224 1 960.921 182.735 1068.17 230.274 0.999974
000202 370 1224 1 604.856 174.261 638.495 203.423 0.999601
000202 370 1224 1 1100.39 186.5 1223.4 234.878 0.967208
000203 370 1224 1 959.654 182.33 1068.87 230.026 0.999952
000203 370 1224 1 604.697 174.278 639.083 203.589 0.999736
000203 370 1224 1 1091.77 186.795 1218.8 232.849 0.964405
000204 370 1224 1 960.179 182.686 1067.81 230.092 0.999968
000204 370 1224 1 604.969 174.017 638.795 203.091 0.999535
000204 370 1224 1 1087.5 184.522 1220.34 235.11 0.913261
000205 370 1224 1 959.146 182.58 1067.36 230.26 0.999945
000205 370 1224 1 605.268 174.535 638.417 203.5 0.999669
000205 370 1224 1 1090.41 185.651 1218.6 233.281 0.954854
000206 370 1224 1 960.253 182.871 1067.16 229.974 0.999968
000206 370 1224 1 605.2 174.167 638.736 203.216 0.999581
000206 370 1224 1 1039.21 183.155 1157.16 235.91 0.996098
000207 370 1224 1 958.76 184.642 1062.51 231.882 0.999985
000207 370 1224 1 604.994 174.032 637.865 203.33 0.999636
000207 370 1224 1 1033.74 182.688 1159.89 235.114 0.99718
000208 370 1224 1 958.952 184.518 1065.35 232.431 0.999969
000208 370 1224 1 605.144 174.179 638.68 203.39 0.999572
000208 370 1224 1 1107.17 187.141 1207.09 231.856 0.794166
