000000 375 1242 1 504.363 182.708 43.526 29.2807 0.840358
000000 375 1242 1 532.854 176.809 41.1277 22.2125 0.751146
000000 375 1242 1 1143.98 184.095 163.76 54.1386 0.746917
000000 375 1242 2 987.547 195.848 29.6716 79.8519 0.699355
000000 375 1242 2 965.985 193.235 28.8245 74.1079 0.688135
000001 375 1242 1 504.634 182.737 43.9686 29.3516 0.841317
000001 375 1242 1 1144.52 184.632 157.958 54.085 0.834046
000001 375 1242 1 532.043 177.501 40.4224 21.8764 0.736742
000001 375 1242 2 966.693 191.761 28.7292 71.8209 0.713647
000001 375 1242 2 987.023 193.701 29.1042 75.5556 0.703371
000002 375 1242 1 504.635 182.904 43.28 29.8893 0.846017
000002 375 1242 1 1143.28 184.824 156.567 54.6207 0.810832
000002 375 1242 1 544.618 177.876 31.9207 19.9149 0.72324
000002 375 1242 2 994.143 199.268 32.4198 86.4193 0.743963
000002 375 1242 2 965.44 193.485 27.5028 73.2983 0.673963
000003 375 1242 1 504.747 182.969 43.7881 29.4706 0.841016
000003 375 1242 1 1145.41 184.776 158.654 56.3985 0.811228
000003 375 1242 2 994.765 198.274 30.0994 85.8142 0.718931
000003 375 1242 2 966.094 194.162 27.1334 74.8716 0.657028
000004 375 1242 1 504.671 182.77 44.2572 30.3274 0.845503
000004 375 1242 1 1144.79 185.022 162.673 54.683 0.815811
000004 375 1242 1 545.48 178.161 33.1379 19.9376 0.722582
000004 375 1242 2 995.065 199.122 32.127 86.729 0.763375
000004 375 1242 2 964.75 193.437 27.0967 71.7729 0.714024
000005 375 1242 1 505.277 182.663 45.5345 30.5538 0.837161
000005 375 1242 1 1147.02 183.624 176.334 60.1527 0.746077
000005 375 1242 1 546.338 179.202 34.8796 20.7621 0.719363
000005 375 1242 2 994.978 198.017 30.625 83.9215 0.747546
000005 375 1242 2 964.547 191.295 26.365 68.3884 0.720634
000006 375 1242 1 505.358 184.54 41.5581 29.7472 0.830096
000006 375 1242 1 547.14 180.879 38.1801 21.1688 0.735844
000006 375 1242 2 964.666 193.808 24.7731 70.4652 0.734903
000006 375 1242 2 992.887 200.06 26.9368 83.8067 0.668295
000007 375 1242 1 505.613 185.606 43.3275 31.7316 0.821254
000007 375 1242 1 1149.74 188.964 150.76 55.394 0.711375
000007 375 1242 1 546.832 180.745 37.8627 20.5395 0.696967
000007 375 1242 2 965.181 193.993 26.7113 69.7833 0.70934
000007 375 1242 2 986.243 197.454 28.2125 75.761 0.694475
000008 375 1242 1 1144.74 189.283 154.198 54.396 0.828406
000008 375 1242 1 506.131 186.36 42.97 31.7578 0.807421
000008 375 1242 1 548.26 183.078 39.9465 20.0606 0.654104
000008 375 1242 2 966.274 193.51 28.2386 68.5241 0.72556
000008 375 1242 2 985.427 196.384 30.0527 73.2662 0.686599
000009 375 1242 1 506.084 186.087 43.5845 32.1372 0.807769
000009 375 1242 1 1148.21 187.413 151.943 55.6395 0.77998
000009 375 1242 1 548.439 182.773 41.5988 20.0327 0.646386
000009 375 1242 2 966.926 192.131 27.4313 66.6666 0.728237
000009 375 1242 2 985.45 192.239 27.3257 67.755 0.68647
000010 375 1242 1 1149.3 189.302 151.27 56.8834 0.807152
000010 375 1242 1 506.098 186.769 41.4695 30.4519 0.781276
000010 375 1242 2 969.318 194.726 25.7964 68.5649 0.709197
000011 375 1242 1 1162.52 189.621 139.875 60.657 0.764813
000011 375 1242 1 506.644 186.488 39.6422 30.0735 0.763831
000011 375 1242 2 965.686 193.855 25.8157 60.1097 0.726725
000012 375 1242 1 514.985 185.591 41.9585 30.0924 0.78598
000012 375 1242 1 549.771 179.82 34.2303 19.412 0.650719
000012 375 1242 2 968.472 192.677 25.3365 67.6106 0.743498
000012 375 1242 2 984.053 194.216 25.2426 70.4533 0.740679
000012 375 1242 2 216.325 183.905 20.9096 45.9026 0.668949
000013 375 1242 1 514.264 186.144 39.7857 30.2895 0.794713
000013 375 1242 1 549.451 180.528 30.9423 19.1724 0.684018
000013 375 1242 1 532.221 181.234 31.636 22.376 0.616742
000013 375 1242 2 969.346 193.067 26.9834 69.477 0.782102
000014 375 1242 1 516.236 187.225 40.0298 30.0324 0.801951
000014 375 1242 1 547.8 181.991 30.6608 19.409 0.657728
000014 375 1242 2 969.384 194.549 26.9684 72.6229 0.744231
000014 375 1242 2 987.11 194.041 27.1802 74.5105 0.722084
000015 375 1242 1 517.865 186.264 40.5912 31.9761 0.837441
000015 375 1242 1 549.417 181.43 33.3403 20.1244 0.672606
000015 375 1242 2 972.081 196.63 28.0056 81.3548 0.739854
000016 375 1242 1 518.133 186.701 39.3815 31.6499 0.82937
000016 375 1242 1 547.088 182.887 32.15 21.5453 0.671858
000016 375 1242 1 563.802 182.126 29.788 18.0776 0.616761
000016 375 1242 2 983.677 210.529 40.1256 103.422 0.78379
000017 375 1242 1 519.979 186.992 39.8754 31.0596 0.818168
000017 375 1242 1 564.374 182.587 31.0702 18.1859 0.621721
000017 375 1242 2 985.072 209.891 40.7614 103.774 0.766212
000018 375 1242 1 522.926 185.818 39.5862 30.326 0.79336
000018 375 1242 1 567.607 180.663 30.1333 18.0038 0.630116
000018 375 1242 2 987.102 210.992 38.0844 107.464 0.803445
000019 375 1242 1 531.162 185.897 41.2546 31.8937 0.818062
000019 375 1242 1 567.085 179.462 31.8698 20.1519 0.700483
000019 375 1242 1 547.55 181.322 32.8063 24.125 0.629827
000019 375 1242 2 999.917 193.472 30.2108 79.8609 0.715817
000020 375 1242 1 533.957 185.253 42.8265 33.9559 0.859451
000020 375 1242 1 583.406 177.848 29.4205 18.1414 0.690137
000020 375 1242 2 1012.38 197.26 33.922 82.9371 0.76148
000021 375 1242 1 534.035 185.134 40.355 33.5696 0.85076
000021 375 1242 1 586.096 173.65 29.8539 17.7114 0.629621
000021 375 1242 2 1011.97 195.337 32.0587 80.165 0.77059
000022 375 1242 1 538.118 182.775 41.025 32.3639 0.844737
000022 375 1242 2 1002.97 195.44 32.0297 83.1781 0.715351
000022 375 1242 2 1002.48 226.123 62.5663 186.992 0.619242
000023 375 1242 1 545.771 183.058 40.386 32.6838 0.831807
000023 375 1242 1 591.499 172.045 27.1594 18.1351 0.601316
000023 375 1242 2 1018.23 212.41 35.5964 97.6484 0.644385
000024 375 1242 1 549.456 184.386 43.5192 33.9218 0.860372
000024 375 1242 1 598.809 174.593 28.2981 18.3952 0.687449
000024 375 1242 1 582.773 175.197 31.3293 20.5293 0.619016
000024 375 1242 2 1018.37 183.439 21.9817 57.0157 0.656464
000025 375 1242 1 550.718 185.399 42.4651 33.0766 0.860053
000025 375 1242 1 600.404 175.652 31.8153 18.5781 0.690474
000025 375 1242 1 580.43 176.077 33.7405 20.964 0.623098
000025 375 1242 2 1018.98 193.595 32.2935 79.42 0.75566
000026 375 1242 1 553.007 185.002 43.9448 35.7885 0.854081
000026 375 1242 1 604.699 174.293 29.8232 19.0197 0.641885
000026 375 1242 2 1032.91 190.447 32.3552 73.2558 0.760946
000027 375 1242 1 563.265 183.162 44.6324 33.7087 0.82255
000027 375 1242 1 605.849 175.132 27.9669 17.3566 0.624751
000027 375 1242 2 1050.0 189.929 32.272 72.5743 0.735848
000028 375 1242 1 563.074 184.043 46.8173 35.3671 0.838101
000028 375 1242 1 607.423 173.033 29.9048 18.6271 0.620553
000028 375 1242 2 1059.38 191.59 34.0159 73.9031 0.784552
000029 375 1242 1 563.992 185.218 45.2657 33.9376 0.809673
000029 375 1242 1 601.169 176.357 32.5524 18.5565 0.652719
000029 375 1242 2 1059.9 194.501 32.7354 76.3736 0.797622
000029 375 1242 2 1035.44 192.463 32.3433 75.1394 0.7684
000030 375 1242 1 553.547 189.463 49.3831 39.3277 0.822791
000030 375 1242 1 599.124 180.041 34.917 18.8063 0.687483
000030 375 1242 2 1034.42 193.71 37.8071 74.0529 0.796758
000031 375 1242 1 550.999 190.025 48.5531 39.4778 0.877903
000031 375 1242 1 598.131 183.021 33.0443 18.7307 0.639291
000031 375 1242 2 1046.7 198.739 34.7761 80.2802 0.79304
000032 375 1242 1 546.412 189.971 48.0419 37.7535 0.815093
000032 375 1242 1 1209.68 273.074 61.9614 196.825 0.64761
000032 375 1242 2 1021.8 196.721 30.9403 78.6497 0.811287
000033 375 1242 1 534.718 190.086 51.6582 39.9106 0.83786
000033 375 1242 2 1034.15 195.647 31.7634 74.0001 0.75849
000033 375 1242 2 1016.39 195.087 31.5837 73.8141 0.727137
000034 375 1242 1 525.318 188.337 56.3289 40.5924 0.8147
000034 375 1242 2 1026.54 191.414 32.2701 74.9915 0.786483
000035 375 1242 1 514.02 189.035 58.2384 40.5297 0.870808
000035 375 1242 2 987.326 194.174 37.8608 78.6589 0.805659
000036 375 1242 1 498.353 192.242 57.5324 43.6747 0.873121
000036 375 1242 1 1195.71 276.495 92.59 197.01 0.647165
000036 375 1242 2 972.856 194.622 38.437 79.2296 0.804944
000037 375 1242 1 485.314 193.449 58.0984 46.2164 0.854236
000037 375 1242 2 980.484 193.755 37.7572 80.4976 0.788831
000038 375 1242 1 468.095 193.967 59.2306 49.2918 0.853923
000038 375 1242 2 964.842 192.669 34.8622 77.0822 0.778524
000039 375 1242 1 448.687 192.422 60.4735 49.3773 0.87456
000039 375 1242 1 15.197 179.136 30.394 100.713 0.776946
000039 375 1242 2 948.503 191.225 34.7946 76.8922 0.777929
000039 375 1242 2 924.199 190.069 32.3793 76.1759 0.766566
000040 375 1242 1 431.451 191.324 63.5809 52.8654 0.887626
000040 375 1242 1 1210.15 195.521 63.7034 60.2526 0.878318
000040 375 1242 2 904.913 189.996 35.193 71.2665 0.765458
000040 375 1242 2 931.001 190.819 34.7426 71.4832 0.764199
000041 375 1242 1 1198.32 195.778 87.3665 71.3053 0.901197
000041 375 1242 1 409.829 193.1 68.3248 54.7016 0.883993
000041 375 1242 1 453.642 178.199 38.7843 20.8819 0.660159
000041 375 1242 2 905.767 190.32 35.7887 71.8097 0.778819
000042 375 1242 1 385.826 195.441 72.1738 56.0444 0.89348
000042 375 1242 1 1185.47 196.702 113.062 74.9682 0.884717
000042 375 1242 1 435.449 180.419 38.2385 20.268 0.657492
000042 375 1242 2 887.642 189.212 34.8591 72.3452 0.778831
000043 375 1242 1 1172.73 198.535 138.544 79.3033 0.90012
000043 375 1242 1 357.82 196.498 79.1965 59.5049 0.888425
000043 375 1242 1 27.7467 195.206 36.4508 30.0905 0.658961
000043 375 1242 2 865.001 195.971 31.9552 70.7887 0.788667
000043 375 1242 2 839.904 193.589 31.0535 70.3529 0.758711
000044 375 1242 1 1159.17 200.879 165.65 75.9575 0.893222
000044 375 1242 1 324.198 198.873 83.8735 65.9895 0.871576
000044 375 1242 2 835.611 197.188 31.3257 74.8769 0.809724
000045 375 1242 1 286.961 200.251 91.6541 65.2945 0.866646
000045 375 1242 1 1137.94 206.396 185.644 77.1831 0.863368
000045 375 1242 2 780.734 197.595 34.9832 75.7402 0.804945
000046 375 1242 1 243.7 210.687 101.297 73.1929 0.897388
000046 375 1242 1 1107.17 205.378 191.318 72.7021 0.852675
000046 375 1242 1 272.978 192.708 71.696 35.9684 0.8267
000046 375 1242 2 747.415 198.474 32.4159 75.2118 0.793305
000046 375 1242 2 771.2 200.32 31.3711 73.8431 0.770189
000047 375 1242 1 1066.62 205.699 182.199 76.6772 0.90863
000047 375 1242 1 195.979 213.629 111.487 79.0165 0.896255
000047 375 1242 1 224.403 195.026 73.1758 37.6466 0.853549
000047 375 1242 2 712.991 201.636 31.2654 76.6977 0.782624
000047 375 1242 2 736.695 203.777 29.4241 75.0173 0.74044
000048 375 1242 1 1029.29 206.079 175.86 75.4026 0.894533
000048 375 1242 1 139.78 224.234 130.625 89.2238 0.883378
000048 375 1242 1 175.992 198.262 79.7953 37.5487 0.838101
000048 375 1242 2 679.408 200.825 34.3196 81.0267 0.773872
000049 375 1242 1 80.0978 227.045 151.81 99.1854 0.911718
000049 375 1242 1 989.016 202.161 179.745 75.349 0.854384
000049 375 1242 2 634.01 201.701 31.9689 79.3388 0.785839
000049 375 1242 2 661.0 203.896 31.3041 78.8946 0.731314
000050 375 1242 1 950.383 201.702 173.064 72.5659 0.881563
000050 375 1242 1 80.0335 191.748 67.3553 31.8244 0.761589
000050 375 1242 1 52.6469 230.939 105.294 107.523 0.751336
000050 375 1242 2 612.252 198.452 37.2246 82.0203 0.791809
000051 375 1242 1 907.855 199.822 167.598 73.4601 0.833382
000051 375 1242 1 16.0138 247.751 32.0276 136.201 0.715867
000051 375 1242 2 565.055 197.809 35.5193 84.1514 0.773233
000052 375 1242 1 869.996 199.21 166.869 75.4421 0.878171
000052 375 1242 1 116.55 185.112 49.0171 20.9918 0.672938
000052 375 1242 2 527.555 196.207 32.4272 81.028 0.812249
000052 375 1242 2 502.666 195.709 32.6136 77.4955 0.773728
000053 375 1242 1 835.237 197.25 154.387 73.1317 0.855702
000053 375 1242 2 480.69 194.996 38.267 82.0332 0.802404
000054 375 1242 1 792.885 196.802 157.143 74.68 0.891222
000054 375 1242 2 432.832 196.891 35.4504 82.1554 0.78599
000055 375 1242 1 755.518 197.524 162.783 74.9805 0.854903
000055 375 1242 1 1213.04 186.165 57.9249 35.362 0.779636
000055 375 1242 2 344.595 201.148 41.0023 90.8125 0.780254
000055 375 1242 2 371.079 199.315 41.9102 90.6378 0.776147
000056 375 1242 1 713.893 198.951 163.339 76.726 0.858165
000056 375 1242 1 1154.31 189.495 59.1582 30.6013 0.710101
000056 375 1242 2 290.493 207.35 45.6735 92.742 0.777796
000056 375 1242 2 320.685 200.717 41.1535 92.4966 0.775053
000057 375 1242 1 676.569 201.003 164.981 75.0549 0.897674
000057 375 1242 1 1097.52 188.365 51.6624 27.0412 0.771978
000057 375 1242 2 242.667 208.606 45.0002 96.0898 0.800247
000058 375 1242 1 1044.86 193.494 50.7081 29.0415 0.808374
000058 375 1242 1 636.622 201.022 171.005 79.422 0.771985
000058 375 1242 1 1175.7 189.025 29.9209 18.3945 0.60542
000058 375 1242 2 148.309 208.709 47.0532 102.899 0.79
000059 375 1242 1 594.508 206.385 162.432 81.9922 0.901032
000059 375 1242 1 987.598 194.82 49.698 28.9608 0.848516
000059 375 1242 1 1118.43 191.882 28.7695 17.6931 0.645413
000059 375 1242 2 65.5752 211.166 45.9511 111.811 0.820669
000060 375 1242 1 550.989 208.428 174.829 81.787 0.933071
000060 375 1242 1 936.668 195.238 49.9067 29.1678 0.855183
000060 375 1242 1 1196.45 211.152 75.127 60.2174 0.724672
000061 375 1242 1 505.233 208.359 179.574 83.6215 0.926019
000061 375 1242 1 887.904 190.175 46.9836 30.1037 0.855306
000061 375 1242 1 1190.63 247.7 102.746 105.125 0.80019
000061 375 1242 1 1162.42 206.492 101.265 49.8196 0.782205
000062 375 1242 1 1164.28 243.924 148.912 100.462 0.955981
000062 375 1242 1 458.163 208.572 189.867 87.2072 0.885597
000062 375 1242 1 839.824 189.892 42.399 30.9197 0.861848
000062 375 1242 1 1117.56 206.06 112.957 54.6591 0.821985
000063 375 1242 1 1130.58 244.328 156.477 98.7823 0.944605
000063 375 1242 1 792.429 191.011 42.1991 32.2144 0.871554
000063 375 1242 1 402.501 210.324 204.412 92.9458 0.858527
000063 375 1242 1 1048.61 208.277 68.4236 46.5794 0.82283
000064 375 1242 1 1083.74 243.072 150.933 98.361 0.927309
000064 375 1242 1 349.757 211.089 216.228 98.8951 0.90625
000064 375 1242 1 997.78 207.639 56.3943 45.6098 0.879595
000064 375 1242 1 747.206 191.036 43.8737 28.3158 0.848019
000065 375 1242 1 289.017 212.746 237.627 106.436 0.953815
000065 375 1242 1 1015.43 225.187 106.042 72.3282 0.926311
000065 375 1242 1 955.846 207.485 54.5615 46.0551 0.859875
000065 375 1242 1 705.869 190.909 43.3228 31.2289 0.85569
000066 375 1242 1 220.292 213.877 260.581 112.183 0.945562
000066 375 1242 1 980.974 225.382 112.494 75.9261 0.893642
000066 375 1242 1 915.725 207.071 55.0225 48.7083 0.865489
000066 375 1242 1 663.819 189.42 43.4619 31.253 0.863834
000066 375 1242 1 890.458 196.597 28.7114 26.0757 0.730065
000067 375 1242 1 950.765 217.739 116.708 77.3792 0.889708
000067 375 1242 1 995.701 247.621 185.006 111.099 0.88888
000067 375 1242 1 155.98 215.998 288.429 114.513 0.867483
000067 375 1242 1 626.128 189.249 47.3466 31.2073 0.858003
000067 375 1242 1 881.76 201.172 53.5804 47.5518 0.856902
000068 375 1242 1 979.344 246.788 204.219 115.92 0.960665
000068 375 1242 1 120.633 217.767 241.266 122.745 0.93335
000068 375 1242 1 920.37 214.968 111.322 76.408 0.90884
000068 375 1242 1 853.765 198.896 55.0088 46.3124 0.823577
000068 375 1242 1 586.459 186.528 50.2025 28.8955 0.788148
000069 375 1242 1 962.248 246.576 202.629 117.878 0.966081
000069 375 1242 1 92.0652 215.225 182.705 129.609 0.890975
000069 375 1242 1 823.424 195.742 44.1107 38.9302 0.814113
000069 375 1242 1 560.334 187.576 51.8364 32.5504 0.760373
000070 375 1242 1 956.475 248.237 217.438 127.016 0.940537
000070 375 1242 1 889.368 216.494 127.395 88.3333 0.902395
000070 375 1242 1 529.564 185.725 58.4942 35.3809 0.854424
000070 375 1242 1 804.829 196.045 45.3608 42.0925 0.842082
000070 375 1242 1 58.0204 216.275 116.041 151.034 0.793398
000071 375 1242 1 948.747 250.599 210.89 136.005 0.954776
000071 375 1242 1 878.83 217.339 137.209 88.9215 0.912432
000071 375 1242 1 504.869 186.856 57.4038 38.1801 0.850173
000071 375 1242 1 789.29 196.288 46.699 43.0046 0.826854
000072 375 1242 1 866.847 217.988 137.816 86.0112 0.89012
000072 375 1242 1 939.989 257.18 210.627 140.003 0.873115
000072 375 1242 1 477.675 189.786 63.5883 38.3542 0.866748
000072 375 1242 1 780.792 198.983 52.298 46.5471 0.815728
000072 375 1242 1 756.947 191.619 33.1859 31.3009 0.699649
000073 375 1242 1 950.259 263.102 232.714 158.376 0.962271
000073 375 1242 1 856.944 223.959 134.236 87.8217 0.911495
000073 375 1242 1 455.632 193.676 60.9184 39.0611 0.887932
000073 375 1242 1 767.057 201.45 54.0387 45.7386 0.860465
000073 375 1242 2 324.356 214.087 32.8702 65.1249 0.620515
000074 375 1242 1 965.89 273.032 259.865 173.533 0.956298
000074 375 1242 1 852.741 229.054 137.65 93.2783 0.90895
000074 375 1242 1 431.826 194.803 67.3394 41.7661 0.889368
000074 375 1242 1 758.78 205.808 54.886 45.4666 0.857109
000074 375 1242 1 725.074 192.191 27.2407 24.2977 0.715467
000075 375 1242 1 972.647 278.209 285.826 179.648 0.913377
000075 375 1242 1 855.605 229.192 154.331 97.0538 0.896714
000075 375 1242 1 413.213 194.756 71.6617 45.1592 0.886658
000075 375 1242 1 750.749 202.414 50.8926 45.6851 0.819762
000075 375 1242 1 713.469 190.786 24.8984 23.2946 0.673708
000076 375 1242 1 856.414 230.845 156.144 101.57 0.917861
000076 375 1242 1 389.379 196.552 79.0308 48.2753 0.908838
000076 375 1242 1 745.276 206.393 52.8569 48.0657 0.853834
000076 375 1242 1 1001.95 282.381 347.853 185.237 0.853264
000076 375 1242 1 708.151 191.983 25.7395 24.2845 0.697817
000077 375 1242 1 859.249 233.354 164.964 108.223 0.888834
000077 375 1242 1 366.995 198.027 84.1321 50.748 0.8874
000077 375 1242 1 739.326 206.383 53.1642 49.8612 0.883242
000077 375 1242 1 1031.93 281.434 387.477 187.132 0.868688
000078 375 1242 1 877.131 242.595 195.006 119.469 0.950942
000078 375 1242 1 1035.56 286.403 366.278 177.195 0.893627
000078 375 1242 1 345.01 200.264 92.7463 54.4801 0.888857
000078 375 1242 1 734.398 207.212 53.28 50.7508 0.8722
000078 375 1242 1 692.947 192.341 25.4686 23.7749 0.684126
000079 375 1242 1 886.087 243.856 213.501 120.706 0.966207
000079 375 1242 1 318.535 200.827 98.3213 58.2473 0.918383
000079 375 1242 1 1067.49 280.865 349.021 188.271 0.883406
000079 375 1242 1 733.565 208.28 55.028 53.0083 0.876822
000079 375 1242 1 684.082 191.673 23.8438 21.7313 0.664177
000079 375 1242 1 530.255 187.448 33.738 21.0271 0.626154
000080 375 1242 1 904.353 246.318 229.597 132.56 0.943115
000080 375 1242 1 294.908 202.165 109.487 57.4618 0.901356
000080 375 1242 1 1079.54 288.063 324.928 173.875 0.897603
000080 375 1242 1 734.107 207.91 56.9507 54.2753 0.885018
000080 375 1242 1 683.608 190.069 25.3129 24.2732 0.712195
000081 375 1242 1 921.231 248.842 257.635 152.032 0.96587
000081 375 1242 1 1085.26 287.928 313.48 174.144 0.907298
000081 375 1242 1 270.992 202.572 115.707 61.1073 0.895809
000081 375 1242 1 734.222 207.381 58.7146 56.8104 0.87349
000081 375 1242 1 682.293 188.701 26.5876 24.8403 0.691317
000082 375 1242 1 936.703 260.746 274.526 167.708 0.944479
000082 375 1242 1 241.361 207.656 128.649 64.979 0.914528
000082 375 1242 1 735.987 207.791 62.6508 59.98 0.900447
000082 375 1242 1 681.377 189.624 27.5244 26.5215 0.725999
000082 375 1242 1 503.81 185.735 37.3434 22.9458 0.6005
000083 375 1242 1 1126.14 292.746 231.729 163.708 0.990658
000083 375 1242 1 738.223 209.117 65.4945 62.7331 0.90607
000083 375 1242 1 207.9 209.727 136.295 68.9751 0.905017
000083 375 1242 1 966.117 271.845 342.891 187.923 0.877588
000083 375 1242 1 495.692 187.632 40.2731 27.0933 0.767602
000083 375 1242 1 678.28 190.13 28.535 25.6795 0.714445
000084 375 1242 1 984.837 275.663 354.635 195.99 0.939098
000084 375 1242 1 173.804 211.14 149.78 74.8967 0.91461
000084 375 1242 1 741.557 208.657 69.954 64.3188 0.910061
000084 375 1242 1 485.912 188.641 39.3835 24.9529 0.793106
000084 375 1242 1 678.446 189.982 30.6647 25.94 0.717014
000085 375 1242 1 133.073 214.418 176.857 81.3848 0.937167
000085 375 1242 1 1016.34 277.355 367.066 195.29 0.933343
000085 375 1242 1 742.938 208.477 73.6051 64.6859 0.887816
000085 375 1242 1 711.884 199.545 54.1025 44.3395 0.809342
000085 375 1242 1 479.584 189.602 40.7957 27.0572 0.808994
000085 375 1242 1 678.499 188.418 29.8038 26.5671 0.698033
000086 375 1242 1 1048.86 278.348 368.134 190.992 0.954674
000086 375 1242 1 96.6341 218.153 182.68 89.0784 0.932138
000086 375 1242 1 747.895 211.081 81.0518 69.5338 0.884041
000086 375 1242 1 470.604 190.289 45.6436 24.6656 0.816115
000086 375 1242 1 675.91 188.767 29.1168 26.6822 0.706176
000087 375 1242 1 75.3307 225.311 147.293 94.3001 0.937514
000087 375 1242 1 1049.13 277.009 378.681 194.22 0.928075
000087 375 1242 1 755.644 211.167 86.2311 70.7194 0.904952
000087 375 1242 1 465.954 193.709 46.8737 26.3066 0.814368
000087 375 1242 1 675.787 188.552 28.2997 25.8827 0.681083
000088 375 1242 1 1082.38 277.992 319.231 189.031 0.959386
000088 375 1242 1 57.0608 228.044 111.695 105.542 0.906199
000088 375 1242 1 763.12 214.163 94.5596 72.8995 0.889838
000088 375 1242 1 456.956 195.271 49.9191 29.0374 0.84228
000088 375 1242 1 696.967 197.75 43.0922 36.1114 0.79269
000088 375 1242 1 677.503 189.558 29.325 25.9727 0.670634
000089 375 1242 1 1099.16 275.187 274.064 199.11 0.923779
000089 375 1242 1 769.871 215.095 97.7556 76.838 0.897131
000089 375 1242 1 450.718 197.388 50.0873 31.4691 0.845611
000089 375 1242 1 676.26 189.934 29.0006 25.6407 0.688332
000090 375 1242 1 776.013 216.598 99.5941 77.9407 0.897033
000090 375 1242 1 1140.18 295.348 203.634 159.304 0.893507
000090 375 1242 1 440.48 197.442 54.381 31.7603 0.799642
000090 375 1242 1 679.547 191.952 32.0999 27.7295 0.719995
000091 375 1242 1 1159.32 280.156 165.358 187.355 0.925837
000091 375 1242 1 787.15 223.925 106.875 96.7305 0.880128
000091 375 1242 1 433.476 199.481 52.7889 31.7994 0.814817
000091 375 1242 1 679.214 192.166 32.7709 29.101 0.724079
000092 375 1242 1 806.086 227.726 118.511 104.506 0.921202
000092 375 1242 1 759.95 211.763 92.8936 68.2451 0.907485
000092 375 1242 1 423.404 201.587 59.8442 33.5487 0.859743
000092 375 1242 1 680.759 192.932 34.5231 30.1757 0.763325
000093 375 1242 1 762.724 214.008 93.9417 69.6201 0.90606
000093 375 1242 1 817.64 230.279 135.236 113.209 0.899448
000093 375 1242 1 411.213 202.584 64.6644 34.2285 0.832965
000094 375 1242 1 835.686 232.38 148.259 115.954 0.902803
000094 375 1242 1 773.494 215.192 107.067 75.6201 0.885721
000094 375 1242 1 398.326 202.726 66.1885 36.0402 0.87182
000094 375 1242 1 730.061 206.92 67.642 50.9568 0.863368
000094 375 1242 1 680.482 192.086 35.4375 30.9446 0.785354
000095 375 1242 1 852.404 235.849 159.255 124.935 0.877597
000095 375 1242 1 385.436 203.204 73.58 39.5687 0.868171
000095 375 1242 1 739.453 208.505 76.1868 56.4972 0.865099
000095 375 1242 1 786.372 217.355 126.473 88.2417 0.864102
000095 375 1242 1 681.483 192.976 35.6295 32.9093 0.798922
000096 375 1242 1 878.937 248.938 187.128 144.665 0.929442
000096 375 1242 1 794.543 224.293 126.009 94.4827 0.906078
000096 375 1242 1 741.544 210.429 78.6531 59.4577 0.880384
000096 375 1242 1 370.019 205.122 78.5602 43.6506 0.863664
000096 375 1242 1 707.231 200.828 55.1139 44.8909 0.817878
000097 375 1242 1 911.973 260.089 229.768 170.546 0.941861
000097 375 1242 1 806.051 227.578 137.714 98.7571 0.917749
000097 375 1242 1 751.627 212.486 87.6111 62.1676 0.881735
000097 375 1242 1 353.657 205.272 84.5458 44.1992 0.880496
000097 375 1242 1 682.57 195.174 35.5262 31.6799 0.801575
000098 375 1242 1 823.086 232.183 161.157 107.43 0.928408
000098 375 1242 1 753.847 214.056 92.2406 65.236 0.902542
000098 375 1242 1 948.667 275.803 271.085 198.394 0.895947
000098 375 1242 1 336.238 207.07 90.8921 46.8396 0.870997
000098 375 1242 1 683.365 195.42 38.6052 31.6343 0.790711
000099 375 1242 1 850.889 239.343 193.639 117.381 0.945863
000099 375 1242 1 760.857 216.056 90.8751 69.1458 0.900401
000099 375 1242 1 314.73 206.756 99.2867 50.642 0.89626
000099 375 1242 1 1003.13 275.598 363.536 198.805 0.853873
000099 375 1242 1 684.162 196.289 38.7097 31.5208 0.774539
000100 375 1242 1 864.224 242.457 198.497 135.722 0.947893
000100 375 1242 1 291.697 209.243 107.035 52.4769 0.920834
000100 375 1242 1 1060.76 276.658 362.488 196.139 0.910636
000100 375 1242 1 728.788 208.595 69.3904 57.0385 0.885825
000100 375 1242 1 769.198 217.323 96.1346 75.3007 0.869832
000100 375 1242 1 692.76 198.673 41.2573 36.4088 0.775564
000101 375 1242 1 890.939 249.241 231.05 152.829 0.926959
000101 375 1242 1 1073.79 277.521 336.411 189.681 0.920948
000101 375 1242 1 264.134 210.299 118.962 56.0076 0.900942
000101 375 1242 1 779.945 223.111 108.649 81.7255 0.865748
000101 375 1242 1 693.31 197.532 46.2275 39.1014 0.815554
000102 375 1242 1 931.355 260.62 269.539 174.264 0.966407
000102 375 1242 1 237.677 212.615 134.292 59.159 0.910576
000102 375 1242 1 743.565 210.504 89.1733 64.2806 0.90753
000102 375 1242 1 795.814 223.564 121.688 90.8501 0.894028
000102 375 1242 1 1110.11 277.068 263.782 192.241 0.837178
000102 375 1242 1 694.646 196.337 48.0955 39.8364 0.823665
000103 375 1242 1 806.721 226.724 134.211 95.4799 0.942254
000103 375 1242 1 972.448 276.148 325.335 194.35 0.914469
000103 375 1242 1 751.243 211.609 93.9973 66.3807 0.900355
000103 375 1242 1 201.016 218.359 151.867 68.4455 0.872811
000103 375 1242 1 1147.48 289.531 178.586 168.271 0.872349
000103 375 1242 1 706.692 201.139 57.8381 44.7619 0.840085
000104 375 1242 1 162.939 220.445 167.646 72.0646 0.936277
000104 375 1242 1 757.383 214.651 102.913 72.5778 0.92319
000104 375 1242 1 1032.16 278.415 377.486 193.17 0.920196
000104 375 1242 1 820.698 232.486 149.385 105.064 0.913176
000104 375 1242 1 1209.12 278.612 65.7659 184.541 0.849903
000104 375 1242 1 707.495 201.971 59.8944 44.4788 0.839547
000105 375 1242 1 837.57 241.509 160.051 114.352 0.946426
000105 375 1242 1 112.689 227.668 194.115 79.3563 0.930793
000105 375 1242 1 763.419 216.867 102.65 75.8944 0.909904
000105 375 1242 1 1035.23 277.48 399.983 195.039 0.9003
000105 375 1242 1 707.221 201.855 61.1906 44.8413 0.831448
000105 375 1242 1 572.196 187.014 28.5465 21.7928 0.638203
000105 375 1242 2 834.868 198.295 28.3434 73.3012 0.781901
