000000 375 1242 1 376.567 230.234 172.907 132.36 0.810921
000000 375 1242 2 1160.32 244.274 92.1238 175.269 0.894184
000000 375 1242 3 823.369 262.187 232.354 207.449 0.744908
000001 375 1242 1 372.203 226.33 160.158 123.976 0.841175
000001 375 1242 2 1179.69 235.447 92.9177 193.25 0.846688
000001 375 1242 3 830.428 262.55 221.888 208.472 0.810763
000002 375 1242 1 371.272 215.718 157.465 123.219 0.893421
000002 375 1242 2 1196.03 232.683 77.6619 196.348 0.889116
000002 375 1242 3 836.105 265.992 221.307 218.016 0.788905
000003 375 1242 1 368.796 210.409 161.684 121.294 0.833328
000003 375 1242 2 838.065 242.59 202.575 230.589 0.66967
000003 375 1242 3 833.635 252.64 205.574 244.72 0.752379
000004 375 1242 1 367.604 209.684 162.212 121.705 0.835259
000004 375 1242 3 846.712 251.238 206.865 241.338 0.769461
000005 375 1242 1 367.06 210.368 160.852 121.652 0.853113
000005 375 1242 1 790.843 200.617 139.083 57.9663 0.677262
000005 375 1242 2 849.662 253.538 190.25 242.054 0.604505
000005 375 1242 3 846.033 251.86 187.596 246.28 0.629568
000006 375 1242 1 366.055 210.864 160.367 124.754 0.849339
000006 375 1242 3 848.676 253.467 203.874 232.488 0.717382
000007 375 1242 1 359.959 212.602 158.549 119.994 0.851191
000007 375 1242 1 1159.28 214.69 161.955 77.1936 0.72349
000008 375 1242 1 359.05 212.602 152.426 118.731 0.902876
000008 375 1242 2 854.528 251.561 90.3179 206.513 0.697728
000009 375 1242 1 357.244 212.047 155.805 114.264 0.929774
000009 375 1242 1 46.6508 281.592 83.3674 186.816 0.85705
000009 375 1242 1 322.571 179.91 105.073 53.7547 0.651653
000009 375 1242 3 848.449 252.337 187.399 210.35 0.66149
000010 375 1242 1 357.619 214.166 154.255 113.663 0.924332
000010 375 1242 1 29.1926 277.595 58.3853 167.658 0.903336
000010 375 1242 2 828.08 231.507 93.8982 158.225 0.620757
000010 375 1242 3 842.261 251.563 185.341 209.924 0.614101
000011 375 1242 1 354.978 215.474 158.444 114.127 0.910293
000011 375 1242 3 847.278 254.345 199.469 219.748 0.734658
000012 375 1242 1 350.888 212.681 152.619 108.074 0.921514
000012 375 1242 3 844.969 260.683 187.619 201.02 0.839594
000013 375 1242 1 349.701 211.34 151.152 107.029 0.913281
000013 375 1242 1 887.483 212.946 142.397 57.6203 0.827244
000013 375 1242 2 451.964 196.53 19.5834 54.3137 0.62728
000013 375 1242 3 848.565 264.6 195.466 200.008 0.851433
000014 375 1242 1 348.243 212.312 148.952 106.66 0.896185
000014 375 1242 1 885.622 214.448 169.202 74.3197 0.69887
000014 375 1242 3 835.875 259.804 196.919 211.323 0.80925
000015 375 1242 1 346.983 212.829 151.037 106.685 0.898936
000015 375 1242 3 843.005 260.321 185.702 206.087 0.781364
000016 375 1242 1 348.758 209.291 150.031 106.948 0.888578
000016 375 1242 3 835.273 259.053 187.669 211.798 0.768766
000017 375 1242 1 344.996 212.275 147.943 101.281 0.904996
000017 375 1242 3 842.379 266.342 183.077 217.315 0.767
000018 375 1242 1 346.07 216.472 142.888 100.091 0.863978
000018 375 1242 3 822.106 264.046 202.829 209.219 0.819969
000019 375 1242 1 343.963 226.337 141.947 98.1684 0.888089
000019 375 1242 3 819.734 273.748 204.033 189.26 0.862657
000020 375 1242 1 348.172 228.884 141.737 98.5224 0.882504
000020 375 1242 3 810.465 264.929 200.249 188.298 0.661375
000021 375 1242 1 349.156 228.167 133.988 96.5866 0.889492
000021 375 1242 3 802.381 266.928 206.342 183.462 0.72921
000022 375 1242 1 350.673 224.582 131.915 95.2212 0.894704
000022 375 1242 3 799.303 263.457 208.72 199.568 0.773017
000023 375 1242 1 355.094 219.356 132.596 88.4291 0.847945
000023 375 1242 3 788.098 263.134 200.307 194.226 0.626533
000024 375 1242 1 356.968 218.53 126.721 92.4395 0.903078
000025 375 1242 1 356.233 218.013 125.558 89.5784 0.907605
000025 375 1242 1 1158.04 243.637 156.232 104.389 0.902555
000025 375 1242 3 770.064 264.163 212.537 197.218 0.795848
000026 375 1242 1 1169.67 244.297 131.28 101.65 0.913573
000026 375 1242 1 356.502 209.742 109.486 94.0985 0.888286
000026 375 1242 3 758.466 253.296 226.983 214.855 0.784242
000027 375 1242 1 369.534 208.383 104.062 84.829 0.867336
000027 375 1242 3 751.88 251.384 206.258 207.516 0.803718
000028 375 1242 1 371.923 208.837 93.2996 87.3598 0.868285
000028 375 1242 3 737.417 251.131 207.766 213.299 0.838983
000029 375 1242 1 377.05 210.165 95.6048 82.2571 0.815159
000029 375 1242 3 724.985 251.879 191.319 211.157 0.790136
000030 375 1242 1 381.636 210.398 95.7313 83.5329 0.879196
000030 375 1242 3 719.752 249.608 191.196 217.155 0.722545
000031 375 1242 1 387.011 210.307 97.0814 82.8578 0.888255
000031 375 1242 3 704.396 251.748 178.469 208.062 0.692811
000032 375 1242 1 394.709 210.094 96.4646 79.896 0.837455
000032 375 1242 1 630.449 192.761 107.993 54.2608 0.600034
000032 375 1242 3 595.793 213.437 55.2372 80.2603 0.725848
000032 375 1242 3 698.261 248.228 170.044 200.383 0.713623
000033 375 1242 1 404.673 210.561 96.2155 81.1597 0.884907
000033 375 1242 3 692.938 247.02 194.22 206.831 0.734497
000034 375 1242 1 414.236 210.79 98.672 76.4877 0.85652
000035 375 1242 1 423.231 207.443 103.991 66.9569 0.849134
000035 375 1242 3 677.05 242.132 168.326 207.534 0.605535
000036 375 1242 1 434.706 200.89 107.181 65.0643 0.836882
000037 375 1242 1 450.928 206.755 106.353 60.774 0.869169
000037 375 1242 3 615.014 214.298 35.6893 76.0555 0.719452
000038 375 1242 1 452.578 200.833 104.753 63.7878 0.862025
000039 375 1242 1 472.831 207.092 109.014 58.7212 0.832864
000039 375 1242 1 417.463 198.727 38.7791 23.1391 0.669418
000039 375 1242 1 694.6 183.023 82.0447 40.009 0.638127
000039 375 1242 2 692.37 195.83 31.1182 78.3309 0.622955
000039 375 1242 3 626.866 246.195 100.643 165.595 0.777801
000040 375 1242 1 487.225 210.655 108.352 60.4366 0.820639
000040 375 1242 1 422.168 196.44 37.8544 26.6023 0.616313
000040 375 1242 2 610.709 211.926 34.4517 79.3022 0.758263
000040 375 1242 3 627.773 246.647 90.5201 159.274 0.635308
000041 375 1242 1 504.639 210.566 109.057 70.3246 0.868718
000041 375 1242 1 447.16 196.344 35.3185 24.2828 0.737587
000041 375 1242 2 602.34 208.738 27.9728 84.8924 0.716104
000041 375 1242 2 715.48 199.209 27.8004 91.3813 0.619668
000041 375 1242 3 710.95 210.736 42.1677 105.738 0.680861
000041 375 1242 3 625.632 246.788 94.2806 170.168 0.675411
000042 375 1242 1 518.642 212.248 115.063 64.1461 0.858288
000042 375 1242 3 626.447 250.215 85.1548 164.877 0.779197
000043 375 1242 1 537.056 211.899 112.797 72.9986 0.80491
000043 375 1242 1 481.751 208.651 42.3865 23.6934 0.618425
000043 375 1242 3 628.623 246.381 97.8163 170.455 0.711894
000044 375 1242 1 575.239 209.295 145.631 86.7328 0.870508
000044 375 1242 1 518.561 208.118 66.9258 31.2935 0.61456
000044 375 1242 3 631.178 251.137 98.4061 171.248 0.762703
000044 375 1242 3 773.117 226.269 76.1996 125.585 0.691812
000045 375 1242 1 596.487 211.43 154.747 83.7411 0.947992
000045 375 1242 1 516.766 204.724 43.8705 23.2407 0.606357
000045 375 1242 3 629.074 257.412 89.2915 185.139 0.847062
000045 375 1242 3 791.26 215.876 44.5116 98.9149 0.708811
000046 375 1242 1 599.739 209.807 126.248 66.6683 0.855817
000046 375 1242 1 807.466 194.226 67.2882 48.3318 0.798627
000046 375 1242 3 631.285 252.646 92.3975 167.362 0.873021
000047 375 1242 1 629.604 209.372 140.43 81.8849 0.89145
000047 375 1242 1 841.459 193.064 99.8066 59.9526 0.80014
000047 375 1242 3 643.154 248.922 87.7849 167.664 0.915123
000048 375 1242 1 654.717 210.844 157.876 87.4043 0.946517
000048 375 1242 1 866.478 192.052 108.685 59.1075 0.72598
000048 375 1242 3 646.511 254.275 83.7516 162.383 0.898669
000049 375 1242 1 673.815 207.277 157.38 92.064 0.921777
000049 375 1242 1 886.222 184.272 116.528 58.6557 0.709734
000049 375 1242 3 659.503 251.305 72.5157 156.371 0.854475
000050 375 1242 1 691.795 207.302 156.658 94.422 0.923112
000050 375 1242 1 922.992 184.758 154.63 74.6193 0.913917
000050 375 1242 3 665.913 254.354 77.7035 165.327 0.847835
000051 375 1242 1 924.311 192.043 115.676 68.7771 0.851338
000051 375 1242 1 694.889 207.957 166.19 91.3211 0.810153
000051 375 1242 3 673.203 248.363 79.212 174.462 0.855612
000051 375 1242 3 303.866 213.461 42.7777 46.6463 0.683864
000052 375 1242 1 947.332 193.362 110.007 75.3919 0.920651
000052 375 1242 1 709.495 206.683 170.222 89.3381 0.75147
000052 375 1242 1 552.556 208.311 34.1178 26.8084 0.600634
000052 375 1242 2 658.215 210.538 28.3356 79.2538 0.697907
000052 375 1242 2 968.326 152.511 24.568 76.4187 0.661903
000052 375 1242 3 679.761 250.042 87.4044 173.153 0.896968
000053 375 1242 1 741.102 201.866 163.071 85.5572 0.912018
000053 375 1242 1 986.53 194.307 151.807 79.1939 0.900339
000053 375 1242 2 669.965 213.514 30.8153 72.1297 0.714543
000053 375 1242 2 997.548 152.498 23.7321 71.8851 0.607618
000053 375 1242 3 692.676 248.823 85.0806 170.31 0.860845
000053 375 1242 3 319.511 213.032 38.0981 44.9171 0.774038
000054 375 1242 1 763.844 199.508 163.605 90.3879 0.94241
000054 375 1242 1 1002.25 194.992 145.725 80.0098 0.934016
000054 375 1242 3 705.604 246.61 91.826 170.499 0.908029
000055 375 1242 1 793.694 199.978 154.062 96.432 0.948049
000055 375 1242 1 1039.2 196.242 176.171 80.6321 0.882292
000055 375 1242 1 584.596 205.95 32.5229 28.2234 0.733129
000055 375 1242 1 1182.48 183.784 110.289 70.5034 0.728523
000055 375 1242 1 499.228 206.469 67.6844 28.2394 0.60474
000055 375 1242 3 709.962 257.518 87.043 163.634 0.886721
000055 375 1242 3 336.688 213.833 38.2937 40.7253 0.805121
000056 375 1242 1 820.024 199.786 148.918 91.3315 0.920647
000056 375 1242 1 1069.38 195.114 180.438 90.9795 0.796717
000056 375 1242 1 503.6 205.917 63.4528 28.6224 0.625434
000056 375 1242 3 725.776 247.945 77.7172 164.311 0.851872
000056 375 1242 3 344.487 214.628 33.487 41.2856 0.782266
000057 375 1242 1 842.466 195.878 149.2 105.06 0.926771
000057 375 1242 1 1096.58 196.835 228.098 92.8986 0.820206
000057 375 1242 1 631.022 197.559 74.2469 28.1698 0.624844
000057 375 1242 1 515.949 204.805 48.7794 24.0123 0.621573
000057 375 1242 3 741.791 245.428 70.433 161.046 0.823271
000057 375 1242 3 350.03 212.953 37.3961 42.9214 0.784972
000058 375 1242 1 1098.12 196.345 166.586 87.617 0.91453
000058 375 1242 1 870.597 196.501 149.559 87.5683 0.903822
000058 375 1242 1 531.82 205.811 74.3483 23.4957 0.62534
000058 375 1242 3 759.637 246.359 69.4863 163.639 0.81566
000058 375 1242 3 352.519 213.072 33.4938 41.7635 0.776057
000059 375 1242 1 892.52 194.488 153.028 87.3508 0.926456
000059 375 1242 1 1134.73 199.322 214.532 92.1177 0.801707
000059 375 1242 1 532.32 203.841 67.878 24.7937 0.677081
000059 375 1242 2 1227.96 184.287 28.0704 116.636 0.634908
000059 375 1242 3 776.824 246.173 70.4498 164.741 0.840203
000059 375 1242 3 351.816 213.951 31.9087 41.4593 0.784362
000059 375 1242 3 385.797 212.662 35.0798 37.4941 0.724944
000060 375 1242 1 919.927 196.017 159.484 93.9154 0.942469
000060 375 1242 1 1132.2 197.342 180.539 92.2054 0.84685
000060 375 1242 1 532.353 203.465 67.5546 25.0995 0.636142
000060 375 1242 3 795.918 244.042 75.6533 153.418 0.860621
000060 375 1242 3 371.484 212.752 58.3273 42.4418 0.767073
000061 375 1242 1 948.515 196.889 164.77 91.1594 0.90884
000061 375 1242 1 1154.54 197.429 174.927 89.3917 0.876117
000061 375 1242 3 812.824 244.637 81.9698 154.687 0.8314
000061 375 1242 3 385.511 213.508 63.5035 40.3435 0.708201
000062 375 1242 1 968.373 194.746 162.86 87.8168 0.936853
000062 375 1242 1 1158.02 200.273 167.952 99.4662 0.933432
000062 375 1242 1 533.008 206.313 70.0095 26.5627 0.623566
000062 375 1242 3 833.832 242.958 83.6195 166.468 0.858769
000062 375 1242 3 372.073 214.188 66.5352 42.0092 0.626314
000063 375 1242 1 989.262 197.26 161.909 90.8152 0.944739
000063 375 1242 1 1166.32 199.118 151.365 104.134 0.930444
000063 375 1242 1 680.117 190.879 81.921 29.4608 0.770402
000063 375 1242 1 532.995 204.611 72.1958 28.9562 0.713222
000063 375 1242 1 984.815 152.878 124.956 44.7103 0.630736
000063 375 1242 3 852.624 237.608 82.6429 158.049 0.836367
000063 375 1242 3 353.414 215.116 28.9196 41.8829 0.691938
000064 375 1242 1 1013.94 198.778 169.278 97.356 0.942729
000064 375 1242 1 1174.17 206.864 135.653 117.532 0.897943
000064 375 1242 3 869.893 239.358 82.4242 154.955 0.848547
000064 375 1242 3 354.331 215.152 32.2495 39.0409 0.609715
000065 375 1242 1 1038.2 199.575 181.947 94.9972 0.891358
000065 375 1242 1 1178.77 197.942 121.769 118.864 0.828399
000065 375 1242 1 531.682 202.893 78.0066 31.3044 0.73053
000065 375 1242 1 677.938 190.261 85.0725 28.0525 0.647345
000065 375 1242 3 887.538 239.459 84.4745 154.711 0.852009
000066 375 1242 1 1180.59 190.88 114.814 163.968 0.906491
000066 375 1242 1 1060.2 199.95 183.459 93.6082 0.874636
000066 375 1242 1 677.267 197.76 97.1428 34.3926 0.833146
000066 375 1242 1 532.441 205.251 78.0636 31.9721 0.760207
000066 375 1242 3 906.557 241.53 82.797 155.365 0.849724
000067 375 1242 1 1190.67 217.001 91.8677 136.335 0.840712
000067 375 1242 1 518.38 210.705 78.4036 31.6506 0.831208
000067 375 1242 1 1078.82 201.506 186.148 93.1457 0.827288
000067 375 1242 3 920.131 241.759 85.0029 163.366 0.847593
000067 375 1242 3 339.837 224.259 65.5848 45.9785 0.736215
000068 375 1242 1 516.461 213.304 75.1304 31.0086 0.844114
000068 375 1242 1 1194.63 216.895 91.8777 133.248 0.841015
000068 375 1242 1 1093.83 207.436 175.576 95.2188 0.823029
000068 375 1242 1 678.881 202.129 80.8125 30.4314 0.811254
000068 375 1242 1 631.255 207.886 41.4268 35.2139 0.64297
000068 375 1242 3 935.976 244.291 77.2946 153.323 0.824202
000068 375 1242 3 323.576 227.735 57.8734 51.046 0.628377
000069 375 1242 1 1126.29 206.207 198.251 105.291 0.857453
000069 375 1242 1 515.079 213.864 70.7213 30.1532 0.813364
000069 375 1242 1 665.681 198.531 83.9368 28.8372 0.805741
000069 375 1242 1 954.989 208.54 117.055 53.092 0.666888
000069 375 1242 3 953.789 244.138 82.4167 155.074 0.848315
000070 375 1242 1 662.763 202.105 84.7344 32.5727 0.842379
000070 375 1242 1 498.816 214.052 77.7724 32.7737 0.839592
000070 375 1242 1 1137.33 207.836 204.401 111.68 0.819785
000070 375 1242 3 970.442 242.851 79.4055 159.295 0.859672
000071 375 1242 1 1143.68 209.16 191.347 120.191 0.930923
000071 375 1242 1 500.438 210.538 87.7845 33.8159 0.822398
000071 375 1242 1 1212.12 196.037 54.4756 95.9423 0.811107
000071 375 1242 1 662.005 193.506 80.318 26.5181 0.61147
000071 375 1242 3 985.598 240.16 89.9241 167.209 0.873339
000072 375 1242 1 1150.0 210.167 184.001 117.846 0.923879
000072 375 1242 1 469.581 214.016 88.6857 33.7155 0.817198
000072 375 1242 1 648.367 198.867 87.9791 36.8613 0.81275
000072 375 1242 3 1000.22 240.503 82.995 165.852 0.83179
000073 375 1242 1 1157.96 210.527 168.07 112.452 0.883992
000073 375 1242 1 643.768 195.775 82.2611 30.5043 0.842331
000073 375 1242 1 453.432 213.484 87.3665 33.8568 0.737212
000073 375 1242 3 1005.16 235.696 87.7505 152.209 0.836006
000073 375 1242 3 221.152 230.777 60.6065 54.3362 0.773921
000074 375 1242 1 1163.65 212.136 156.707 110.278 0.913297
000074 375 1242 1 452.26 213.324 95.879 35.4152 0.825553
000074 375 1242 1 632.602 195.236 82.0833 32.907 0.82324
000074 375 1242 2 1026.19 231.25 69.2217 154.679 0.613217
000074 375 1242 3 1013.47 242.205 76.7614 168.002 0.821707
000074 375 1242 3 192.728 230.474 56.794 55.9757 0.723757
000075 375 1242 1 1168.51 202.434 144.168 102.189 0.869563
000075 375 1242 1 450.943 211.046 86.0213 32.634 0.854252
000075 375 1242 2 657.284 212.987 22.3582 55.1263 0.697678
000075 375 1242 2 553.128 213.932 35.6276 47.7393 0.634911
000075 375 1242 3 1017.13 242.415 76.2478 162.999 0.857368
000075 375 1242 3 160.97 230.919 55.9291 58.8426 0.834646
000075 375 1242 3 226.508 233.966 62.4339 51.2319 0.607722
000076 375 1242 1 402.936 215.943 88.6078 36.0743 0.834442
000076 375 1242 1 1171.15 204.176 135.544 109.847 0.830237
000076 375 1242 2 1027.71 234.862 66.5845 151.866 0.783973
000076 375 1242 3 193.279 240.839 60.4949 52.2482 0.713815
000076 375 1242 3 1018.85 244.963 73.1353 158.905 0.629628
000077 375 1242 1 1167.86 211.255 138.757 107.583 0.92627
000077 375 1242 1 388.031 217.439 87.7103 41.4299 0.836136
000077 375 1242 3 1019.08 238.979 85.4039 155.458 0.88829
000077 375 1242 3 515.608 223.116 37.6726 71.0805 0.711245
000077 375 1242 3 81.0899 236.461 55.1872 70.6905 0.603616
000078 375 1242 1 1170.24 214.816 136.026 109.006 0.934981
000078 375 1242 1 370.94 221.23 95.64 34.8858 0.750554
000078 375 1242 1 582.559 198.121 80.3007 33.7893 0.709943
000078 375 1242 3 1018.14 243.387 86.9555 155.685 0.867686
000079 375 1242 1 1169.38 216.78 143.98 121.788 0.944889
000079 375 1242 1 338.948 221.424 106.991 46.064 0.834136
000079 375 1242 1 569.128 197.253 76.537 30.981 0.715756
000079 375 1242 3 1017.93 247.604 77.7992 170.227 0.872136
000079 375 1242 3 564.986 218.02 53.0858 81.3849 0.657624
000080 375 1242 1 1170.71 215.656 142.583 119.013 0.924833
000080 375 1242 1 308.657 223.687 118.116 44.2219 0.817176
000080 375 1242 3 1015.51 246.684 81.9819 164.747 0.871504
000080 375 1242 3 455.729 229.983 46.46 78.1328 0.739869
000080 375 1242 3 549.969 222.905 41.1783 79.6637 0.621682
000081 375 1242 1 1168.03 217.472 147.942 124.364 0.896217
000081 375 1242 1 289.223 225.879 117.351 45.6857 0.866032
000081 375 1242 1 451.313 212.598 31.1249 31.809 0.659528
000081 375 1242 2 776.181 208.208 38.3595 80.7922 0.728926
000081 375 1242 3 1006.34 241.265 82.6536 144.548 0.877362
000081 375 1242 3 436.837 232.46 37.7145 75.1222 0.814118
000081 375 1242 3 14.144 246.808 28.2879 89.9366 0.654747
000082 375 1242 1 1168.28 220.266 147.438 123.394 0.919396
000082 375 1242 1 258.482 230.574 123.29 44.0381 0.898892
000082 375 1242 1 433.249 208.659 43.2971 29.3152 0.701696
000082 375 1242 2 761.455 209.594 34.7031 73.7158 0.640527
000082 375 1242 3 1004.23 245.326 85.3824 157.069 0.856971
000082 375 1242 3 416.685 229.388 45.8215 75.756 0.665064
000083 375 1242 1 1167.45 217.583 149.1 124.484 0.90496
000083 375 1242 1 226.657 230.782 138.635 53.6145 0.900698
000083 375 1242 2 1001.63 230.621 42.4862 106.784 0.632312
000083 375 1242 3 992.827 244.831 73.9676 153.382 0.710252
000084 375 1242 1 161.911 238.023 145.2 49.0653 0.804743
000084 375 1242 1 1158.38 232.627 160.309 171.856 0.795762
000084 375 1242 1 340.078 225.774 78.8443 39.0097 0.767867
000084 375 1242 2 999.548 227.12 43.5751 99.8231 0.600455
000084 375 1242 3 982.272 248.877 81.834 167.915 0.717898
000085 375 1242 1 1160.04 232.497 163.924 173.55 0.812497
000085 375 1242 1 1081.94 200.245 99.6772 49.7024 0.702006
000085 375 1242 2 985.447 224.453 43.5054 101.219 0.713478
000085 375 1242 3 975.875 242.315 68.3048 154.379 0.764227
000086 375 1242 1 1054.35 200.551 73.5963 39.705 0.814093
000086 375 1242 1 1143.06 232.261 177.159 180.306 0.806773
000086 375 1242 2 288.817 245.473 42.0577 69.0336 0.646295
000086 375 1242 3 967.912 243.109 64.7268 149.804 0.858314
000087 375 1242 1 1142.37 245.005 177.788 188.03 0.857325
000087 375 1242 1 1035.34 199.624 80.458 36.4748 0.778166
000087 375 1242 2 790.143 213.747 25.3167 51.31 0.615722
000087 375 1242 3 962.077 231.57 77.4541 127.209 0.813166
000088 375 1242 1 1141.58 246.736 191.918 191.036 0.914878
000088 375 1242 1 306.334 215.708 65.9304 32.6439 0.795565
000088 375 1242 1 1018.79 199.01 70.8256 40.509 0.78487
000088 375 1242 3 951.292 240.671 76.1287 140.151 0.859936
000089 375 1242 1 1136.06 245.541 204.403 198.139 0.906297
000089 375 1242 1 1000.26 198.901 62.3943 35.6067 0.84347
000089 375 1242 3 940.156 233.682 77.6826 135.78 0.865775
000090 375 1242 1 1137.51 244.011 195.115 200.839 0.896155
000090 375 1242 1 981.276 196.389 59.3777 38.3904 0.804127
000090 375 1242 1 1085.63 200.033 130.276 57.6749 0.702475
000090 375 1242 1 80.1825 244.869 136.676 54.385 0.701473
000090 375 1242 2 625.076 221.585 35.958 87.9274 0.640851
000090 375 1242 3 935.121 230.646 69.2996 129.421 0.876122
000091 375 1242 1 1140.7 245.22 202.609 207.475 0.882566
000091 375 1242 1 950.16 199.726 65.9263 38.0404 0.81182
000091 375 1242 1 1059.77 201.006 110.524 59.2375 0.799575
000091 375 1242 1 485.551 132.842 88.9753 26.5948 0.628694
000091 375 1242 2 599.133 222.862 37.9054 89.7733 0.735817
000091 375 1242 3 926.549 234.322 73.7933 123.58 0.719667
000092 375 1242 1 1135.45 248.601 213.108 223.201 0.930655
000092 375 1242 1 1046.73 202.319 115.896 56.7593 0.879812
000092 375 1242 1 924.197 200.418 68.6775 38.1259 0.811757
000092 375 1242 2 580.935 221.832 34.5707 87.3941 0.712651
000092 375 1242 3 917.651 232.662 66.9421 131.903 0.819431
000093 375 1242 1 1134.2 250.244 215.603 223.717 0.934454
000093 375 1242 1 1029.67 200.426 109.405 62.9486 0.925554
000093 375 1242 1 922.083 196.046 40.4635 30.4831 0.789696
000093 375 1242 1 177.621 206.323 75.9388 26.8777 0.700028
000093 375 1242 2 563.352 224.144 38.9309 94.939 0.795785
000093 375 1242 3 907.592 236.739 62.2789 138.923 0.753334
000094 375 1242 1 1130.22 251.896 223.555 244.35 0.936521
000094 375 1242 1 1011.86 198.822 101.154 60.8768 0.858885
000094 375 1242 1 144.133 202.706 79.665 29.1214 0.795016
000094 375 1242 1 900.986 199.07 60.9147 37.0645 0.746437
000094 375 1242 2 537.63 222.25 36.6819 99.1915 0.739666
000094 375 1242 3 903.386 230.125 49.5815 104.594 0.84424
000095 375 1242 1 1128.11 252.459 227.789 245.082 0.951251
000095 375 1242 1 116.873 199.242 82.4822 29.027 0.842447
000095 375 1242 1 986.539 197.746 77.0757 56.2582 0.807911
000095 375 1242 1 889.932 197.087 64.1467 37.6645 0.800429
000095 375 1242 2 518.619 225.078 38.8498 102.16 0.728411
000095 375 1242 3 902.034 229.467 50.2284 112.735 0.787053
000096 375 1242 1 1111.4 254.588 261.201 234.48 0.860161
000096 375 1242 1 85.2487 196.407 85.8725 30.913 0.840944
000096 375 1242 1 969.722 199.782 77.6249 54.3198 0.835333
000096 375 1242 1 873.522 198.743 62.1193 40.0563 0.791547
000096 375 1242 1 32.928 193.086 59.2379 39.1846 0.660218
000096 375 1242 2 498.473 229.643 42.7875 119.17 0.802269
000096 375 1242 2 128.514 195.207 22.1134 36.8737 0.603566
000096 375 1242 3 888.689 223.653 72.8258 122.826 0.864417
000096 375 1242 3 15.4445 204.368 30.8891 84.9716 0.637979
000097 375 1242 1 1121.85 257.781 240.305 231.771 0.903545
000097 375 1242 1 53.869 194.641 90.6762 32.605 0.855008
000097 375 1242 1 853.523 202.046 62.2172 42.2789 0.771081
000097 375 1242 2 468.857 231.82 43.9713 123.617 0.710418
000097 375 1242 3 883.023 230.579 62.7767 124.012 0.820078
000098 375 1242 1 825.065 206.198 45.7493 40.6539 0.833723
000098 375 1242 1 935.014 201.267 80.4825 47.2912 0.79022
000098 375 1242 1 37.6161 194.8 75.2322 32.3459 0.786503
000098 375 1242 1 1109.09 257.426 265.822 235.149 0.767781
000098 375 1242 2 438.454 232.269 44.6057 127.004 0.785451
000098 375 1242 3 877.266 235.685 65.7062 123.286 0.792439
000099 375 1242 1 920.414 198.922 76.7672 42.5568 0.856412
000099 375 1242 1 808.304 206.131 44.0039 40.7365 0.855082
000099 375 1242 1 1098.45 252.787 287.099 244.426 0.782909
000099 375 1242 2 405.926 231.475 44.1061 132.218 0.804951
000099 375 1242 3 871.651 231.377 50.2494 118.088 0.840793
000099 375 1242 3 729.298 210.539 23.7671 31.7592 0.735289
000100 375 1242 1 793.958 200.357 44.9058 40.3833 0.842094
000100 375 1242 1 968.2 202.587 46.6631 36.0284 0.794615
000100 375 1242 1 1094.57 250.748 294.857 236.234 0.775375
000100 375 1242 1 903.121 198.205 74.0881 38.1182 0.768761
000100 375 1242 2 371.627 231.005 45.4211 130.461 0.822496
000100 375 1242 2 1001.81 250.913 66.6475 146.602 0.680875
000100 375 1242 3 868.422 228.167 71.4569 114.8 0.848424
000100 375 1242 3 711.489 210.098 26.1517 31.2976 0.775644
000101 375 1242 1 776.548 198.631 45.8497 39.7635 0.868879
000101 375 1242 1 886.692 198.4 63.8159 43.8033 0.782626
000101 375 1242 1 952.44 204.449 63.0453 32.6015 0.740983
000101 375 1242 2 338.194 232.19 49.8231 137.146 0.777208
000101 375 1242 3 861.278 230.033 67.0105 120.823 0.85022
000102 375 1242 1 759.227 196.693 45.8336 37.7166 0.8765
000102 375 1242 1 1131.07 251.416 221.855 221.51 0.873695
000102 375 1242 1 884.198 197.178 60.8534 39.4343 0.782904
000102 375 1242 1 967.676 208.433 69.6083 37.9321 0.764125
000102 375 1242 2 294.977 248.021 64.8707 191.063 0.872284
000102 375 1242 3 856.55 227.026 59.8485 109.68 0.756565
000103 375 1242 1 743.065 197.191 46.59 38.409 0.873607
000103 375 1242 1 952.957 208.637 65.9619 39.3636 0.8353
000103 375 1242 1 1127.22 250.676 229.568 219.8 0.771492
000103 375 1242 1 918.339 204.085 60.6339 33.1591 0.766969
000103 375 1242 1 857.439 193.872 42.3528 39.4406 0.70301
000103 375 1242 2 245.313 247.924 73.783 201.173 0.895467
000103 375 1242 3 854.518 229.174 61.5321 125.572 0.834907
000104 375 1242 1 727.078 197.802 47.4089 42.1704 0.871537
000104 375 1242 1 852.956 196.304 62.3456 44.4696 0.860214
000104 375 1242 1 937.669 211.083 71.8885 41.3183 0.836665
000104 375 1242 1 999.464 212.408 139.18 57.4593 0.825585
000104 375 1242 2 196.397 252.493 89.5981 228.428 0.86624
000104 375 1242 2 129.152 180.507 24.7745 79.2969 0.65855
000104 375 1242 3 851.304 226.808 67.0135 117.677 0.903476
000105 375 1242 1 827.387 198.013 62.5563 49.0201 0.890301
000105 375 1242 1 709.383 199.578 44.1504 42.5554 0.870108
000105 375 1242 1 934.686 212.559 80.7755 46.4852 0.831617
000105 375 1242 1 982.918 213.479 121.568 60.6197 0.815463
000105 375 1242 2 128.915 254.882 100.148 237.089 0.748884
000105 375 1242 3 846.061 225.208 73.7986 123.99 0.831023
000106 375 1242 1 694.184 198.866 43.8367 40.0877 0.864264
000106 375 1242 1 917.863 211.338 72.9873 45.2733 0.836692
000106 375 1242 1 810.324 196.249 68.2471 48.875 0.79531
000106 375 1242 1 870.769 201.231 67.1666 35.3714 0.771125
000106 375 1242 2 50.4027 244.824 90.652 260.353 0.711985
000106 375 1242 3 842.792 229.901 71.6533 130.178 0.858348
000106 375 1242 3 604.845 209.17 23.3258 30.4474 0.627194
000107 375 1242 1 953.923 215.307 115.909 56.4769 0.889266
000107 375 1242 1 678.102 197.88 43.9991 43.169 0.871297
000107 375 1242 1 790.049 197.65 62.6208 48.686 0.855027
000107 375 1242 1 903.907 210.596 77.0969 45.8215 0.827012
000107 375 1242 1 856.282 200.573 62.0734 36.8794 0.772515
000107 375 1242 2 417.131 199.353 21.4254 45.2508 0.66417
000107 375 1242 2 435.451 199.234 24.1774 44.3315 0.604477
000107 375 1242 3 841.783 235.418 64.7383 129.487 0.848047
000108 375 1242 1 946.633 216.217 125.462 57.6557 0.872931
000108 375 1242 1 774.321 197.166 60.1477 46.6442 0.869595
000108 375 1242 1 662.21 199.577 43.29 44.1732 0.859433
000108 375 1242 1 885.66 210.776 78.339 48.7969 0.801149
000108 375 1242 1 838.776 201.341 59.0902 34.024 0.747875
000108 375 1242 3 839.135 237.049 63.9246 126.583 0.851069
000109 375 1242 1 938.867 216.255 134.941 60.7983 0.921728
000109 375 1242 1 645.997 199.027 42.754 40.8071 0.852979
000109 375 1242 1 759.343 196.537 58.6759 44.3309 0.844409
000109 375 1242 1 869.57 209.623 79.2159 48.5287 0.78973
000109 375 1242 1 823.713 203.789 61.3298 34.0057 0.742325
000109 375 1242 3 837.729 230.577 59.8579 101.619 0.813672
000110 375 1242 1 924.314 215.771 123.169 59.5239 0.918022
000110 375 1242 1 630.647 196.834 42.9023 42.7401 0.861609
000110 375 1242 1 743.007 196.085 58.6178 43.1618 0.854818
000110 375 1242 1 857.319 211.191 93.2147 52.9893 0.816667
000110 375 1242 1 809.487 203.769 62.2806 35.6113 0.808371
000110 375 1242 1 221.965 234.303 148.062 53.5025 0.775661
000110 375 1242 1 773.475 198.085 48.8354 31.3883 0.721007
000110 375 1242 3 836.357 233.489 68.1787 115.584 0.781109
000111 375 1242 1 913.851 214.66 121.918 62.8289 0.900952
000111 375 1242 1 614.668 195.841 43.0793 44.0052 0.863304
000111 375 1242 1 726.919 195.212 61.1061 43.1136 0.857059
000111 375 1242 1 805.17 201.694 67.8778 38.0634 0.818384
000111 375 1242 1 158.717 233.854 225.75 87.71 0.751064
000111 375 1242 1 853.811 206.528 83.8195 46.7342 0.749571
000111 375 1242 1 759.782 197.656 49.8383 32.2309 0.693352
000111 375 1242 3 825.425 228.473 59.8152 105.045 0.803122
000111 375 1242 3 516.477 213.704 28.1883 34.9749 0.79184
000112 375 1242 1 904.226 215.058 121.523 64.7314 0.939816
000112 375 1242 1 120.05 232.062 240.1 106.311 0.889444
000112 375 1242 1 709.149 193.938 59.5624 44.2403 0.863519
000112 375 1242 1 595.13 197.482 52.3602 49.0007 0.85661
000112 375 1242 1 790.962 200.562 66.9989 39.1545 0.826642
000112 375 1242 1 841.05 206.96 86.5342 48.4224 0.815978
000112 375 1242 1 758.235 196.591 57.948 36.4106 0.767811
000112 375 1242 1 1150.82 311.659 182.357 118.933 0.761746
000112 375 1242 3 820.91 226.488 67.9952 124.296 0.774987
000113 375 1242 1 890.491 214.87 119.361 65.6333 0.92863
000113 375 1242 1 115.562 231.909 231.124 108.137 0.919622
000113 375 1242 1 579.62 197.605 54.2661 47.4513 0.857052
000113 375 1242 1 692.515 193.77 54.8143 44.1579 0.843579
000113 375 1242 1 776.75 200.234 71.8673 40.9222 0.834484
000113 375 1242 1 738.704 195.392 50.1117 33.5517 0.78247
000113 375 1242 1 824.926 207.421 82.5453 49.3461 0.738265
000113 375 1242 3 810.795 229.17 58.634 105.792 0.80111
000114 375 1242 1 882.604 215.522 119.393 69.4285 0.922561
000114 375 1242 1 815.458 208.399 93.8555 53.9714 0.85265
000114 375 1242 1 762.558 200.574 66.5439 41.1339 0.839514
000114 375 1242 1 564.664 197.963 56.6851 46.8063 0.831089
000114 375 1242 1 677.76 192.915 52.6659 43.1682 0.823071
000114 375 1242 1 724.927 195.605 50.1426 33.1366 0.817753
000114 375 1242 1 105.18 239.103 210.36 118.642 0.760713
000114 375 1242 1 581.734 187.694 29.8605 27.2536 0.615674
000114 375 1242 2 1194.6 280.549 87.1104 188.901 0.836302
000114 375 1242 2 212.829 211.365 38.7782 85.0122 0.619506
000114 375 1242 3 806.946 229.881 50.7517 92.261 0.821069
000115 375 1242 1 874.534 215.852 120.641 70.0557 0.924462
000115 375 1242 1 748.513 201.738 65.0911 41.2363 0.858665
000115 375 1242 1 805.832 209.487 81.5438 53.7056 0.838863
000115 375 1242 1 662.33 192.244 47.9415 38.7294 0.820949
000115 375 1242 1 550.702 197.887 57.7909 48.0682 0.820919
000115 375 1242 1 710.745 195.117 50.598 32.1126 0.820714
000115 375 1242 1 78.2274 244.612 152.731 128.669 0.774247
000115 375 1242 2 195.419 206.629 36.787 75.2009 0.657264
000115 375 1242 3 804.951 230.592 63.8986 106.685 0.794989
000116 375 1242 1 869.734 217.039 126.84 73.8712 0.931494
000116 375 1242 1 98.6443 245.722 191.372 135.693 0.90944
000116 375 1242 1 742.514 201.802 69.8884 46.6208 0.850906
000116 375 1242 1 648.582 192.405 47.7185 42.4742 0.836445
000116 375 1242 1 791.165 210.415 89.4585 60.2851 0.8312
000116 375 1242 1 697.645 196.508 49.3247 33.4644 0.824225
000116 375 1242 1 538.252 199.437 58.3939 50.767 0.794692
000116 375 1242 3 794.292 230.661 60.0135 107.759 0.823721
000117 375 1242 1 860.256 223.308 122.688 75.1223 0.876043
000117 375 1242 1 728.095 205.331 70.6649 43.4586 0.857649
000117 375 1242 1 788.105 211.66 96.6766 57.5198 0.853155
000117 375 1242 1 632.612 193.331 47.5464 40.2912 0.833271
000117 375 1242 1 522.903 199.855 57.2122 52.4313 0.829079
000117 375 1242 1 681.734 198.662 46.1215 32.46 0.810357
000117 375 1242 3 787.567 233.693 61.7964 112.781 0.810751
000118 375 1242 1 854.473 224.706 126.105 73.6463 0.881641
000118 375 1242 1 714.18 204.505 69.3252 40.7027 0.854484
000118 375 1242 1 616.8 192.126 46.1124 36.1438 0.839602
000118 375 1242 1 775.04 211.358 80.5613 53.4551 0.822885
000118 375 1242 1 503.003 207.659 61.1921 54.9165 0.788865
000118 375 1242 1 664.258 197.533 50.2771 28.9622 0.774579
000118 375 1242 1 77.1974 259.77 154.395 173.451 0.759086
000118 375 1242 3 776.237 231.585 58.8206 107.975 0.859154
000119 375 1242 1 841.463 226.188 122.228 75.9681 0.908286
000119 375 1242 1 486.968 207.175 64.1166 54.7145 0.873342
000119 375 1242 1 761.94 211.595 99.3546 58.1204 0.859296
000119 375 1242 1 600.74 191.682 44.7042 36.6366 0.85647
000119 375 1242 1 708.725 206.621 75.0564 43.507 0.827688
000119 375 1242 1 67.0816 286.27 116.191 177.46 0.805682
000119 375 1242 1 648.283 198.253 46.6537 29.8132 0.779195
000119 375 1242 3 759.579 239.918 48.8523 89.6394 0.793606
000120 375 1242 1 835.453 227.114 121.383 77.8334 0.900386
000120 375 1242 1 469.384 208.87 66.3617 59.3815 0.89127
000120 375 1242 1 752.922 212.661 97.5981 56.5664 0.872832
000120 375 1242 1 694.747 206.744 71.9711 45.1267 0.861422
000120 375 1242 1 585.333 190.775 44.9695 35.9449 0.85539
000120 375 1242 1 42.4268 279.306 79.1363 164.355 0.793627
000120 375 1242 1 632.842 196.941 45.694 31.5595 0.773137
000120 375 1242 1 660.86 202.665 58.6677 35.6942 0.763737
000120 375 1242 3 744.66 239.594 51.1719 90.5332 0.836674
000121 375 1242 1 451.8 208.432 66.5283 57.2241 0.901574
000121 375 1242 1 744.796 215.113 99.0773 59.7008 0.897465
000121 375 1242 1 824.898 227.447 122.802 79.1979 0.865827
000121 375 1242 1 680.651 206.771 71.2811 46.0876 0.863556
000121 375 1242 1 569.984 191.374 45.1562 37.7042 0.840867
000121 375 1242 1 644.25 202.462 59.115 35.0435 0.785344
000121 375 1242 1 617.04 197.097 45.9546 30.5446 0.77547
000121 375 1242 3 730.475 241.151 51.4567 91.2892 0.771041
000122 375 1242 1 818.345 229.134 131.971 84.2078 0.922959
000122 375 1242 1 735.815 216.819 102.462 62.5308 0.897365
000122 375 1242 1 433.194 208.475 69.1158 57.6375 0.894839
000122 375 1242 1 665.709 206.176 70.8171 45.1495 0.877334
000122 375 1242 1 553.936 192.232 43.2867 40.449 0.869459
000122 375 1242 1 629.399 202.684 58.714 35.0504 0.767024
000122 375 1242 3 714.387 241.237 48.0128 87.3021 0.820333
000123 375 1242 1 723.612 217.254 109.142 64.9474 0.924678
000123 375 1242 1 813.046 231.212 134.98 90.1958 0.910141
000123 375 1242 1 416.796 209.408 71.7727 59.6213 0.86811
000123 375 1242 1 649.944 206.192 71.66 47.1217 0.866684
000123 375 1242 1 538.5 192.418 43.3262 41.4415 0.856048
000123 375 1242 1 615.109 202.21 56.519 36.1389 0.771722
000123 375 1242 3 699.417 239.96 45.3536 84.5355 0.814539
000124 375 1242 1 802.584 231.043 133.515 90.7258 0.921692
000124 375 1242 1 710.706 217.512 108.749 66.3172 0.913413
000124 375 1242 1 392.262 211.507 84.999 63.1985 0.868683
000124 375 1242 1 522.132 191.404 42.0675 38.5745 0.855371
000124 375 1242 1 632.339 205.22 74.403 45.8175 0.838561
000124 375 1242 3 679.15 230.467 48.0275 101.79 0.807691
000125 375 1242 1 694.537 224.729 114.621 69.2814 0.916975
000125 375 1242 1 797.153 231.788 136.983 95.2384 0.906527
000125 375 1242 1 366.221 212.174 90.08 67.261 0.865187
000125 375 1242 1 395.065 199.322 53.5066 45.5465 0.835
000125 375 1242 1 627.808 206.739 73.5647 46.6833 0.833695
000125 375 1242 1 512.156 191.866 42.5435 38.1573 0.820758
000125 375 1242 1 565.965 198.384 45.9585 32.7217 0.782317
000125 375 1242 3 660.408 229.812 63.2201 106.31 0.859103
000126 375 1242 1 788.082 231.546 135.592 99.2527 0.931151
000126 375 1242 1 688.2 223.22 117.557 74.0726 0.884823
000126 375 1242 1 349.246 213.658 94.3531 66.3664 0.882393
000126 375 1242 1 489.641 191.738 44.6389 40.8503 0.848596
000126 375 1242 1 377.554 200.125 53.6462 45.735 0.818784
000126 375 1242 1 580.843 201.846 58.6978 40.96 0.814511
000126 375 1242 1 550.343 197.027 46.812 33.9858 0.782278
000126 375 1242 3 643.226 227.829 68.1584 107.024 0.900758
000127 375 1242 1 785.925 232.148 139.588 104.19 0.932181
000127 375 1242 1 327.255 215.195 98.2829 71.819 0.928621
000127 375 1242 1 680.359 219.16 113.685 72.0174 0.897636
000127 375 1242 1 479.464 192.471 42.018 38.9322 0.820053
000127 375 1242 1 583.363 205.445 63.473 45.8373 0.813528
000127 375 1242 1 534.588 196.981 45.7299 32.4628 0.782161
000127 375 1242 3 625.894 226.093 70.5479 104.359 0.915894
000128 375 1242 1 676.468 223.823 118.849 75.925 0.921153
000128 375 1242 1 783.524 231.615 142.094 108.374 0.905185
000128 375 1242 1 306.479 217.032 101.472 73.5099 0.902485
000128 375 1242 1 341.526 210.945 62.9647 51.2062 0.899468
000128 375 1242 1 464.329 193.821 41.9244 38.5579 0.852111
000128 375 1242 1 567.105 205.844 62.2821 43.7693 0.810462
000128 375 1242 3 600.897 226.555 64.6918 98.0604 0.854459
000129 375 1242 1 288.531 226.707 107.041 75.9005 0.909676
000129 375 1242 1 786.891 240.143 151.406 114.008 0.905452
000129 375 1242 1 671.677 224.392 131.386 79.4883 0.903198
000129 375 1242 1 324.992 213.319 68.6372 56.9533 0.875013
000129 375 1242 1 454.117 193.241 39.3849 38.5424 0.855683
000129 375 1242 1 549.175 206.333 61.0797 42.2179 0.847883
000129 375 1242 1 596.63 208.489 71.6948 57.7582 0.821144
000129 375 1242 1 518.053 200.548 45.679 33.1136 0.788662
000129 375 1242 1 485.271 190.01 31.6615 27.2645 0.644833
000129 375 1242 1 354.237 194.699 36.6626 30.104 0.643048
000129 375 1242 3 585.552 228.76 62.6118 101.785 0.834477
000130 375 1242 1 669.409 226.697 136.585 81.1593 0.931631
000130 375 1242 1 788.682 241.651 151.216 121.121 0.924911
000130 375 1242 1 273.113 229.306 116.375 78.3673 0.905471
000130 375 1242 1 448.102 195.394 41.2214 37.0196 0.837229
000130 375 1242 1 581.533 208.881 86.2156 60.9153 0.835439
000130 375 1242 1 534.744 205.324 60.0637 39.1176 0.797059
000130 375 1242 1 501.36 200.103 41.8272 29.5445 0.760559
000130 375 1242 3 577.018 231.623 69.0916 108.484 0.792926
000130 375 1242 3 31.4537 233.498 55.4151 76.0251 0.684792
000131 375 1242 1 666.785 229.866 141.277 86.1714 0.925349
000131 375 1242 1 793.97 244.156 157.222 124.687 0.888579
000131 375 1242 1 255.648 234.731 129.025 84.4902 0.881193
000131 375 1242 1 582.743 210.228 88.5891 58.6497 0.846785
000131 375 1242 1 307.463 215.28 70.6356 55.2937 0.83565
000131 375 1242 1 443.91 198.87 35.1755 36.4695 0.803209
000131 375 1242 1 341.359 197.439 40.1482 28.0312 0.742801
000131 375 1242 3 560.752 231.793 62.9395 112.194 0.805658
000132 375 1242 1 241.083 241.215 139.025 89.4476 0.924238
000132 375 1242 1 666.278 232.533 146.725 87.0648 0.923321
000132 375 1242 1 806.352 249.336 160.632 133.683 0.873848
000132 375 1242 1 582.387 212.533 94.9033 60.298 0.867444
000132 375 1242 1 437.122 199.931 37.4974 38.0428 0.859761
000132 375 1242 1 289.128 224.889 87.5781 64.5374 0.817181
000132 375 1242 1 316.829 212.162 54.8395 45.4155 0.806161
000132 375 1242 1 517.061 208.859 48.8479 39.0717 0.791198
000132 375 1242 1 339.596 201.064 38.7703 28.8155 0.716414
000132 375 1242 1 468.223 195.149 27.3359 24.7894 0.613557
000132 375 1242 1 453.12 195.004 27.983 27.0605 0.604291
000132 375 1242 3 549.726 232.249 67.6724 106.734 0.817608
000133 375 1242 1 673.898 234.48 154.173 94.2166 0.935803
000133 375 1242 1 227.639 244.571 147.041 92.5503 0.927796
000133 375 1242 1 282.301 226.957 87.8243 67.8404 0.903857
000133 375 1242 1 818.738 251.839 172.267 137.999 0.901272
000133 375 1242 1 584.006 214.751 94.2174 60.7824 0.880305
000133 375 1242 1 438.426 200.658 37.1179 37.5297 0.838655
000133 375 1242 1 531.06 211.167 63.3287 46.6449 0.817824
000133 375 1242 1 502.536 205.708 43.1284 34.8206 0.7972
000133 375 1242 1 342.717 199.904 39.0802 31.3279 0.72138
000133 375 1242 3 547.057 232.728 65.9939 107.673 0.849406
000134 375 1242 1 678.651 237.944 154.48 98.0635 0.952698
000134 375 1242 1 214.931 245.866 150.417 91.6798 0.927823
000134 375 1242 1 839.021 261.46 197.612 163.622 0.915401
000134 375 1242 1 281.101 226.347 92.4742 68.2778 0.903684
000134 375 1242 1 585.76 214.194 97.0256 65.6394 0.861365
000134 375 1242 1 438.013 196.319 36.956 35.4232 0.834521
000134 375 1242 1 532.035 209.569 64.8459 48.8554 0.788113
000134 375 1242 1 342.391 198.072 38.4899 31.8188 0.745994
000134 375 1242 1 488.753 201.298 38.5427 29.6107 0.72115
000134 375 1242 3 537.09 231.226 66.1243 105.983 0.841017
000135 375 1242 1 690.876 237.423 163.273 103.239 0.951381
000135 375 1242 1 207.44 247.083 168.184 98.938 0.943445
000135 375 1242 1 865.835 263.247 213.022 170.788 0.937778
000135 375 1242 1 275.603 224.989 99.7935 74.1714 0.906012
000135 375 1242 1 597.289 212.49 94.8433 69.4948 0.896226
000135 375 1242 1 311.003 214.536 66.2831 51.2203 0.882373
000135 375 1242 1 440.987 194.351 38.9972 37.7797 0.860558
000135 375 1242 1 501.451 200.09 41.9529 33.179 0.757258
000135 375 1242 1 550.658 202.262 60.9961 49.6179 0.750934
000135 375 1242 1 339.694 199.986 44.1769 27.8606 0.720018
000135 375 1242 3 533.541 229.944 53.0476 101.945 0.843401
000136 375 1242 1 902.144 271.743 246.118 191.1 0.956989
000136 375 1242 1 705.263 238.338 168.347 108.982 0.940327
000136 375 1242 1 198.226 248.159 177.941 106.523 0.906061
000136 375 1242 1 274.551 224.029 104.664 74.0723 0.899191
000136 375 1242 1 604.983 211.448 96.7119 72.835 0.887386
000136 375 1242 1 549.345 200.529 72.8345 50.3709 0.877821
000136 375 1242 1 446.682 192.462 38.7117 37.9979 0.841998
000136 375 1242 1 356.059 192.084 47.8494 31.3369 0.740789
000136 375 1242 3 531.069 226.128 55.901 101.969 0.862284
000137 375 1242 1 938.919 277.158 266.839 194.112 0.964559
000137 375 1242 1 192.95 249.645 190.828 110.502 0.929881
000137 375 1242 1 718.598 238.927 179.702 122.069 0.919557
000137 375 1242 1 273.419 225.155 105.913 80.5832 0.906866
000137 375 1242 1 610.059 209.642 100.19 73.2752 0.890559
000137 375 1242 1 318.873 213.376 60.6854 50.2802 0.882392
000137 375 1242 1 549.687 198.738 66.1162 46.7513 0.856546
000137 375 1242 1 453.302 190.701 36.1561 37.6248 0.855777
000137 375 1242 1 354.399 191.518 45.4315 26.0278 0.655515
000137 375 1242 3 532.169 225.435 51.775 101.512 0.85641
000138 375 1242 1 741.018 241.766 199.813 127.706 0.926538
000138 375 1242 1 184.818 251.16 202.083 116.193 0.91444
000138 375 1242 1 321.762 212.097 66.2602 55.0138 0.901529
000138 375 1242 1 987.961 277.107 289.287 194.362 0.89279
000138 375 1242 1 274.586 224.365 111.452 81.8039 0.882921
000138 375 1242 1 623.932 210.036 106.101 77.3693 0.87726
000138 375 1242 1 564.948 199.001 78.9235 51.5926 0.860082
000138 375 1242 1 462.358 190.464 37.1633 37.0511 0.85766
000138 375 1242 3 533.116 224.856 51.1729 105.939 0.847586
000139 375 1242 1 1049.69 280.005 350.389 189.989 0.932588
000139 375 1242 1 176.943 255.854 212.555 120.793 0.931821
000139 375 1242 1 323.346 212.581 70.1089 56.6806 0.903368
000139 375 1242 1 632.183 212.134 107.3 79.21 0.886366
000139 375 1242 1 276.427 224.58 121.803 88.5597 0.87748
000139 375 1242 1 765.064 245.877 216.036 133.745 0.871808
000139 375 1242 1 469.703 189.769 35.1656 37.6656 0.829757
000139 375 1242 1 565.804 198.673 74.0682 47.2596 0.804502
000139 375 1242 1 371.738 190.916 42.9711 30.0282 0.63163
000139 375 1242 2 738.26 207.539 36.3794 83.9451 0.719495
000139 375 1242 3 536.582 224.92 50.9464 104.885 0.849251
000140 375 1242 1 166.088 258.243 236.033 125.027 0.950998
000140 375 1242 1 275.311 226.772 130.656 90.9637 0.938558
000140 375 1242 1 790.622 251.229 232.57 147.587 0.899319
000140 375 1242 1 645.06 213.804 112.079 83.3527 0.890339
000140 375 1242 1 339.863 211.095 65.9865 52.122 0.881784
000140 375 1242 1 480.178 189.336 36.0425 39.2605 0.841908
000140 375 1242 1 565.272 199.121 67.3492 47.9041 0.825484
000140 375 1242 1 387.622 189.726 43.999 31.8779 0.767696
000140 375 1242 1 1079.01 274.863 325.979 200.275 0.615981
000140 375 1242 2 758.061 209.673 31.7775 89.9195 0.79552
000140 375 1242 3 537.273 225.553 55.9131 108.935 0.855508
000141 375 1242 1 818.454 262.86 262.972 167.555 0.956185
000141 375 1242 1 1129.51 276.782 218.311 196.437 0.945417
000141 375 1242 1 279.291 228.602 129.5 93.2953 0.928563
000141 375 1242 1 156.95 262.787 248.49 130.183 0.927865
000141 375 1242 1 657.923 214.999 119.338 89.8315 0.925044
000141 375 1242 1 340.456 213.167 70.2294 55.3259 0.87961
000141 375 1242 1 489.821 190.011 36.3424 36.0388 0.847988
000141 375 1242 1 567.476 197.94 63.0997 44.6387 0.795887
000141 375 1242 1 388.658 191.654 45.14 29.3105 0.765395
000141 375 1242 2 778.517 212.551 35.6807 102.049 0.820681
000141 375 1242 3 546.367 223.433 59.265 103.544 0.848034
000142 375 1242 1 142.207 271.954 271.531 142.837 0.948369
000142 375 1242 1 673.85 218.37 123.225 93.9604 0.946066
000142 375 1242 1 1157.52 277.201 168.963 195.598 0.927609
000142 375 1242 1 282.572 230.716 135.493 95.034 0.919102
000142 375 1242 1 615.883 210.388 91.1556 61.6503 0.889974
000142 375 1242 1 499.006 191.117 35.541 35.0036 0.868521
000142 375 1242 1 358.513 212.106 60.7626 50.2147 0.853132
000142 375 1242 1 852.961 273.139 299.821 188.06 0.852893
000142 375 1242 1 580.093 201.609 62.8256 46.1735 0.816668
000142 375 1242 1 402.704 192.38 42.3511 27.1691 0.776151
000142 375 1242 2 802.39 213.488 37.5737 109.689 0.798535
000142 375 1242 3 548.256 226.641 50.7731 105.791 0.854553
000143 375 1242 1 134.817 277.125 269.634 152.172 0.974324
000143 375 1242 1 275.43 233.366 157.025 104.205 0.936947
000143 375 1242 1 687.483 219.181 133.692 98.3804 0.934295
000143 375 1242 1 903.905 276.65 374.787 196.699 0.923843
000143 375 1242 1 627.952 212.048 92.8181 61.7346 0.90222
000143 375 1242 1 365.442 210.766 60.0735 49.816 0.84637
000143 375 1242 1 510.64 191.515 32.7739 34.9983 0.81282
000143 375 1242 1 584.9 198.732 58.7568 41.1826 0.752942
000143 375 1242 1 403.387 195.199 42.1865 27.5619 0.737378
000143 375 1242 2 829.774 213.417 33.9878 106.021 0.810001
000143 375 1242 3 551.404 224.429 47.1866 99.0521 0.86605
000144 375 1242 1 132.797 281.849 265.594 165.22 0.96305
000144 375 1242 1 703.111 225.103 138.565 105.424 0.921861
000144 375 1242 1 272.993 238.381 163.018 108.778 0.91638
000144 375 1242 1 336.304 223.435 90.598 67.2544 0.911022
000144 375 1242 1 642.04 213.793 99.5576 68.6985 0.898712
000144 375 1242 1 967.403 278.503 396.33 192.995 0.893099
000144 375 1242 1 517.561 190.219 34.8612 33.382 0.8257
000144 375 1242 1 564.772 195.919 60.6769 42.0928 0.708034
000144 375 1242 1 420.484 190.97 62.9368 30.3761 0.639684
000144 375 1242 2 853.239 215.589 34.7903 105.707 0.802834
000144 375 1242 3 560.245 224.498 51.6769 98.1769 0.867775
000145 375 1242 1 128.529 288.324 252.622 171.685 0.946932
000145 375 1242 1 338.64 223.759 94.6066 69.5562 0.912012
000145 375 1242 1 952.265 276.368 382.493 197.265 0.911463
000145 375 1242 1 718.42 225.047 143.916 108.549 0.909417
000145 375 1242 1 372.391 211.849 66.7348 52.9976 0.886249
000145 375 1242 1 264.635 236.807 190.223 115.719 0.874202
000145 375 1242 1 613.846 208.265 59.0508 50.9937 0.867304
000145 375 1242 1 654.181 214.194 100.138 72.2061 0.866418
000145 375 1242 1 530.114 191.537 35.2552 34.5549 0.811137
000145 375 1242 2 883.376 214.882 32.8705 105.973 0.793683
000145 375 1242 3 564.902 225.469 45.2577 98.5438 0.865225
000146 375 1242 1 126.123 287.333 246.16 175.333 0.943009
000146 375 1242 1 999.74 278.25 377.616 193.501 0.933707
000146 375 1242 1 339.971 224.451 100.475 74.1128 0.929022
000146 375 1242 1 731.536 225.861 156.187 113.458 0.92088
000146 375 1242 1 260.17 238.608 198.621 121.129 0.905689
000146 375 1242 1 627.626 208.019 61.7096 54.2018 0.880744
000146 375 1242 1 666.251 215.15 99.9058 72.3921 0.868591
000146 375 1242 1 259.349 191.73 79.6694 38.3546 0.719115
000146 375 1242 1 404.275 193.518 38.5175 29.0984 0.685948
000146 375 1242 1 538.37 189.288 29.8705 33.6641 0.634799
000146 375 1242 2 916.117 216.072 35.8403 120.211 0.771619
000146 375 1242 3 567.989 225.86 45.6158 100.226 0.902709
000147 375 1242 1 1015.42 276.814 349.664 196.371 0.934533
000147 375 1242 1 755.856 226.73 165.316 121.263 0.924295
000147 375 1242 1 338.877 223.645 109.41 77.478 0.912816
000147 375 1242 1 253.391 234.671 213.178 121.184 0.890609
000147 375 1242 1 121.242 282.819 234.446 177.585 0.889224
000147 375 1242 1 383.088 208.529 73.4491 56.2474 0.886858
000147 375 1242 1 676.887 214.398 104.983 75.6249 0.886152
000147 375 1242 1 634.042 207.854 59.5112 54.5634 0.875619
000147 375 1242 1 548.523 188.306 34.2114 32.3355 0.722805
000147 375 1242 2 939.174 214.006 43.2302 125.982 0.823704
000147 375 1242 3 577.359 223.665 47.9705 99.7553 0.890488
000148 375 1242 1 772.783 227.694 183.697 131.539 0.946575
000148 375 1242 1 1077.79 278.969 328.415 192.061 0.944272
000148 375 1242 1 240.795 235.213 237.168 125.506 0.941504
000148 375 1242 1 110.197 282.394 220.393 176.947 0.931071
000148 375 1242 1 340.87 223.731 113.764 78.4754 0.923826
000148 375 1242 1 385.169 208.793 77.3948 56.4987 0.885369
000148 375 1242 1 647.883 207.981 63.7148 59.1786 0.857814
000148 375 1242 1 689.976 214.717 110.699 82.9145 0.814099
000148 375 1242 1 553.324 184.392 32.2885 30.3466 0.715447
000148 375 1242 2 982.163 237.553 79.2313 200.771 0.79091
000148 375 1242 3 581.195 216.808 44.6224 98.531 0.881679
000149 375 1242 1 101.088 282.945 202.176 179.034 0.940387
000149 375 1242 1 795.378 232.241 198.642 138.346 0.9403
000149 375 1242 1 227.807 241.312 250.758 144.391 0.924534
000149 375 1242 1 1079.72 278.549 324.557 192.903 0.9173
000149 375 1242 1 340.138 224.248 117.092 81.6974 0.896341
000149 375 1242 1 703.773 217.122 125.976 87.5185 0.886298
000149 375 1242 1 389.073 209.371 74.3771 57.3268 0.884474
000149 375 1242 1 650.169 207.74 60.4008 58.3365 0.866323
000149 375 1242 1 562.896 185.389 32.7828 32.961 0.736098
000149 375 1242 2 1020.58 213.609 57.714 137.288 0.695252
000149 375 1242 3 584.216 216.362 48.0635 102.209 0.868824
000150 375 1242 1 212.912 247.176 250.086 153.028 0.968233
000150 375 1242 1 88.6428 291.332 177.286 163.228 0.920501
000150 375 1242 1 328.545 226.659 142.014 90.5724 0.917323
000150 375 1242 1 719.736 223.015 127.113 90.0758 0.911646
000150 375 1242 1 819.315 242.382 215.829 156.485 0.905187
000150 375 1242 1 389.482 212.104 87.1795 61.466 0.882892
000150 375 1242 1 1119.31 292.491 245.382 165.019 0.881492
000150 375 1242 1 663.839 208.749 68.1375 61.6456 0.85845
000150 375 1242 2 1067.31 223.33 64.7419 153.659 0.840562
000150 375 1242 2 512.828 184.892 16.7711 37.2109 0.617191
000150 375 1242 3 593.268 217.595 51.1079 103.609 0.856321
000151 375 1242 1 197.038 257.232 268.771 168.423 0.934435
000151 375 1242 1 730.094 227.907 134.63 96.3932 0.920076
000151 375 1242 1 324.611 232.069 158.249 90.2473 0.905849
000151 375 1242 1 392.283 213.948 89.8608 59.4201 0.897927
000151 375 1242 1 77.8771 294.497 136.109 160.94 0.896804
000151 375 1242 1 841.925 255.36 247.395 167.602 0.893471
000151 375 1242 1 663.416 209.619 59.6078 56.599 0.85236
000151 375 1242 1 579.855 187.858 41.2488 32.8667 0.642784
000151 375 1242 1 447.327 193.667 68.3048 32.0288 0.602369
000151 375 1242 2 1125.41 235.205 69.0447 161.529 0.825095
000151 375 1242 3 596.039 217.702 46.8917 99.01 0.851951
000152 375 1242 1 871.787 264.327 272.224 186.246 0.958997
000152 375 1242 1 737.801 230.103 133.12 97.2357 0.922375
000152 375 1242 1 391.525 217.086 90.8745 59.7711 0.913967
000152 375 1242 1 53.9807 291.943 107.961 166.114 0.904349
000152 375 1242 1 174.582 264.977 286.742 178.739 0.902538
000152 375 1242 1 324.131 239.405 150.501 94.8704 0.900086
000152 375 1242 1 689.375 215.37 87.2762 67.4758 0.838082
000152 375 1242 1 582.092 194.022 33.0229 35.4574 0.632772
000152 375 1242 2 1193.87 245.84 88.5723 181.048 0.868568
000152 375 1242 3 597.312 225.813 43.3822 97.2081 0.896161
000153 375 1242 1 165.334 275.902 330.669 190.863 0.935986
000153 375 1242 1 319.926 241.158 155.468 96.8366 0.930306
000153 375 1242 1 387.692 217.793 91.5257 63.4923 0.906578
000153 375 1242 1 754.071 231.266 149.891 99.0821 0.901471
000153 375 1242 1 695.337 216.199 89.3795 71.3578 0.888343
000153 375 1242 1 908.875 273.366 322.458 203.268 0.834465
000153 375 1242 1 597.94 196.901 35.1849 42.7155 0.651948
000153 375 1242 3 599.804 228.124 43.9025 101.968 0.858508
