000000 375 1242 1 513.526 197.897 109.967 35.393 0.847268
000000 375 1242 1 674.25 192.603 36.3878 27.063 0.795065
000000 375 1242 3 604.385 225.335 97.2902 88.7127 0.808173
000001 375 1242 1 519.245 197.717 108.082 33.2477 0.862426
000001 375 1242 1 674.816 191.862 36.7283 25.8264 0.778951
000001 375 1242 3 618.924 217.203 109.22 104.031 0.852619
000002 375 1242 1 533.302 199.099 105.993 32.8411 0.87572
000002 375 1242 1 676.539 190.481 39.9081 23.8753 0.624735
000002 375 1242 3 638.283 217.049 119.916 100.997 0.84396
000003 375 1242 1 546.895 198.957 108.775 35.1373 0.873356
000003 375 1242 3 649.696 217.055 118.26 96.9626 0.830449
000004 375 1242 1 561.122 199.314 108.633 36.1517 0.864147
000004 375 1242 3 676.168 215.602 117.133 104.069 0.860993
000005 375 1242 1 568.802 198.547 101.591 35.6157 0.871261
000005 375 1242 1 678.09 197.094 66.4384 40.9296 0.602555
000005 375 1242 3 695.141 222.808 119.642 106.402 0.766049
000006 375 1242 1 586.204 198.082 107.256 35.707 0.876305
000006 375 1242 1 675.931 194.798 42.6713 30.9025 0.671555
000006 375 1242 3 713.427 215.555 109.333 100.634 0.765256
000007 375 1242 1 599.41 197.148 106.136 36.6667 0.894726
000007 375 1242 1 675.904 191.932 39.4438 27.0102 0.747843
000007 375 1242 3 727.154 216.327 113.896 94.0738 0.78368
000008 375 1242 1 611.702 197.87 104.133 35.7126 0.899687
000008 375 1242 1 676.202 191.667 46.0326 25.6186 0.760688
000008 375 1242 3 746.181 214.439 116.15 101.752 0.863782
000009 375 1242 1 618.009 197.826 97.5558 35.9155 0.88687
000009 375 1242 1 674.354 192.359 64.8684 26.9318 0.816885
000009 375 1242 3 758.402 214.805 114.05 99.214 0.900044
000010 375 1242 1 632.62 198.002 92.4783 33.5723 0.865223
000010 375 1242 3 781.112 213.85 121.844 100.958 0.891378
000011 375 1242 1 645.211 197.718 95.1195 35.3285 0.85591
000011 375 1242 3 799.859 212.314 115.851 97.7329 0.919402
000012 375 1242 1 659.622 198.612 97.7354 35.9796 0.847581
000012 375 1242 3 816.144 213.047 112.465 96.2867 0.915192
000013 375 1242 1 662.882 198.151 91.8625 35.4519 0.860148
000013 375 1242 3 834.18 213.515 115.871 95.0458 0.906321
000014 375 1242 1 674.97 198.869 85.5825 34.9579 0.842648
000014 375 1242 3 855.186 212.173 113.804 94.7103 0.917163
000015 375 1242 1 679.23 198.108 82.911 33.2263 0.807657
000015 375 1242 3 877.583 212.034 116.48 96.1046 0.905959
000016 375 1242 1 689.299 197.726 83.8751 33.3934 0.800523
000016 375 1242 3 892.899 212.468 113.522 93.7532 0.926588
000017 375 1242 1 695.545 196.82 84.4003 33.6742 0.806765
000017 375 1242 3 908.159 212.003 113.927 95.3751 0.927931
000018 375 1242 1 707.602 196.35 77.4999 32.514 0.807421
000018 375 1242 3 926.646 211.69 119.598 94.9094 0.910384
000019 375 1242 1 712.586 196.696 74.6957 31.8158 0.816156
000019 375 1242 1 675.027 192.059 42.4481 25.2491 0.792496
000019 375 1242 3 945.11 211.691 124.764 98.2718 0.914039
000020 375 1242 1 719.415 195.451 72.7019 31.9055 0.813604
000020 375 1242 1 674.756 192.581 41.4791 27.0571 0.806396
000020 375 1242 3 959.079 210.794 130.74 97.2425 0.935028
000021 375 1242 1 724.465 194.917 66.9669 30.7301 0.85323
000021 375 1242 1 673.69 193.289 41.8855 28.0243 0.830815
000021 375 1242 3 973.315 211.094 126.803 95.409 0.885394
000022 375 1242 1 674.353 193.224 40.9252 28.783 0.825288
000022 375 1242 1 726.941 194.936 51.1385 29.7876 0.820932
000022 375 1242 3 993.249 211.903 123.034 94.5762 0.864651
000023 375 1242 1 674.373 192.179 40.8206 28.401 0.830196
000023 375 1242 1 729.567 196.166 47.8203 28.0217 0.818331
000023 375 1242 3 1001.64 210.302 125.961 96.2502 0.872767
000024 375 1242 1 675.021 192.214 40.2854 28.8856 0.833126
000024 375 1242 1 741.04 195.379 47.5514 28.4516 0.815599
000024 375 1242 3 1029.39 210.718 124.864 93.4091 0.858065
000025 375 1242 1 743.418 195.274 48.9805 26.9319 0.838968
000025 375 1242 1 675.009 192.317 40.0148 27.5766 0.817063
000025 375 1242 3 1034.41 209.952 121.088 97.5859 0.900084
000026 375 1242 1 746.044 194.86 46.2415 27.9315 0.837123
000026 375 1242 1 674.516 192.296 39.4802 27.9445 0.815752
000026 375 1242 3 1052.52 208.978 121.198 95.8543 0.897047
000027 375 1242 1 674.594 192.433 39.2169 28.6759 0.819187
000027 375 1242 1 748.034 193.955 43.3723 27.9296 0.813585
000027 375 1242 3 1073.55 208.883 99.4631 86.9531 0.879344
000028 375 1242 1 752.988 193.773 38.3044 28.2022 0.826649
000028 375 1242 1 674.688 192.558 39.5121 28.6672 0.81405
000028 375 1242 3 1091.22 208.271 97.6707 85.7022 0.91915
000029 375 1242 1 755.286 193.61 38.1793 28.0074 0.831849
000029 375 1242 1 674.655 192.994 39.2069 28.075 0.808295
000029 375 1242 3 1110.15 208.017 100.772 84.4117 0.881227
000030 375 1242 1 756.201 193.254 37.046 26.883 0.82432
000030 375 1242 1 674.623 192.649 39.6847 28.1733 0.815844
000030 375 1242 3 1123.56 207.665 99.8008 82.9866 0.900893
000031 375 1242 1 674.704 193.081 38.9062 28.179 0.812249
000031 375 1242 1 758.897 192.854 34.7937 26.4236 0.808309
000031 375 1242 3 1138.2 205.376 98.6702 81.4037 0.935162
000032 375 1242 1 674.408 192.915 38.3285 27.9836 0.811424
000032 375 1242 1 759.539 192.316 36.0826 24.8844 0.79628
000032 375 1242 2 553.619 196.609 14.7399 33.7036 0.607502
000032 375 1242 3 1157.15 206.782 98.3735 83.2392 0.899727
000033 375 1242 1 674.359 193.66 38.0938 27.3705 0.807971
000033 375 1242 1 760.67 193.115 33.5502 23.563 0.791124
000033 375 1242 2 551.107 197.82 14.8234 32.6696 0.616843
000033 375 1242 3 1172.22 207.975 92.3796 95.4898 0.889511
000034 375 1242 1 673.695 193.202 37.85 27.6549 0.804861
000034 375 1242 1 762.305 193.036 31.2379 23.7523 0.800479
000034 375 1242 2 546.635 197.675 16.7115 33.9728 0.665402
000034 375 1242 3 1183.73 199.719 100.198 80.6113 0.828113
000035 375 1242 1 674.294 193.52 37.5353 27.7904 0.804884
000035 375 1242 1 762.929 193.557 29.6722 22.6456 0.777162
000035 375 1242 3 1205.51 208.185 63.6726 80.3664 0.74511
000036 375 1242 1 674.654 193.223 37.7909 27.6977 0.810144
000036 375 1242 1 763.993 193.012 30.5308 22.7183 0.77495
000036 375 1242 3 1201.93 207.954 80.1411 82.2808 0.697015
000037 375 1242 1 674.198 193.581 38.6698 27.6798 0.80716
000037 375 1242 1 765.313 193.413 28.7406 22.2848 0.753553
000037 375 1242 3 1211.96 209.988 60.0795 96.1285 0.770194
000038 375 1242 1 674.281 193.731 38.8087 27.476 0.802912
000038 375 1242 1 765.501 193.58 28.3105 22.1096 0.736196
000038 375 1242 3 1226.76 199.235 30.4789 97.6354 0.638012
000039 375 1242 1 673.523 193.47 37.4611 27.2509 0.799237
000039 375 1242 1 765.32 192.644 27.9314 21.4718 0.721867
000039 375 1242 2 535.824 194.513 14.4573 32.601 0.605604
000040 375 1242 1 673.779 193.525 38.4821 27.4044 0.797592
000040 375 1242 1 765.742 192.249 27.8707 21.4669 0.697539
000040 375 1242 2 529.066 195.249 15.3373 33.8003 0.614132
000041 375 1242 1 673.91 193.296 38.2321 27.5475 0.800865
000041 375 1242 1 768.059 191.215 29.5466 21.9369 0.710198
000042 375 1242 1 673.956 192.997 39.501 27.3177 0.79863
000042 375 1242 1 767.81 191.008 28.7759 21.6921 0.698305
000043 375 1242 1 674.273 193.7 39.2186 27.4351 0.799481
000043 375 1242 1 766.572 191.146 26.285 20.7697 0.637132
000044 375 1242 1 674.277 193.272 39.2896 28.2492 0.811591
000044 375 1242 1 766.244 190.9 25.6825 20.649 0.640386
000045 375 1242 1 674.373 193.144 38.51 27.7691 0.8074
000045 375 1242 1 765.676 191.446 25.5088 20.1801 0.671755
000046 375 1242 1 674.272 192.98 38.3652 27.9843 0.8109
000046 375 1242 1 765.508 191.321 25.641 20.3149 0.672231
000046 375 1242 2 514.818 197.287 13.3907 32.1672 0.609085
000047 375 1242 1 674.844 193.247 38.4031 27.4828 0.811455
000047 375 1242 1 764.638 191.065 25.9618 20.2891 0.668206
000047 375 1242 2 511.36 195.889 15.3685 33.382 0.648452
000048 375 1242 1 674.831 193.647 38.8497 27.0363 0.806284
000048 375 1242 1 763.978 191.14 24.9163 19.7949 0.663686
000049 375 1242 1 674.775 193.547 38.6105 27.1671 0.811694
000049 375 1242 1 763.303 191.44 24.9841 19.2574 0.657352
000050 375 1242 1 674.822 193.837 38.4294 27.0919 0.803648
000050 375 1242 1 760.727 191.182 25.8368 19.2396 0.68185
000051 375 1242 1 674.891 193.509 38.4087 27.6117 0.808921
000051 375 1242 1 762.502 190.852 26.6561 19.4648 0.671843
000052 375 1242 1 675.08 193.653 37.8074 26.7904 0.799977
000052 375 1242 1 761.657 191.544 25.962 18.8199 0.66909
000052 375 1242 2 499.378 196.564 16.6954 32.3068 0.681273
000053 375 1242 1 674.624 193.81 38.2487 27.4747 0.80237
000053 375 1242 1 761.28 192.805 23.068 18.7529 0.687097
000053 375 1242 2 496.749 195.212 15.7144 31.5361 0.674569
000054 375 1242 1 674.145 193.543 38.6306 27.6751 0.809786
000054 375 1242 1 761.734 190.003 24.7505 18.5806 0.612756
000054 375 1242 1 707.767 189.714 24.7004 18.0782 0.607591
000055 375 1242 1 674.085 193.631 36.9927 27.3108 0.805536
000056 375 1242 1 673.574 193.742 37.4338 27.1865 0.801487
000056 375 1242 1 760.909 190.785 23.7932 17.5178 0.612056
000056 375 1242 1 703.604 191.543 24.7396 18.6308 0.601906
000057 375 1242 1 673.468 193.685 38.7941 27.7748 0.803462
000058 375 1242 1 673.841 193.421 37.8234 28.0366 0.805384
000058 375 1242 2 485.27 197.506 15.0735 32.7812 0.610603
000059 375 1242 1 673.635 193.988 37.6943 27.7802 0.798712
000060 375 1242 1 673.763 194.161 38.2235 27.6863 0.793605
000060 375 1242 1 697.441 192.559 28.9111 21.5975 0.609269
000061 375 1242 1 673.318 193.742 38.6707 27.7715 0.802991
000062 375 1242 1 673.163 193.332 38.1095 28.0362 0.805557
000063 375 1242 1 673.193 193.839 39.0565 28.3619 0.805017
000064 375 1242 1 673.138 194.05 38.7264 27.974 0.801672
000065 375 1242 1 673.391 193.846 39.6353 27.7422 0.796656
000066 375 1242 1 673.649 193.855 38.981 28.2196 0.801127
000067 375 1242 1 673.108 193.892 37.7584 27.7817 0.794216
000068 375 1242 1 673.212 193.749 37.5973 27.8444 0.797838
000069 375 1242 1 673.22 193.979 38.8075 28.4044 0.800869
000069 375 1242 1 699.385 190.807 27.453 21.1446 0.622068
000070 375 1242 1 673.322 194.211 37.2036 27.5163 0.791895
000070 375 1242 1 700.453 191.67 28.1306 20.9579 0.636238
000071 375 1242 1 673.197 193.849 37.3748 28.1544 0.799917
000071 375 1242 1 699.657 190.889 27.4762 21.4395 0.616887
000072 375 1242 1 673.287 194.002 37.6639 28.041 0.798288
000072 375 1242 1 698.802 190.917 27.4144 21.3605 0.612196
000073 375 1242 1 673.603 193.663 39.0286 28.5231 0.80278
000073 375 1242 1 698.301 191.05 28.9081 22.4986 0.6421
000074 375 1242 1 673.498 194.063 37.082 27.9263 0.793598
000074 375 1242 1 699.885 192.263 28.0492 22.0779 0.643122
000075 375 1242 1 673.525 194.18 37.2854 28.1147 0.792161
000075 375 1242 1 699.68 192.369 27.7498 22.2639 0.64784
000076 375 1242 1 673.718 193.657 38.6117 28.4713 0.796677
000076 375 1242 1 698.499 191.875 29.3618 23.0681 0.657952
000076 375 1242 2 438.176 194.337 17.6089 33.4802 0.647285
000077 375 1242 1 673.354 193.745 38.6311 28.9361 0.803528
000077 375 1242 1 697.199 191.123 28.7678 22.939 0.624673
