000000 375 1242 1 591.021 192.84 38.2794 36.0662 0.853827
000000 375 1242 1 277.052 187.517 52.3971 27.8783 0.797688
000000 375 1242 1 420.736 182.399 27.9495 16.3004 0.60259
000001 375 1242 1 591.282 191.225 38.2493 35.4962 0.862426
000001 375 1242 1 268.386 185.437 59.7455 29.9088 0.762949
000001 375 1242 1 418.672 180.642 26.3572 15.8209 0.615551
000002 375 1242 1 591.47 191.379 38.1284 35.3777 0.867239
000002 375 1242 1 254.874 186.377 59.8643 30.8945 0.838574
000003 375 1242 1 592.028 191.93 36.5891 37.387 0.864227
000003 375 1242 1 239.702 186.883 61.5327 32.7554 0.858404
000003 375 1242 1 309.38 190.365 47.2039 24.0861 0.608531
000004 375 1242 1 591.746 191.428 39.0658 39.9895 0.874101
000004 375 1242 1 223.284 186.235 68.0699 33.1654 0.832592
000004 375 1242 1 304.772 189.077 47.7773 24.3068 0.643598
000005 375 1242 1 591.797 191.463 39.8947 38.9964 0.868189
000005 375 1242 1 206.836 187.239 72.5976 36.2199 0.857371
000005 375 1242 1 291.89 187.786 49.2351 25.6184 0.710443
000006 375 1242 1 592.073 191.39 39.8528 38.1473 0.868005
000006 375 1242 1 188.987 187.761 79.7036 38.7768 0.843227
000006 375 1242 1 276.583 188.907 49.6374 25.0686 0.675115
000006 375 1242 1 403.254 175.896 30.0469 17.5224 0.661304
000007 375 1242 1 165.0 188.583 84.9181 39.6487 0.904648
000007 375 1242 1 591.899 192.067 40.0139 38.1326 0.867484
000007 375 1242 1 400.831 179.36 30.8406 17.2648 0.686058
000007 375 1242 1 271.95 189.427 54.7567 26.8163 0.683414
000008 375 1242 1 141.304 190.248 92.9198 41.5496 0.89607
000008 375 1242 1 592.488 193.677 41.4615 39.5799 0.869809
000008 375 1242 1 258.056 187.828 52.5377 27.772 0.780061
000008 375 1242 1 397.944 183.429 29.2046 17.3304 0.608149
000009 375 1242 1 113.448 191.614 104.931 45.3103 0.870031
000009 375 1242 1 593.307 196.1 43.5312 37.9348 0.863361
000009 375 1242 1 242.713 187.026 61.9241 29.3939 0.809029
000010 375 1242 1 84.2783 195.972 113.955 48.0967 0.887266
000010 375 1242 1 593.023 197.064 41.205 37.0098 0.864367
000010 375 1242 1 228.213 189.618 63.4432 31.4395 0.852803
000011 375 1242 1 209.906 191.009 63.3761 33.6306 0.883754
000011 375 1242 1 593.629 195.73 43.4861 39.7543 0.876111
000011 375 1242 1 59.4004 197.566 112.247 51.01 0.874351
000012 375 1242 1 191.493 193.11 66.5653 34.8961 0.882404
000012 375 1242 1 39.7578 199.022 79.5157 52.3126 0.877688
000012 375 1242 1 594.252 196.959 44.2161 39.0107 0.872995
000013 375 1242 1 173.161 192.969 77.2025 35.7988 0.883232
000013 375 1242 1 594.767 196.522 42.0117 38.6017 0.878503
000013 375 1242 1 24.4207 197.818 48.8415 54.3942 0.787521
000014 375 1242 1 147.579 193.057 82.3734 37.2729 0.880278
000014 375 1242 1 594.577 196.895 41.2284 37.9666 0.873079
000015 375 1242 1 595.926 196.558 38.6761 37.6684 0.871958
000015 375 1242 1 118.383 193.794 89.0837 40.3783 0.859196
000016 375 1242 1 596.095 195.561 39.7179 39.4475 0.876699
000016 375 1242 1 93.903 193.3 94.3983 41.8881 0.860453
000016 375 1242 1 424.731 178.992 27.2153 16.1761 0.627109
000016 375 1242 1 351.553 188.604 40.832 20.7551 0.601359
000017 375 1242 1 61.2829 195.243 109.554 47.2639 0.890845
000017 375 1242 1 594.936 194.022 41.5236 40.8248 0.889775
000017 375 1242 1 420.269 178.646 27.8083 15.2292 0.603407
000018 375 1242 1 44.991 196.882 88.4514 47.3442 0.909319
000018 375 1242 1 594.976 194.671 41.7772 40.376 0.884964
000019 375 1242 1 594.887 194.146 42.8792 40.1842 0.886619
000019 375 1242 1 24.5918 199.068 49.1837 55.9562 0.778443
000019 375 1242 1 324.932 188.224 42.8708 22.6439 0.63815
000020 375 1242 1 594.777 195.932 43.7948 39.9695 0.881947
000021 375 1242 1 595.147 195.648 44.5906 40.7914 0.875447
000021 375 1242 1 306.461 184.886 46.9366 23.997 0.667958
000021 375 1242 1 405.86 181.758 30.3009 17.2685 0.659086
000022 375 1242 1 594.184 194.294 44.0664 41.1713 0.886251
000022 375 1242 1 293.768 190.199 50.0276 24.8492 0.68916
000022 375 1242 1 403.583 179.791 29.9341 16.4415 0.678159
000023 375 1242 1 593.578 193.22 44.583 43.9756 0.888617
000023 375 1242 1 286.802 188.749 51.3895 26.1119 0.732823
000023 375 1242 1 400.759 177.397 31.8091 18.1431 0.69771
000024 375 1242 1 593.459 193.335 43.015 42.1135 0.887933
000024 375 1242 1 272.084 188.813 52.3312 27.3094 0.755183
000024 375 1242 1 389.565 177.838 30.7931 17.6879 0.671881
000024 375 1242 1 339.514 171.251 36.5967 19.9847 0.64214
000025 375 1242 1 593.466 193.087 43.6302 42.6957 0.885126
000025 375 1242 1 260.334 184.957 59.6856 28.7104 0.709583
000025 375 1242 1 386.269 177.576 31.1951 18.3946 0.697351
000026 375 1242 1 593.253 192.766 45.5739 44.2986 0.880821
000026 375 1242 1 247.403 186.244 61.5444 28.1242 0.789331
000026 375 1242 1 386.806 180.631 31.2874 18.6473 0.712352
000027 375 1242 1 593.641 193.222 46.1825 45.4405 0.878206
000027 375 1242 1 321.351 174.972 39.9235 23.7911 0.79168
000027 375 1242 1 231.697 186.813 63.403 29.7239 0.790431
000027 375 1242 1 374.778 179.878 32.3651 18.8751 0.709442
000028 375 1242 1 594.03 193.917 45.3766 44.8041 0.872817
000028 375 1242 1 215.309 188.032 66.7496 29.7114 0.839317
000028 375 1242 1 309.322 175.615 41.6262 23.8445 0.7565
000028 375 1242 1 372.984 180.655 33.2104 20.1922 0.724102
000029 375 1242 1 593.628 192.968 45.6891 43.7333 0.877972
000029 375 1242 1 198.916 188.845 73.0048 31.7013 0.864043
000029 375 1242 1 308.023 172.995 39.8184 22.9397 0.759388
000029 375 1242 1 372.537 179.647 34.7251 20.1116 0.73414
000030 375 1242 1 593.405 192.634 44.0116 44.8658 0.879173
000030 375 1242 1 181.114 187.731 84.0279 31.5308 0.856686
000030 375 1242 1 304.938 171.839 39.9316 23.7622 0.759952
000030 375 1242 1 373.012 178.726 32.9897 19.162 0.725459
000030 375 1242 1 356.412 176.356 32.3481 18.7065 0.699443
000031 375 1242 1 162.686 187.954 87.0481 33.1514 0.871392
000031 375 1242 1 594.11 192.237 46.3096 46.3875 0.847912
000031 375 1242 1 292.814 170.343 48.3792 25.532 0.749214
000031 375 1242 1 369.909 175.682 32.5463 19.4132 0.709202
000032 375 1242 1 145.418 190.086 84.7549 34.8987 0.896111
000032 375 1242 1 593.52 192.621 44.6348 44.709 0.869379
000032 375 1242 1 291.101 171.884 47.2609 26.6805 0.798668
000032 375 1242 1 354.279 175.952 36.3137 20.6893 0.722457
000033 375 1242 1 126.224 192.761 94.2627 37.5333 0.88151
000033 375 1242 1 593.741 193.76 46.8427 46.2775 0.868206
000033 375 1242 1 287.242 173.971 48.7122 27.6344 0.738204
000033 375 1242 1 340.487 179.088 35.9324 21.4404 0.734974
000034 375 1242 1 100.766 195.392 101.897 38.6176 0.860839
000034 375 1242 1 594.291 194.783 46.521 46.5117 0.859419
000034 375 1242 1 276.224 178.439 48.1782 29.3922 0.806905
000034 375 1242 1 338.537 181.055 40.6981 20.8741 0.706812
000035 375 1242 1 594.346 194.547 46.6356 47.1257 0.845046
000035 375 1242 1 76.9008 198.561 111.113 42.7026 0.84491
000035 375 1242 1 273.733 174.963 50.0695 28.6264 0.82294
000035 375 1242 1 326.244 180.069 39.0118 23.1503 0.755617
000035 375 1242 1 353.205 183.542 37.987 22.3922 0.704041
000036 375 1242 1 594.5 194.51 47.3373 46.2315 0.844289
000036 375 1242 1 54.474 200.92 104.471 44.5455 0.837821
000036 375 1242 1 269.951 176.539 45.8187 30.3765 0.824307
000036 375 1242 1 325.242 181.155 39.5746 22.3993 0.734741
000036 375 1242 1 350.3 184.199 38.7914 21.5968 0.676097
000037 375 1242 1 42.3323 198.646 78.3194 45.9257 0.893544
000037 375 1242 1 591.28 193.543 50.3295 47.0298 0.83928
000037 375 1242 1 257.748 175.457 51.4368 31.7037 0.807213
000037 375 1242 1 311.962 179.6 42.5884 23.4995 0.712996
000037 375 1242 1 339.911 183.22 41.7357 22.4289 0.700152
000038 375 1242 1 245.265 173.837 63.1723 34.2308 0.872756
000038 375 1242 1 591.141 193.649 50.7797 47.0233 0.838752
000038 375 1242 1 26.3391 197.533 52.6781 44.6158 0.784953
000038 375 1242 1 310.669 181.606 49.128 24.3361 0.769566
000039 375 1242 1 238.236 174.993 65.436 35.1663 0.837745
000039 375 1242 1 592.206 194.535 49.5946 47.6555 0.834348
000039 375 1242 1 307.306 185.17 45.8324 23.5147 0.692444
000039 375 1242 1 335.458 184.473 46.6649 23.4238 0.684573
000040 375 1242 1 593.201 194.875 50.6333 47.9845 0.853297
000040 375 1242 1 227.551 176.691 64.4869 36.0244 0.811397
000040 375 1242 1 321.845 185.445 51.0834 23.7201 0.694539
000040 375 1242 1 293.377 186.35 44.4821 23.3231 0.655103
000040 375 1242 1 421.146 174.771 28.6667 17.3647 0.65059
000041 375 1242 1 591.167 194.682 50.3345 48.0529 0.855771
000041 375 1242 1 225.219 177.607 63.0132 36.3618 0.725888
000041 375 1242 1 292.287 187.59 52.3382 24.6715 0.667325
000041 375 1242 1 319.174 185.686 51.2597 24.9169 0.657569
000041 375 1242 1 419.237 175.965 27.3315 17.2773 0.654943
000042 375 1242 1 211.022 177.496 73.1931 38.3442 0.867434
000042 375 1242 1 592.518 194.909 51.3987 48.5621 0.865424
000042 375 1242 1 417.695 177.895 28.1854 17.15 0.658915
000042 375 1242 1 307.438 190.036 50.0627 24.4516 0.640249
000042 375 1242 1 277.219 189.101 47.7722 24.3532 0.611957
000043 375 1242 1 594.998 195.5 51.9828 49.6496 0.866404
000043 375 1242 1 196.576 178.749 73.1465 40.33 0.844816
000043 375 1242 1 290.525 189.712 69.1462 27.995 0.682187
000043 375 1242 1 418.5 177.556 28.2401 17.1255 0.644542
000044 375 1242 1 594.421 194.961 51.3588 50.0335 0.868605
000044 375 1242 1 191.711 178.18 79.6946 42.1419 0.784942
000044 375 1242 1 407.734 180.979 29.0051 16.3269 0.642285
000044 375 1242 1 305.561 188.707 45.1829 23.8848 0.628019
000044 375 1242 1 276.061 185.106 51.0641 22.9368 0.604834
000045 375 1242 1 596.763 195.812 52.1729 49.8041 0.864343
000045 375 1242 1 178.928 180.185 77.5182 43.3009 0.848107
000045 375 1242 1 407.281 180.596 31.9349 17.0728 0.68206
000045 375 1242 1 290.624 188.643 53.3253 26.0541 0.680232
000045 375 1242 1 38.3301 178.672 59.7148 40.6354 0.673592
000046 375 1242 1 597.265 196.391 51.915 51.6174 0.859219
000046 375 1242 1 28.7251 180.52 45.8433 33.5423 0.824966
000046 375 1242 1 288.079 187.608 49.8735 27.9903 0.705003
000046 375 1242 1 244.355 186.165 66.1855 26.998 0.671502
000046 375 1242 1 405.095 183.446 29.8171 17.0829 0.602416
000047 375 1242 1 146.35 180.581 86.9821 42.4785 0.867188
000047 375 1242 1 596.462 197.353 51.58 49.9991 0.863908
000047 375 1242 1 229.327 187.439 66.8761 27.7038 0.79551
000047 375 1242 1 270.814 187.457 63.4189 30.3258 0.793382
000047 375 1242 1 17.8536 182.364 33.7784 33.7629 0.605786
000048 375 1242 1 596.841 197.116 52.1405 51.1547 0.876096
000048 375 1242 1 145.322 184.176 78.3723 43.3724 0.857692
000048 375 1242 1 224.01 190.609 66.2781 27.549 0.835361
000048 375 1242 1 259.925 187.233 64.7375 28.5902 0.781914
000049 375 1242 1 599.999 195.806 53.4327 53.3379 0.867112
000049 375 1242 1 208.989 189.773 68.5225 28.2922 0.816964
000049 375 1242 1 129.256 181.885 86.337 47.8648 0.805127
000049 375 1242 1 243.895 187.864 65.8989 28.6016 0.767023
000050 375 1242 1 600.348 196.16 53.6941 52.4127 0.866243
000050 375 1242 1 111.48 180.949 85.9917 47.0423 0.853934
000050 375 1242 1 194.43 191.461 67.3603 29.4448 0.839619
000050 375 1242 1 245.471 186.957 62.3317 31.0005 0.791881
000051 375 1242 1 600.165 196.664 52.1838 51.9081 0.86894
000051 375 1242 1 179.051 192.063 70.4215 30.805 0.831977
000051 375 1242 1 92.9636 180.992 97.8753 51.3618 0.818893
000051 375 1242 1 238.039 188.418 62.6596 32.6935 0.759058
000051 375 1242 1 391.186 183.945 32.8386 19.0262 0.637715
000052 375 1242 1 67.2242 182.232 105.433 53.3107 0.889327
000052 375 1242 1 600.807 197.885 53.9701 50.7046 0.875156
000052 375 1242 1 164.316 193.872 81.3214 31.6165 0.845822
000052 375 1242 1 226.079 188.173 63.932 33.682 0.779138
000052 375 1242 1 387.835 184.34 31.9522 19.3118 0.643646
000053 375 1242 1 54.2371 182.06 101.682 57.3083 0.873496
000053 375 1242 1 602.446 196.554 55.1086 54.1611 0.869281
000053 375 1242 1 148.258 193.11 85.8117 36.7509 0.842056
000053 375 1242 1 213.452 188.678 66.6364 33.278 0.829295
000053 375 1242 1 385.347 184.322 31.2677 19.224 0.629422
000054 375 1242 1 195.841 190.113 77.4204 35.9593 0.872921
000054 375 1242 1 603.846 197.451 53.4575 53.9055 0.862362
000054 375 1242 1 131.035 195.45 84.9516 34.0175 0.835356
000054 375 1242 1 49.5911 184.764 81.4616 44.7924 0.809074
000054 375 1242 1 375.943 184.309 32.5962 18.8518 0.62439
000055 375 1242 1 191.169 189.646 76.3429 37.0419 0.866338
000055 375 1242 1 113.047 195.29 96.8909 36.3264 0.864352
000055 375 1242 1 603.468 197.283 54.2062 54.4683 0.856414
000055 375 1242 1 38.2716 186.298 71.068 42.8073 0.808542
000055 375 1242 1 374.994 184.737 33.1898 19.371 0.633889
000055 375 1242 1 401.092 181.426 29.7234 18.1416 0.630217
000056 375 1242 1 175.477 190.583 75.5578 36.4061 0.871371
000056 375 1242 1 605.09 197.392 54.3445 53.614 0.862977
000056 375 1242 1 100.095 197.567 90.6391 40.1589 0.859245
000056 375 1242 1 30.6826 187.587 61.3653 37.8512 0.689062
000056 375 1242 1 371.58 184.151 33.0776 18.8768 0.640332
000057 375 1242 1 159.596 191.656 77.1811 38.3273 0.860279
000057 375 1242 1 606.009 196.932 54.0867 53.15 0.858431
000057 375 1242 1 80.1079 197.848 98.2229 40.8928 0.857662
000057 375 1242 1 190.209 186.534 49.5008 28.7447 0.701736
000058 375 1242 1 603.392 196.808 52.6277 55.0132 0.865072
000058 375 1242 1 59.8609 201.367 111.434 43.8542 0.855722
000058 375 1242 1 144.998 192.324 84.9471 37.7625 0.847753
000058 375 1242 1 399.628 181.177 29.8934 17.9073 0.611199
000059 375 1242 1 604.076 197.123 54.2794 55.5316 0.870997
000059 375 1242 1 46.8639 202.469 84.5064 44.774 0.862335
000059 375 1242 1 127.993 193.263 84.1902 39.7131 0.86143
000059 375 1242 1 162.708 187.832 65.2982 29.7747 0.738209
000060 375 1242 1 604.978 196.693 55.7717 55.6186 0.881306
000060 375 1242 1 35.3355 202.708 67.1918 43.7654 0.835409
000060 375 1242 1 100.327 191.008 108.101 44.3057 0.833617
000060 375 1242 1 147.75 186.12 70.221 31.4173 0.806482
000060 375 1242 1 356.056 183.474 34.9598 20.8748 0.689678
000060 375 1242 1 385.987 179.985 30.4154 18.8642 0.677295
000061 375 1242 1 605.25 196.139 56.3459 56.1335 0.882613
000061 375 1242 1 81.9461 193.033 109.608 45.7445 0.846963
000061 375 1242 1 131.127 184.105 76.1148 32.9856 0.793343
000061 375 1242 1 353.195 181.951 35.937 21.024 0.701102
000061 375 1242 1 384.257 178.123 29.3956 18.9526 0.676849
000061 375 1242 1 17.4558 199.613 34.9117 45.463 0.613624
000062 375 1242 1 62.5184 192.11 113.603 47.5841 0.893959
000062 375 1242 1 604.852 196.125 54.5765 55.9559 0.873414
000062 375 1242 1 127.047 185.164 72.0016 35.71 0.82321
000062 375 1242 1 343.301 182.035 34.457 21.5035 0.713735
000062 375 1242 1 371.388 178.4 32.9192 19.4464 0.658029
000063 375 1242 1 52.3096 193.934 104.339 49.1848 0.880859
000063 375 1242 1 606.409 197.424 56.603 54.2464 0.876499
000063 375 1242 1 111.176 184.789 74.7587 34.7568 0.81518
000063 375 1242 1 341.206 183.31 37.4671 22.1586 0.721263
000063 375 1242 1 370.329 179.217 34.5711 20.6566 0.677686
000064 375 1242 1 43.7396 197.275 82.3846 49.4457 0.885661
000064 375 1242 1 606.781 196.943 55.7485 55.553 0.884356
000064 375 1242 1 95.6692 186.499 74.5706 33.9341 0.797599
000064 375 1242 1 369.979 181.682 33.8251 19.593 0.663304
000064 375 1242 1 338.848 185.778 39.7391 21.058 0.636604
000065 375 1242 1 32.9205 197.237 65.8411 49.5459 0.8935
000065 375 1242 1 608.008 197.763 56.5703 54.1836 0.889666
000065 375 1242 1 79.92 186.267 76.5062 34.2678 0.722669
000065 375 1242 1 371.202 182.25 33.5933 19.7385 0.650625
000065 375 1242 1 328.885 185.981 39.7313 21.7838 0.6218
000066 375 1242 1 606.787 198.623 54.8248 55.0892 0.885913
000066 375 1242 1 50.4492 191.262 80.7927 47.0738 0.74959
000066 375 1242 1 327.19 187.021 42.5051 22.0019 0.615654
000067 375 1242 1 608.039 198.514 56.1912 54.8958 0.886445
000067 375 1242 1 37.5113 189.784 75.0225 41.1517 0.80261
000068 375 1242 1 608.808 197.941 55.3998 55.7133 0.87149
000068 375 1242 1 47.4027 189.671 71.5114 41.169 0.834213
000068 375 1242 1 352.132 184.965 39.5397 19.5488 0.616157
000069 375 1242 1 35.5423 186.911 63.653 41.3022 0.882346
000069 375 1242 1 609.151 198.174 54.5382 57.2638 0.873468
000069 375 1242 1 310.802 188.236 42.1447 23.3934 0.641412
000070 375 1242 1 610.017 198.533 56.8195 56.7948 0.890918
000070 375 1242 1 27.4293 183.012 42.8059 40.8806 0.782262
000070 375 1242 1 307.702 188.738 47.6926 24.3181 0.668016
000070 375 1242 1 368.164 182.719 29.9644 18.26 0.622883
000070 375 1242 1 338.043 185.642 39.5155 21.6472 0.618662
000071 375 1242 1 610.531 198.469 56.6871 57.0541 0.89209
000071 375 1242 1 364.816 181.198 31.437 19.2164 0.693975
000071 375 1242 1 336.03 184.41 39.4503 21.5789 0.66928
000071 375 1242 1 303.642 189.008 48.0427 24.7175 0.662521
000072 375 1242 1 611.664 198.281 55.7114 57.2285 0.875408
000072 375 1242 1 294.812 188.729 48.4064 25.3905 0.680771
000072 375 1242 1 365.08 180.895 30.6328 19.6095 0.666706
000072 375 1242 1 336.78 184.895 38.32 22.7834 0.65661
000073 375 1242 1 611.827 198.243 58.3806 58.0577 0.896146
000073 375 1242 1 290.306 189.35 51.0983 25.4213 0.668178
000073 375 1242 1 324.224 186.866 40.579 22.4372 0.621573
000074 375 1242 1 611.482 197.823 59.4342 59.0356 0.896309
000074 375 1242 1 279.84 189.685 52.1533 25.9685 0.664441
000074 375 1242 1 320.56 186.415 39.2114 21.775 0.629603
000075 375 1242 1 613.182 197.84 57.2844 59.1055 0.884876
000075 375 1242 1 348.544 184.081 31.6489 19.4564 0.668659
000075 375 1242 1 274.602 189.974 48.677 25.8433 0.66539
000075 375 1242 1 309.999 186.58 41.9249 22.6945 0.655499
000076 375 1242 1 612.592 198.107 57.1238 57.5404 0.879315
000076 375 1242 1 271.79 189.046 52.6399 27.5654 0.74241
000076 375 1242 1 308.503 185.836 46.3364 23.151 0.691739
000077 375 1242 1 613.23 197.97 59.032 57.5189 0.891671
000077 375 1242 1 262.263 188.95 55.3698 27.7021 0.732858
000077 375 1242 1 307.543 186.182 45.0955 23.2691 0.690634
000078 375 1242 1 612.807 198.003 59.8413 57.966 0.89835
000078 375 1242 1 257.603 190.498 59.9599 29.1234 0.713732
000078 375 1242 1 295.608 186.412 46.6555 24.6344 0.698733
000078 375 1242 1 336.731 186.635 36.38 20.133 0.605505
000079 375 1242 1 612.326 198.385 58.8719 56.9922 0.896143
000079 375 1242 1 255.692 186.582 54.2128 28.3204 0.762597
000079 375 1242 1 293.512 187.934 47.1829 26.7603 0.72551
000079 375 1242 1 335.246 186.167 38.7381 21.7686 0.65776
000080 375 1242 1 612.549 198.483 59.3835 55.9615 0.896961
000080 375 1242 1 245.037 185.882 62.0997 29.2987 0.81156
000080 375 1242 1 291.114 187.775 47.7025 27.3629 0.753937
000080 375 1242 1 325.687 186.534 40.5605 23.806 0.676001
000081 375 1242 1 612.612 198.26 59.6609 57.0263 0.899575
000081 375 1242 1 237.976 186.409 62.9456 30.8714 0.851715
000081 375 1242 1 278.405 187.777 50.5007 27.7473 0.75905
000081 375 1242 1 322.635 186.565 42.3024 23.1392 0.669829
000082 375 1242 1 612.087 198.244 58.756 57.0527 0.894809
000082 375 1242 1 227.112 186.298 65.2471 29.978 0.840179
000082 375 1242 1 278.46 188.33 52.5255 27.2383 0.744688
000082 375 1242 1 320.616 186.878 47.0715 21.8695 0.652627
000083 375 1242 1 611.932 197.814 57.7914 57.0371 0.890359
000083 375 1242 1 221.494 186.913 75.4094 31.8857 0.808993
000083 375 1242 1 275.692 188.481 50.862 28.1136 0.744843
000083 375 1242 1 308.252 186.737 44.5721 24.1579 0.672675
000084 375 1242 1 611.679 197.497 57.1666 57.4094 0.881206
000084 375 1242 1 207.689 187.174 76.9107 32.433 0.814803
000084 375 1242 1 263.511 187.248 53.5301 29.4638 0.756107
000084 375 1242 1 306.494 184.98 44.6005 25.3408 0.727031
000085 375 1242 1 611.903 197.916 57.3864 56.7168 0.878532
000085 375 1242 1 196.45 187.026 78.2781 34.0003 0.817695
000085 375 1242 1 260.641 186.986 52.3787 30.3108 0.790413
000085 375 1242 1 306.506 184.043 43.7301 23.97 0.729017
000086 375 1242 1 612.145 197.817 56.8348 56.5068 0.874294
000086 375 1242 1 189.191 188.847 84.1878 38.1679 0.866115
000086 375 1242 1 248.909 187.988 60.0022 31.6244 0.745579
000086 375 1242 1 292.694 186.294 46.3192 23.1672 0.654875
000087 375 1242 1 174.643 188.889 85.8364 38.2414 0.884902
000087 375 1242 1 611.344 196.789 56.1859 56.9152 0.879486
000087 375 1242 1 241.762 186.896 51.3783 31.4964 0.763359
000087 375 1242 1 292.651 184.775 47.2362 24.8884 0.73666
000088 375 1242 1 162.609 189.401 89.0858 39.2764 0.907232
000088 375 1242 1 611.761 197.022 54.7787 57.214 0.872483
000088 375 1242 1 240.951 189.179 61.0411 32.2653 0.770447
000088 375 1242 1 290.413 186.908 47.475 24.7726 0.708578
000088 375 1242 1 371.068 179.397 31.7158 19.097 0.651
000089 375 1242 1 147.874 190.412 87.6071 39.8313 0.901349
000089 375 1242 1 610.455 196.922 54.77 57.6394 0.873984
000089 375 1242 1 229.153 188.313 66.8633 33.1184 0.811157
000089 375 1242 1 276.821 185.608 53.8525 26.7806 0.747608
000089 375 1242 1 336.167 178.723 36.9628 17.0099 0.639519
000090 375 1242 1 133.579 191.036 89.0134 39.9184 0.892883
000090 375 1242 1 610.818 196.921 58.176 56.7744 0.882221
000090 375 1242 1 221.588 188.182 69.4189 33.7258 0.806469
000090 375 1242 1 276.269 186.1 53.5315 27.1082 0.766788
000090 375 1242 1 323.124 174.361 46.6151 18.5184 0.653286
000091 375 1242 1 611.31 197.268 58.3702 57.3248 0.895127
000091 375 1242 1 211.292 187.383 72.6371 36.2807 0.863226
000091 375 1242 1 116.509 190.72 94.6445 39.9014 0.860631
000091 375 1242 1 272.632 186.456 54.0972 26.2839 0.733161
000091 375 1242 1 323.053 175.466 39.0271 18.9285 0.693661
000092 375 1242 1 609.484 197.497 58.8735 56.6113 0.896146
000092 375 1242 1 111.201 192.071 96.0613 41.1236 0.855965
000092 375 1242 1 199.955 187.362 76.7962 36.4915 0.826587
000092 375 1242 1 260.908 186.177 54.1305 28.0414 0.763167
000092 375 1242 1 322.01 174.686 40.6656 19.3185 0.684866
000093 375 1242 1 608.418 198.113 59.4653 56.7574 0.901344
000093 375 1242 1 189.855 187.998 78.2824 36.3662 0.851936
000093 375 1242 1 84.859 194.575 100.08 41.5781 0.825403
000093 375 1242 1 259.271 186.249 53.7157 27.7747 0.743341
000093 375 1242 1 322.71 175.843 38.3855 20.0911 0.713821
000094 375 1242 1 607.206 198.163 57.8472 58.2532 0.895783
000094 375 1242 1 180.633 187.713 85.0665 38.3363 0.875078
000094 375 1242 1 70.9307 194.843 108.563 43.666 0.858958
000094 375 1242 1 248.059 188.015 60.6062 30.7514 0.737033
000094 375 1242 1 311.649 176.241 35.6439 18.9286 0.703836
000095 375 1242 1 607.074 197.899 60.0172 59.7674 0.902928
000095 375 1242 1 60.4734 195.358 112.176 44.7326 0.88978
000095 375 1242 1 167.127 188.08 91.0661 39.5398 0.872862
000095 375 1242 1 242.332 186.677 62.3164 32.1375 0.802206
000095 375 1242 1 308.058 174.321 40.7681 21.0897 0.751402
000096 375 1242 1 607.256 198.384 60.1854 58.8033 0.897346
000096 375 1242 1 157.682 188.724 90.1609 40.3415 0.894739
000096 375 1242 1 51.7599 197.285 100.63 48.4091 0.86642
000096 375 1242 1 302.035 174.996 40.7402 25.0162 0.793345
000096 375 1242 1 237.433 187.964 61.4744 32.1588 0.768733
000097 375 1242 1 606.816 199.454 61.0471 60.3322 0.903835
000097 375 1242 1 46.0013 197.637 78.4122 49.3371 0.896892
000097 375 1242 1 144.262 189.237 94.3232 40.8508 0.892679
000097 375 1242 1 225.997 188.489 64.0075 31.6434 0.785793
000097 375 1242 1 293.259 173.807 42.0471 24.4828 0.76389
000098 375 1242 1 606.616 199.272 60.231 61.3177 0.901208
000098 375 1242 1 36.0646 198.37 67.8286 50.9632 0.880565
000098 375 1242 1 131.401 190.335 96.9972 42.1943 0.874031
000098 375 1242 1 221.592 186.813 62.2094 34.2783 0.808163
000098 375 1242 1 290.848 176.717 39.9749 24.3351 0.778545
000099 375 1242 1 605.862 198.612 62.3097 57.8973 0.882395
000099 375 1242 1 117.192 189.683 104.044 45.149 0.879177
000099 375 1242 1 208.582 187.106 64.4767 33.5618 0.82286
000099 375 1242 1 288.57 178.562 39.0473 24.3348 0.766374
000100 375 1242 1 605.51 199.077 62.7073 60.7231 0.87185
000100 375 1242 1 102.329 191.135 107.196 44.8051 0.858274
000100 375 1242 1 195.584 187.272 69.2108 35.4829 0.857998
000100 375 1242 1 15.7099 196.546 31.4198 83.3697 0.753018
000101 375 1242 1 604.817 198.743 61.3682 61.6442 0.887226
000101 375 1242 1 86.6698 193.589 112.617 46.2817 0.865518
000101 375 1242 1 190.027 188.596 72.4716 34.8197 0.851894
000101 375 1242 1 274.413 182.541 40.3501 22.6311 0.694723
000101 375 1242 1 223.386 184.181 49.7826 24.3104 0.626035
000102 375 1242 1 177.739 189.882 78.8136 36.1836 0.884946
000102 375 1242 1 604.803 200.205 63.3118 63.063 0.869716
000102 375 1242 1 76.0816 195.954 114.363 48.1675 0.867153
000102 375 1242 1 210.998 186.067 52.3982 24.2704 0.656223
000102 375 1242 1 341.221 183.44 36.3517 21.4195 0.639143
000103 375 1242 1 62.846 197.691 115.38 49.1168 0.8997
000103 375 1242 1 601.343 201.382 63.6925 60.3235 0.85715
000103 375 1242 1 166.958 193.01 78.6743 34.6347 0.854441
000103 375 1242 1 258.697 183.049 44.6252 27.446 0.636972
000104 375 1242 1 53.0136 199.523 105.337 50.3916 0.865974
000104 375 1242 1 159.471 194.112 81.5049 34.2036 0.858615
000104 375 1242 1 600.451 207.375 65.2333 59.3664 0.849253
000105 375 1242 1 45.0033 198.296 90.0066 48.6987 0.893706
000105 375 1242 1 600.085 201.311 64.2574 61.7618 0.881037
000105 375 1242 1 145.392 195.713 85.4986 34.2484 0.873836
000105 375 1242 1 257.103 182.913 43.2533 24.854 0.647454
000106 375 1242 1 38.4057 199.035 76.8114 51.5821 0.903031
000106 375 1242 1 132.443 192.723 90.4583 38.9919 0.891076
000106 375 1242 1 598.982 207.2 62.7982 59.4726 0.865319
000107 375 1242 1 125.463 191.685 90.045 38.6933 0.869965
000107 375 1242 1 599.276 201.338 64.3816 61.3287 0.852813
000107 375 1242 1 31.6647 198.561 61.2808 48.8056 0.84441
000107 375 1242 1 243.273 180.301 40.5333 26.4146 0.747943
000107 375 1242 1 210.178 184.224 50.1208 27.2125 0.6953
000108 375 1242 1 110.96 192.557 94.0194 39.7132 0.885892
000108 375 1242 1 598.572 207.211 64.3606 60.3247 0.857933
000108 375 1242 1 241.885 176.357 41.6636 32.561 0.81851
000108 375 1242 1 18.5601 198.04 37.1203 71.5288 0.729945
000108 375 1242 1 197.142 181.179 60.667 35.4491 0.720589
000108 375 1242 1 292.681 181.938 37.0231 22.6219 0.648129
000108 375 1242 1 406.639 177.327 29.5396 15.9959 0.618742
000109 375 1242 1 594.972 207.371 64.8162 61.1809 0.879186
000109 375 1242 1 94.7086 194.522 93.849 40.196 0.872542
000109 375 1242 1 130.301 185.929 76.1665 29.9512 0.784632
000109 375 1242 1 239.407 177.069 43.648 28.2746 0.758787
000109 375 1242 1 403.869 178.501 29.6812 16.7203 0.647253
000110 375 1242 1 594.986 201.734 62.1906 61.8659 0.877111
000110 375 1242 1 78.5804 194.402 97.8724 41.3333 0.860785
000110 375 1242 1 125.746 183.45 72.2568 28.7368 0.777819
000110 375 1242 1 225.541 178.706 46.8983 27.9135 0.759483
000110 375 1242 1 399.483 180.688 30.8441 16.8995 0.655291
000110 375 1242 1 182.058 182.081 67.6277 31.2449 0.65456
000111 375 1242 1 592.297 201.79 62.2421 59.7018 0.883883
000111 375 1242 1 62.3268 193.074 106.756 44.6996 0.869347
000111 375 1242 1 110.595 182.373 75.0126 33.686 0.810451
000111 375 1242 1 212.231 179.614 46.5784 27.4641 0.74108
000111 375 1242 1 393.945 178.749 28.188 15.792 0.622882
000112 375 1242 1 50.2133 195.585 90.1859 44.9156 0.891105
000112 375 1242 1 591.972 201.009 63.615 62.578 0.881514
000112 375 1242 1 96.1708 182.602 83.2315 38.947 0.821937
000112 375 1242 1 209.28 177.886 48.29 28.2069 0.778001
000112 375 1242 1 390.627 177.727 29.0553 16.2689 0.631707
000113 375 1242 1 590.912 201.029 62.3038 61.8038 0.88959
000113 375 1242 1 46.4919 195.3 85.907 48.4503 0.877898
000113 375 1242 1 197.843 180.373 48.4099 30.294 0.776869
000113 375 1242 1 111.642 185.845 122.002 43.2682 0.726529
000113 375 1242 1 388.627 177.081 34.0624 17.0111 0.666132
000114 375 1242 1 589.66 201.62 62.2281 60.5966 0.852946
000114 375 1242 1 27.4919 194.518 54.9838 55.1768 0.834895
000114 375 1242 1 194.103 181.353 47.4267 29.0197 0.773067
000115 375 1242 1 588.705 201.408 64.2203 61.1316 0.852279
000115 375 1242 1 64.0649 184.009 85.4138 43.7055 0.788777
000115 375 1242 1 31.3062 195.191 57.2095 53.8538 0.76081
000115 375 1242 1 181.107 182.374 45.3022 27.9135 0.754173
000115 375 1242 1 384.752 180.174 32.4466 15.6768 0.619536
000116 375 1242 1 585.397 207.69 64.0771 60.1384 0.861055
000116 375 1242 1 50.2898 182.79 93.9429 41.5754 0.80036
000116 375 1242 1 178.486 180.66 61.2587 33.5072 0.745936
000116 375 1242 1 386.293 179.258 35.088 16.7485 0.654148
000117 375 1242 1 584.843 201.404 63.5155 61.7498 0.867084
000117 375 1242 1 35.8865 183.54 71.773 36.2114 0.802551
000117 375 1242 1 165.831 183.363 49.6279 28.7837 0.743303
000118 375 1242 1 583.181 207.576 63.5842 61.8911 0.872892
000118 375 1242 1 161.78 183.002 50.5059 29.3163 0.734515
000118 375 1242 1 29.3321 182.345 38.2343 34.503 0.689315
000119 375 1242 1 582.376 207.508 63.5148 62.1608 0.860738
000119 375 1242 1 149.659 184.247 50.7223 28.6948 0.712848
000119 375 1242 3 770.173 193.633 13.4979 26.1276 0.600406
000120 375 1242 1 581.398 207.283 64.1907 59.6901 0.8628
000120 375 1242 1 146.484 183.801 50.1919 28.6105 0.711471
000120 375 1242 3 772.53 194.777 14.1144 27.8972 0.636975
000121 375 1242 1 582.134 201.477 64.538 60.3506 0.865757
000121 375 1242 1 142.97 182.385 49.9886 29.2506 0.727339
000122 375 1242 1 583.974 200.79 63.7062 61.1741 0.881664
000122 375 1242 1 133.689 185.475 51.0245 27.9254 0.72575
000123 375 1242 1 584.558 200.859 64.0779 58.9486 0.880865
000123 375 1242 1 127.483 184.834 64.6058 33.3118 0.684827
000124 375 1242 1 586.189 207.525 64.8837 59.9057 0.841185
000124 375 1242 1 747.263 180.012 39.1292 29.0561 0.727116
000124 375 1242 1 126.393 186.257 48.8207 29.5101 0.697381
000125 375 1242 1 587.432 207.594 65.7169 59.8282 0.858685
000125 375 1242 1 368.743 182.093 28.151 17.8646 0.645946
000125 375 1242 1 115.865 188.658 51.1477 25.7745 0.639022
000126 375 1242 1 587.996 207.791 65.5353 60.239 0.869409
000126 375 1242 1 754.874 182.312 39.2749 26.8812 0.663234
000127 375 1242 1 589.602 207.865 66.054 60.5747 0.844324
000127 375 1242 1 104.108 187.638 60.043 31.6125 0.608596
000128 375 1242 1 589.361 208.111 61.351 60.5243 0.883102
000128 375 1242 1 93.9871 188.695 65.3312 31.0451 0.681131
000129 375 1242 1 588.552 207.974 62.595 61.3415 0.871332
000129 375 1242 1 84.7115 194.167 46.1548 21.6111 0.723725
000129 375 1242 1 760.603 184.494 44.204 25.48 0.670823
000130 375 1242 1 589.282 208.54 63.3672 62.2289 0.871808
000131 375 1242 1 589.301 207.991 63.2936 61.9631 0.882148
000131 375 1242 1 63.6956 189.854 66.2498 31.0119 0.768613
000132 375 1242 1 589.143 208.338 61.6442 62.3768 0.879899
000133 375 1242 1 589.235 208.027 62.9054 61.6363 0.870656
000134 375 1242 1 588.871 208.585 65.8818 61.2991 0.867437
000135 375 1242 1 589.003 208.659 65.7012 60.9549 0.859698
000135 375 1242 1 29.7526 192.199 41.9627 26.0836 0.658086
000135 375 1242 3 783.815 191.989 21.6057 37.8926 0.660265
000136 375 1242 1 588.242 208.761 66.3931 60.7085 0.880246
000136 375 1242 3 786.636 193.451 24.5524 36.8967 0.677314
000137 375 1242 1 587.627 209.372 65.7916 60.3052 0.858302
000138 375 1242 1 586.781 209.836 67.6812 59.2096 0.845581
000139 375 1242 1 586.2 208.11 65.5769 61.4091 0.886092
000140 375 1242 1 585.564 208.043 65.5326 61.3975 0.893116
000140 375 1242 3 785.98 191.176 19.8098 42.5834 0.673904
000141 375 1242 1 584.832 208.64 65.3531 62.2462 0.892424
000141 375 1242 3 794.124 192.465 20.64 40.6626 0.722327
000142 375 1242 1 583.392 208.715 66.3959 61.628 0.886839
000142 375 1242 3 787.239 191.594 19.701 35.0826 0.711312
000143 375 1242 1 582.71 208.773 65.6172 63.4945 0.878024
000143 375 1242 3 793.044 194.215 20.8713 37.0263 0.763099
000144 375 1242 1 581.517 208.954 66.5444 63.5826 0.87593
000144 375 1242 3 790.893 194.054 20.6013 35.4557 0.754009
000145 375 1242 1 580.27 208.37 65.2811 63.2504 0.879854
000145 375 1242 3 797.439 193.274 22.0249 35.4744 0.708271
000146 375 1242 1 579.824 208.092 64.667 62.1104 0.889061
000146 375 1242 3 795.955 193.965 19.1635 35.639 0.69427
000147 375 1242 1 579.259 207.809 64.1094 60.1016 0.888074
000147 375 1242 3 798.058 192.617 18.7012 33.8375 0.627406
000148 375 1242 1 578.607 208.133 64.5153 61.348 0.886845
000148 375 1242 3 797.326 193.205 18.0607 34.2411 0.660537
000149 375 1242 1 578.852 208.405 66.2231 59.7469 0.888494
000149 375 1242 3 800.671 195.655 26.317 38.0447 0.810254
000150 375 1242 1 578.147 208.004 65.7117 58.0139 0.894922
000150 375 1242 3 800.394 195.867 21.8101 35.7681 0.771942
000151 375 1242 1 577.649 207.886 63.5143 56.8682 0.892113
000151 375 1242 3 810.006 197.749 19.1661 34.3737 0.692995
000152 375 1242 1 578.306 207.532 63.4515 57.8864 0.896198
000152 375 1242 3 866.199 195.542 39.2593 36.3239 0.610238
000153 375 1242 1 577.875 207.531 61.2184 57.808 0.891107
000153 375 1242 1 291.337 186.05 38.5493 21.2746 0.601666
000154 375 1242 1 578.578 207.813 59.108 58.3069 0.889491
000154 375 1242 1 885.869 197.127 66.2886 25.2478 0.768255
000154 375 1242 1 290.781 185.863 45.2739 23.9553 0.688998
000154 375 1242 3 815.568 198.092 19.8342 32.8856 0.714164
000155 375 1242 1 579.781 207.519 61.8151 59.1863 0.892199
000155 375 1242 1 889.507 196.052 52.2269 23.0934 0.780202
000155 375 1242 1 288.447 186.349 45.2247 23.1808 0.680322
000155 375 1242 3 822.151 200.401 21.2417 34.159 0.713389
000156 375 1242 1 580.203 207.937 60.9238 58.8105 0.877902
000156 375 1242 1 900.553 198.589 65.7987 26.4263 0.765737
000156 375 1242 1 287.863 187.05 41.7429 21.8273 0.623422
000156 375 1242 3 824.738 198.541 19.5284 35.658 0.643766
000157 375 1242 1 580.489 208.455 61.5793 60.0347 0.874092
000157 375 1242 1 904.554 201.458 54.2706 20.9527 0.687119
000157 375 1242 1 279.054 187.306 42.9616 23.056 0.656749
000157 375 1242 3 840.293 198.047 19.5168 38.7358 0.692408
000158 375 1242 1 581.52 207.239 57.7777 57.7672 0.870872
000158 375 1242 1 274.965 187.736 47.9368 22.5879 0.682963
000158 375 1242 1 918.614 200.922 51.8805 21.4525 0.666034
000158 375 1242 3 833.064 198.455 21.3163 40.1962 0.727703
000159 375 1242 1 583.01 207.278 59.1082 56.1531 0.865263
000159 375 1242 1 275.847 187.655 52.6878 24.3359 0.686905
000159 375 1242 1 918.368 204.999 68.1306 23.616 0.601003
000159 375 1242 3 836.645 197.632 22.13 43.694 0.73011
000159 375 1242 3 857.151 197.773 20.0994 44.5571 0.717136
000160 375 1242 1 584.393 207.428 59.4386 56.4002 0.879523
000160 375 1242 1 273.035 187.751 54.0179 23.8827 0.718935
000160 375 1242 3 837.384 198.652 20.843 40.1632 0.744961
000160 375 1242 3 852.333 199.854 21.0515 42.8379 0.693194
000161 375 1242 1 586.199 206.991 58.9413 56.8747 0.864245
000161 375 1242 1 271.745 186.538 62.5163 26.0694 0.76562
000161 375 1242 1 309.665 186.997 53.4196 24.8553 0.662507
000161 375 1242 1 923.341 201.783 75.8823 28.4318 0.616929
000161 375 1242 3 843.822 199.602 24.6566 42.2748 0.78337
000161 375 1242 3 869.561 201.169 22.9574 41.1038 0.629282
000162 375 1242 1 585.166 207.513 57.6068 56.5855 0.865885
000162 375 1242 1 270.071 187.657 64.4977 27.2678 0.75661
000162 375 1242 1 936.411 200.839 75.2738 26.8752 0.643614
000162 375 1242 1 307.88 185.483 49.8271 23.4513 0.620352
000162 375 1242 3 845.842 200.56 25.6023 41.6182 0.770496
000162 375 1242 3 885.825 202.751 26.7891 35.4109 0.67582
000162 375 1242 3 872.602 201.218 22.856 36.8647 0.6021
000163 375 1242 1 585.727 207.732 57.5292 56.74 0.864243
000163 375 1242 1 258.413 190.974 54.5579 25.6569 0.794603
000163 375 1242 1 936.357 203.559 90.9103 29.416 0.749282
000163 375 1242 3 848.847 200.21 23.8353 40.4216 0.774352
000164 375 1242 1 586.528 207.913 58.5896 57.1807 0.868042
000164 375 1242 1 257.139 192.825 54.4136 26.5327 0.788875
000164 375 1242 1 951.492 204.31 75.0209 27.8531 0.732489
000164 375 1242 3 849.291 199.86 22.9214 41.6512 0.785717
000165 375 1242 1 587.133 208.425 57.3313 56.6576 0.86518
000165 375 1242 1 953.236 206.699 79.4058 28.1573 0.77328
000165 375 1242 1 243.689 194.937 53.7071 25.6668 0.76579
000165 375 1242 3 859.75 201.175 22.5858 45.2979 0.718547
000166 375 1242 1 587.188 208.678 58.1266 57.2117 0.863145
000166 375 1242 1 967.948 206.899 81.9285 28.9928 0.801188
000166 375 1242 3 863.254 201.047 22.0908 37.5338 0.724028
000167 375 1242 1 588.635 208.586 59.0142 56.6066 0.854442
000167 375 1242 1 970.323 207.854 78.9331 29.024 0.814288
000167 375 1242 3 865.948 201.433 28.1599 42.4201 0.790261
000168 375 1242 1 588.115 208.882 58.9552 55.1812 0.857414
000168 375 1242 1 985.615 209.831 87.8069 27.9199 0.81185
000168 375 1242 1 1067.97 205.864 63.4517 28.2662 0.721472
000168 375 1242 3 868.386 204.206 31.0009 39.0653 0.798266
000168 375 1242 3 882.726 200.944 23.8734 39.7082 0.636113
000169 375 1242 1 587.774 208.283 55.8866 55.3822 0.865195
000169 375 1242 1 1080.05 208.787 74.8701 32.5587 0.842263
000169 375 1242 1 987.2 210.898 82.1635 29.864 0.815312
000169 375 1242 3 870.901 205.89 27.009 39.1617 0.781383
000169 375 1242 3 886.34 202.352 26.3171 44.4296 0.748907
000170 375 1242 1 588.582 208.144 56.766 53.8135 0.873725
000170 375 1242 1 211.985 197.554 67.2029 33.0429 0.825333
000170 375 1242 1 1086.65 209.181 71.8059 28.6582 0.75556
000170 375 1242 1 305.942 193.126 48.3619 24.5146 0.752974
000170 375 1242 1 1016.67 211.463 79.0459 29.2412 0.752738
000170 375 1242 1 272.021 190.146 52.8848 24.3357 0.73786
000170 375 1242 1 547.509 188.362 27.3439 19.5178 0.609995
000170 375 1242 3 873.733 206.069 31.2878 40.6839 0.81014
000171 375 1242 1 588.964 208.302 58.8323 54.1504 0.86146
000171 375 1242 1 261.645 194.502 51.2029 27.5666 0.769666
000171 375 1242 1 304.74 193.402 48.6769 24.1905 0.73404
000171 375 1242 1 1034.22 210.678 72.2241 28.9202 0.698112
000171 375 1242 1 191.463 196.261 49.2075 27.3121 0.682839
000171 375 1242 1 547.542 188.559 25.8505 20.0306 0.646193
000171 375 1242 3 877.26 202.568 29.1028 40.4821 0.736444
000172 375 1242 1 591.957 202.486 60.0054 52.1776 0.865585
000172 375 1242 1 1035.66 212.881 85.3591 31.577 0.823751
000172 375 1242 1 197.428 198.659 68.8958 31.5706 0.796771
000172 375 1242 1 304.078 191.812 46.4946 25.9619 0.752446
000172 375 1242 1 259.259 191.59 64.7587 28.7579 0.743884
000172 375 1242 1 545.887 187.809 26.4292 20.7262 0.659467
000172 375 1242 3 882.973 206.57 32.5115 40.3313 0.804633
000173 375 1242 1 593.154 202.335 58.0465 52.6158 0.872186
000173 375 1242 1 1050.7 213.898 80.9026 29.8734 0.841607
000173 375 1242 1 191.839 197.968 79.5558 34.1166 0.830026
000173 375 1242 1 1132.92 214.166 92.3235 33.0838 0.804471
000173 375 1242 1 243.531 191.714 71.1559 29.4466 0.761212
000173 375 1242 1 291.951 191.319 46.1293 24.9382 0.740567
000173 375 1242 1 540.592 190.572 28.9288 21.3885 0.708872
000173 375 1242 3 891.397 207.821 32.0405 41.0016 0.832004
000174 375 1242 1 592.652 206.917 57.8589 52.5437 0.863835
000174 375 1242 1 1066.82 215.284 88.3372 33.7268 0.844161
000174 375 1242 1 178.039 197.956 83.1318 31.7697 0.831505
000174 375 1242 1 248.085 190.779 63.1817 28.6328 0.805013
000174 375 1242 1 1148.98 217.297 94.7781 33.8576 0.792995
000174 375 1242 1 289.798 194.016 45.3478 26.9884 0.78545
000174 375 1242 1 539.55 192.901 29.562 22.3736 0.759785
000174 375 1242 3 899.176 209.75 29.8037 42.8861 0.82746
000175 375 1242 1 595.073 202.149 55.9989 51.7349 0.879377
000175 375 1242 1 244.702 192.636 64.3861 32.1873 0.874446
000175 375 1242 1 164.528 196.776 84.167 33.3735 0.823278
000175 375 1242 1 1080.92 217.767 89.6179 32.3452 0.797229
000175 375 1242 1 1164.69 219.319 87.2246 33.2121 0.77804
000175 375 1242 1 535.257 192.761 32.2268 23.0203 0.770747
000175 375 1242 1 327.987 191.491 37.8659 22.6893 0.749443
000175 375 1242 3 903.003 209.197 30.1715 46.1559 0.818178
000175 375 1242 3 917.673 208.93 25.4039 42.6021 0.71823
000175 375 1242 3 931.317 209.201 26.6627 39.5694 0.643147
000176 375 1242 1 595.726 202.233 55.0715 53.0294 0.860891
000176 375 1242 1 239.886 194.481 74.422 34.084 0.842265
000176 375 1242 1 159.544 199.242 92.5121 36.0811 0.835362
000176 375 1242 1 1179.48 218.645 96.6487 35.1438 0.831424
000176 375 1242 1 1097.44 218.257 89.9644 33.0786 0.818398
000176 375 1242 1 532.537 193.797 32.3911 25.2208 0.770009
000176 375 1242 1 291.48 198.014 75.8581 28.7776 0.767674
000176 375 1242 1 322.437 192.383 45.9357 22.2216 0.712746
000176 375 1242 3 904.089 211.054 39.1021 46.0731 0.871027
000177 375 1242 1 593.145 206.952 56.6702 51.4626 0.866837
000177 375 1242 1 1098.61 217.298 97.3704 35.0629 0.829604
000177 375 1242 1 226.617 196.272 75.466 33.6747 0.814243
000177 375 1242 1 143.899 201.418 90.7346 33.6672 0.814219
000177 375 1242 1 529.12 196.2 33.5652 27.364 0.767475
000177 375 1242 1 320.39 192.815 43.2621 22.7742 0.762019
000177 375 1242 1 1192.56 219.265 93.0383 35.3271 0.704431
000177 375 1242 3 908.487 215.146 37.3782 49.0765 0.83399
000178 375 1242 1 208.27 197.731 72.3166 34.8477 0.874707
000178 375 1242 1 593.408 206.468 54.668 51.2699 0.852219
000178 375 1242 1 523.668 197.199 33.5809 28.588 0.835801
000178 375 1242 1 128.513 202.21 95.348 34.183 0.780343
000178 375 1242 1 1114.88 215.263 101.332 32.1024 0.774183
000178 375 1242 1 308.205 194.821 50.393 23.4884 0.768433
000178 375 1242 1 1194.01 221.708 90.7712 37.5834 0.758036
000178 375 1242 1 261.058 199.19 50.4258 27.6 0.722614
000178 375 1242 3 914.022 214.82 34.8947 51.1145 0.79645
000179 375 1242 1 197.194 194.44 77.1946 33.9974 0.855579
000179 375 1242 1 520.878 197.506 38.1398 30.5607 0.853348
000179 375 1242 1 595.307 201.809 54.4003 51.721 0.83672
000179 375 1242 1 100.433 200.62 86.9039 36.5151 0.825469
000179 375 1242 1 1144.59 218.518 124.645 40.7002 0.780291
000179 375 1242 1 258.808 195.133 54.231 24.3209 0.757984
000179 375 1242 1 308.318 192.916 54.2134 22.4752 0.734186
000179 375 1242 1 1224.86 216.003 34.2699 46.0975 0.686291
000179 375 1242 3 921.118 214.89 34.6503 49.4184 0.809582
000180 375 1242 1 189.203 191.986 83.0686 35.7804 0.88303
000180 375 1242 1 596.735 201.083 53.3062 50.9709 0.86426
000180 375 1242 1 518.336 196.559 39.1382 34.5185 0.863927
000180 375 1242 1 99.4244 201.094 119.149 41.5618 0.837947
000180 375 1242 1 303.974 190.767 53.7185 24.9358 0.802681
000180 375 1242 1 1160.73 221.334 128.776 44.3368 0.775096
000180 375 1242 1 247.91 189.65 62.805 27.0736 0.755481
000180 375 1242 1 1226.18 215.989 31.4685 42.9896 0.625064
000180 375 1242 3 930.174 212.385 31.0878 47.0495 0.800457
000181 375 1242 1 173.82 190.714 89.2484 37.2452 0.906012
000181 375 1242 1 596.944 200.292 53.5665 50.5132 0.862573
000181 375 1242 1 78.4477 203.496 116.558 39.7531 0.846412
000181 375 1242 1 513.887 196.789 42.657 37.4109 0.843566
000181 375 1242 1 1175.09 220.962 124.325 45.1769 0.804379
000181 375 1242 1 244.944 188.21 64.8675 25.4925 0.759534
000181 375 1242 1 292.531 191.472 53.6405 22.8713 0.750237
000181 375 1242 1 549.986 185.699 27.722 22.6742 0.639245
000181 375 1242 3 936.046 212.597 32.5947 49.9556 0.845718
000182 375 1242 1 162.77 192.358 88.718 38.1937 0.914087
000182 375 1242 1 504.791 198.002 45.8188 40.4798 0.876915
000182 375 1242 1 598.816 200.184 54.9552 53.7004 0.870014
000182 375 1242 1 1183.15 220.677 115.814 44.4911 0.80867
000182 375 1242 1 290.278 192.066 52.3674 26.826 0.805106
000182 375 1242 1 230.07 189.722 67.2428 30.1194 0.8013
000182 375 1242 1 65.0336 199.127 106.24 45.1744 0.762336
000182 375 1242 3 947.826 211.93 39.6122 50.7 0.809935
000183 375 1242 1 147.819 194.887 90.1104 37.7071 0.881744
000183 375 1242 1 599.877 201.174 53.7064 51.0423 0.88073
000183 375 1242 1 497.383 202.051 53.8259 42.531 0.872653
000183 375 1242 1 51.1152 202.659 102.23 44.007 0.86189
000183 375 1242 1 224.199 191.74 73.432 32.3134 0.840314
000183 375 1242 1 285.977 192.478 54.8077 26.7266 0.825697
000183 375 1242 1 1196.62 222.147 90.7538 44.025 0.798628
000183 375 1242 1 549.193 187.319 28.7726 22.3828 0.671976
000183 375 1242 3 952.408 213.331 40.3394 54.738 0.841471
000184 375 1242 1 131.071 194.587 95.4032 39.5742 0.878443
000184 375 1242 1 602.581 201.821 53.0101 49.8715 0.871263
000184 375 1242 1 43.6368 202.505 74.2898 49.3351 0.870494
000184 375 1242 1 490.638 205.993 60.3832 47.1953 0.85145
000184 375 1242 1 274.433 195.666 54.4043 27.4864 0.833547
000184 375 1242 1 1208.34 227.796 67.2537 36.6412 0.830336
000184 375 1242 1 208.797 195.48 69.5891 30.0341 0.829966
000184 375 1242 1 546.598 189.013 31.1912 24.3378 0.732194
000184 375 1242 3 963.747 214.135 38.7629 49.7827 0.780421
000185 375 1242 1 477.959 208.092 68.4008 51.4057 0.890064
000185 375 1242 1 32.1391 203.024 64.2783 46.8754 0.873786
000185 375 1242 1 116.465 194.196 109.981 43.393 0.872973
000185 375 1242 1 604.239 201.172 51.2678 50.0448 0.852981
000185 375 1242 1 263.469 194.223 62.2654 28.1904 0.837109
000185 375 1242 1 195.883 193.776 79.0462 34.1212 0.821803
000185 375 1242 1 541.829 190.6 34.6926 25.2076 0.800134
000185 375 1242 1 1224.99 230.949 34.0216 31.5117 0.72589
000185 375 1242 3 968.633 213.947 40.0386 51.0301 0.852577
000186 375 1242 1 463.535 211.412 80.4121 56.1667 0.885568
000186 375 1242 1 191.109 194.119 79.7974 34.8076 0.866718
000186 375 1242 1 256.99 194.984 62.4695 30.4637 0.856479
000186 375 1242 1 608.526 200.834 48.8656 50.6104 0.83445
000186 375 1242 1 540.362 192.157 35.6573 27.7868 0.831807
000186 375 1242 1 110.394 195.362 124.601 42.0867 0.829439
000186 375 1242 1 15.7225 204.118 31.4449 70.2043 0.723077
000186 375 1242 3 979.494 215.179 40.1346 51.8955 0.842169
000186 375 1242 3 1026.63 214.97 37.071 47.0188 0.686577
000187 375 1242 1 444.023 214.139 89.3693 68.886 0.915877
000187 375 1242 1 178.538 197.016 78.9713 35.5506 0.869299
000187 375 1242 1 606.78 201.245 51.3976 50.9894 0.861081
000187 375 1242 1 80.3106 199.657 122.673 40.9643 0.857501
000187 375 1242 1 536.704 194.427 36.6647 28.7178 0.846253
000187 375 1242 1 246.397 198.177 66.7825 30.8929 0.813903
000187 375 1242 3 985.518 215.169 41.0353 55.7585 0.820529
000187 375 1242 3 1043.07 214.94 36.6265 47.1325 0.811967
000188 375 1242 1 165.941 198.345 87.9702 39.6161 0.904117
000188 375 1242 1 416.019 225.043 107.058 80.4542 0.890767
000188 375 1242 1 602.506 200.197 51.8438 50.2897 0.885944
000188 375 1242 1 66.2689 201.117 119.004 51.7831 0.867405
000188 375 1242 1 533.082 195.37 37.9523 30.1523 0.836464
000188 375 1242 1 238.007 200.254 69.6547 30.6685 0.831621
000188 375 1242 3 998.037 213.155 37.9747 54.1884 0.804589
000188 375 1242 3 1050.3 215.297 30.8821 49.0529 0.787953
000189 375 1242 1 379.806 233.869 139.46 101.123 0.887542
000189 375 1242 1 603.782 201.3 50.2047 49.1801 0.882387
000189 375 1242 1 55.0933 203.435 102.77 55.3056 0.872345
000189 375 1242 1 148.787 201.229 93.1041 35.701 0.870933
000189 375 1242 1 529.783 196.903 43.2706 32.7736 0.828587
000189 375 1242 1 227.507 201.318 72.3587 30.9041 0.827332
000189 375 1242 3 1009.5 217.153 50.8771 58.7532 0.690735
000189 375 1242 3 1084.7 226.878 30.8376 37.9178 0.658771
000190 375 1242 1 321.712 249.806 198.07 129.378 0.923363
000190 375 1242 1 604.782 202.332 51.099 48.0011 0.88694
000190 375 1242 1 134.219 203.891 96.5376 37.9425 0.869935
000190 375 1242 1 522.448 200.261 47.9952 35.3001 0.865146
000190 375 1242 1 44.2354 206.809 84.4367 53.4103 0.859273
000190 375 1242 1 216.377 203.378 77.7509 32.7061 0.819305
000190 375 1242 3 1020.95 224.957 56.2228 65.8965 0.704358
000191 375 1242 1 225.786 281.898 298.248 178.875 0.937723
000191 375 1242 1 33.8802 208.444 67.7604 53.1686 0.897426
000191 375 1242 1 606.446 201.998 51.5151 48.5738 0.889966
000191 375 1242 1 118.274 207.73 103.203 41.708 0.844353
000191 375 1242 1 516.757 200.254 45.1121 34.7438 0.817529
000191 375 1242 1 206.921 203.443 80.8909 33.1006 0.682492
000191 375 1242 1 559.501 185.461 24.0209 19.7488 0.613905
000191 375 1242 3 1034.54 218.914 53.7388 68.4315 0.754753
000192 375 1242 1 134.708 289.593 269.417 170.814 0.959949
000192 375 1242 1 608.051 201.818 53.4622 47.8603 0.897266
000192 375 1242 1 509.128 205.09 59.0351 42.3259 0.873371
000192 375 1242 1 78.5157 244.917 150.073 92.7225 0.85689
000192 375 1242 1 191.938 203.485 82.4391 34.8408 0.766067
000192 375 1242 3 1045.1 222.385 46.0508 62.0245 0.769481
000193 375 1242 1 608.413 201.66 53.0125 48.0119 0.898271
000193 375 1242 1 82.0352 205.566 112.43 44.5815 0.886394
000193 375 1242 1 501.435 207.974 67.5014 46.8801 0.883094
000193 375 1242 1 182.216 203.736 83.8429 35.5568 0.829378
000193 375 1242 3 1062.0 226.092 46.4014 69.6645 0.81395
000194 375 1242 1 64.6351 206.285 117.392 46.8509 0.901188
000194 375 1242 1 490.943 211.577 74.2265 52.0859 0.890973
000194 375 1242 1 609.183 201.737 51.9419 47.2802 0.886049
000194 375 1242 1 166.528 204.285 91.0699 36.0565 0.873379
000194 375 1242 1 560.545 186.745 27.0214 21.8527 0.650026
000194 375 1242 3 1079.85 227.588 52.2534 70.5476 0.816431
000195 375 1242 1 474.982 215.555 85.533 59.5662 0.890172
000195 375 1242 1 610.228 201.47 52.9073 48.6161 0.888436
000195 375 1242 1 51.9917 207.742 103.983 49.9521 0.884184
000195 375 1242 1 150.63 204.76 95.8544 36.7764 0.876361
000195 375 1242 1 558.843 190.536 29.71 23.7984 0.756856
000195 375 1242 3 1094.04 227.339 57.2751 65.8889 0.816342
000196 375 1242 1 456.119 219.187 108.372 65.6152 0.902489
000196 375 1242 1 610.295 201.287 52.8837 50.5327 0.890936
000196 375 1242 1 43.8505 208.201 87.1167 48.9189 0.878082
000196 375 1242 1 133.623 204.481 97.3529 38.2904 0.840695
000196 375 1242 1 555.914 188.622 28.7601 24.5231 0.750594
000196 375 1242 3 1114.66 233.373 63.6221 74.0073 0.794803
000197 375 1242 1 429.842 228.205 129.05 81.9687 0.919245
000197 375 1242 1 30.2737 208.383 60.5474 49.2904 0.875313
000197 375 1242 1 611.144 200.737 50.8568 48.0878 0.874447
000197 375 1242 1 115.593 200.993 104.421 40.7484 0.87279
000197 375 1242 1 552.128 188.965 29.1112 23.648 0.760152
000197 375 1242 3 1135.91 233.983 79.7476 84.7082 0.862053
000198 375 1242 1 390.771 239.504 168.847 103.821 0.942231
000198 375 1242 1 95.5871 201.618 109.796 42.2617 0.882378
000198 375 1242 1 611.502 201.112 50.087 46.7729 0.862187
000198 375 1242 1 550.01 188.646 32.0177 26.619 0.79033
000198 375 1242 3 1157.79 234.29 79.6545 85.1446 0.796571
000199 375 1242 1 325.099 259.285 231.976 136.613 0.930017
000199 375 1242 1 70.4992 203.74 122.84 44.6884 0.876397
000199 375 1242 1 611.13 200.809 51.0831 49.4982 0.869424
000199 375 1242 1 548.929 190.933 35.1454 27.8479 0.816207
000199 375 1242 3 1182.11 243.823 85.9436 93.4379 0.888163
000200 375 1242 1 224.499 280.228 370.904 189.545 0.915493
000200 375 1242 1 58.2519 206.381 108.601 46.4298 0.896221
000200 375 1242 1 611.752 201.412 51.2954 48.1122 0.859184
000200 375 1242 1 541.774 193.496 36.1257 28.9994 0.830889
000200 375 1242 3 1206.54 248.434 70.9291 103.871 0.744446
000201 375 1242 1 160.547 289.59 321.093 170.82 0.923729
000201 375 1242 1 610.782 200.474 49.2692 47.9709 0.850043
000201 375 1242 1 538.898 193.878 35.4656 31.0208 0.832087
000202 375 1242 1 32.6969 209.016 65.3939 48.3783 0.884135
000202 375 1242 1 96.9411 288.388 193.882 173.223 0.873746
000202 375 1242 1 611.69 199.041 47.6646 45.7236 0.869834
000202 375 1242 1 534.157 194.366 38.297 34.0728 0.844261
000203 375 1242 1 529.004 194.744 44.4554 36.9808 0.845104
000203 375 1242 1 610.586 198.096 48.6072 45.6927 0.84284
000203 375 1242 1 558.936 185.647 24.5754 21.7612 0.624666
000204 375 1242 1 611.715 198.275 49.8501 47.6437 0.863098
000204 375 1242 1 519.996 196.476 49.7324 39.3643 0.855257
000204 375 1242 1 558.417 186.683 27.328 22.8865 0.664148
000205 375 1242 1 511.621 197.957 53.3921 44.2872 0.864401
000205 375 1242 1 611.211 198.519 49.5468 46.6613 0.860742
000205 375 1242 1 557.19 187.596 28.1567 22.8446 0.681828
000206 375 1242 1 503.323 199.374 61.4197 46.7808 0.881431
000206 375 1242 1 612.417 197.21 48.0635 43.7775 0.87472
000206 375 1242 1 552.844 186.703 29.6869 24.1897 0.714862
000207 375 1242 1 612.154 196.169 46.8776 45.2015 0.871908
000207 375 1242 1 491.006 200.489 76.9693 53.9359 0.854937
000207 375 1242 1 548.755 187.123 30.2289 24.7131 0.747016
000208 375 1242 1 475.263 206.233 87.2194 62.9272 0.89953
000208 375 1242 1 610.915 196.102 46.8691 43.2908 0.87718
000208 375 1242 1 547.273 190.969 37.63 28.5464 0.830883
000209 375 1242 1 456.294 213.679 97.8599 72.1378 0.904457
000209 375 1242 1 612.044 198.267 46.2124 44.8663 0.882139
000209 375 1242 1 540.536 194.41 39.2251 31.4152 0.85961
000210 375 1242 1 428.914 223.191 132.162 85.4749 0.921678
000210 375 1242 1 611.933 199.25 45.1277 44.219 0.894508
000210 375 1242 1 535.595 198.111 38.8981 31.6645 0.850903
000211 375 1242 1 385.345 232.233 167.984 107.947 0.935806
000211 375 1242 1 612.111 199.445 45.074 44.1339 0.89645
000211 375 1242 1 532.71 199.737 45.4515 35.9371 0.871784
000211 375 1242 1 565.005 187.044 24.0261 21.1298 0.623906
000212 375 1242 1 612.03 198.158 46.1074 42.8627 0.896479
000212 375 1242 1 523.008 198.617 46.3726 37.0286 0.869865
000212 375 1242 1 316.604 252.971 231.08 147.552 0.758301
000212 375 1242 1 562.15 185.827 26.0154 21.6681 0.648631
000213 375 1242 1 209.174 276.242 352.071 197.517 0.940562
000213 375 1242 1 612.974 198.09 45.9083 41.894 0.89339
000213 375 1242 1 516.373 201.765 52.8207 41.4878 0.864386
000213 375 1242 1 559.274 186.694 26.2545 22.498 0.682059
000213 375 1242 1 388.488 188.87 36.2741 26.348 0.668188
000214 375 1242 1 137.149 277.617 274.298 194.766 0.894675
000214 375 1242 1 611.99 197.219 46.5044 42.9833 0.883543
000214 375 1242 1 509.893 204.309 62.9341 46.1525 0.857868
000214 375 1242 1 558.685 187.903 28.7847 23.8463 0.725666
000215 375 1242 1 495.715 208.545 70.9926 54.7068 0.896753
000215 375 1242 1 612.337 197.529 46.6566 41.4267 0.891117
000215 375 1242 1 557.059 189.252 28.6981 23.0745 0.747989
000216 375 1242 1 478.28 210.636 84.7697 61.8658 0.899765
000216 375 1242 1 612.428 198.464 45.65 41.5859 0.89943
000216 375 1242 1 554.006 191.637 32.5261 26.8202 0.805406
000216 375 1242 1 336.392 186.999 44.1219 22.3763 0.618926
000217 375 1242 1 459.904 215.246 98.2161 73.4935 0.910701
000217 375 1242 1 611.89 197.946 45.0627 42.0934 0.891627
000217 375 1242 1 550.543 193.084 33.7435 27.5354 0.825699
000218 375 1242 1 429.084 226.566 121.788 89.2603 0.928876
000218 375 1242 1 612.068 198.695 46.0592 42.1873 0.890442
000218 375 1242 1 548.138 196.652 37.7303 30.7083 0.825272
000219 375 1242 1 385.303 241.075 164.742 118.573 0.943511
000219 375 1242 1 612.48 200.104 43.7723 42.1344 0.893691
000219 375 1242 1 544.194 199.253 44.2894 31.7414 0.828833
000219 375 1242 1 386.295 190.799 43.105 28.1692 0.726079
000220 375 1242 1 307.683 264.021 247.153 163.966 0.975524
000220 375 1242 1 537.437 201.907 41.3673 35.0067 0.883159
000220 375 1242 1 613.28 201.852 42.4824 41.0648 0.879021
000220 375 1242 1 374.074 188.704 42.0336 24.1488 0.786224
000220 375 1242 1 570.182 186.994 21.0399 18.4947 0.604832
000221 375 1242 1 193.596 279.966 371.675 186.613 0.906398
000221 375 1242 1 533.103 202.414 45.8482 37.2165 0.889514
000221 375 1242 1 613.428 200.7 43.4974 42.1385 0.881096
000221 375 1242 1 372.419 190.65 37.2095 23.7629 0.802705
000221 375 1242 1 573.171 187.205 22.8159 19.2795 0.612549
000222 375 1242 1 113.587 279.479 227.175 191.041 0.946103
000222 375 1242 1 612.606 199.773 44.1198 41.9527 0.890297
000222 375 1242 1 526.433 203.865 53.5031 36.9645 0.842615
000222 375 1242 1 367.568 192.331 38.6813 26.1577 0.818679
000222 375 1242 1 573.404 188.214 26.1406 19.9529 0.610244
000223 375 1242 1 612.512 199.262 45.2689 42.3187 0.883516
000223 375 1242 1 521.153 205.041 56.7101 41.1801 0.863666
000223 375 1242 1 361.261 189.747 36.7285 25.1896 0.787484
000223 375 1242 1 571.411 186.734 27.2197 20.6607 0.607468
000224 375 1242 1 613.788 199.277 44.511 40.6131 0.88731
000224 375 1242 1 510.601 209.199 63.4621 45.996 0.879827
000224 375 1242 1 356.478 191.455 38.9503 25.7704 0.822101
000224 375 1242 1 568.124 187.575 24.858 20.5438 0.657475
000225 375 1242 1 501.318 212.162 71.2761 51.4991 0.900882
000225 375 1242 1 612.973 198.041 45.3217 40.9893 0.892606
000225 375 1242 1 351.358 191.248 41.4199 28.0192 0.829969
000225 375 1242 1 565.752 187.057 28.5503 22.0333 0.656309
000226 375 1242 1 486.574 215.528 82.7531 61.7593 0.924134
000226 375 1242 1 614.196 196.852 42.8719 39.2162 0.870319
000226 375 1242 1 343.64 189.643 42.8165 27.6094 0.820239
000226 375 1242 1 562.363 187.206 29.6377 23.2364 0.702669
000227 375 1242 1 464.206 223.688 104.902 73.9315 0.908948
000227 375 1242 1 614.501 197.228 42.4689 40.3373 0.889613
000227 375 1242 1 338.103 190.654 48.9057 29.5568 0.8403
000227 375 1242 1 559.25 187.746 31.4713 23.382 0.732804
000228 375 1242 1 435.757 233.008 128.219 91.2426 0.940981
000228 375 1242 1 613.559 197.111 42.4456 40.5308 0.887714
000228 375 1242 1 327.826 191.266 47.0985 28.2185 0.831003
000228 375 1242 1 558.115 191.494 32.4706 25.6352 0.829848
000229 375 1242 1 387.467 248.096 170.354 115.128 0.926244
000229 375 1242 1 612.439 197.897 42.8512 40.2539 0.901874
000229 375 1242 1 321.306 189.772 50.9145 31.2342 0.855707
000229 375 1242 1 552.019 192.647 33.8822 26.3739 0.827241
000230 375 1242 1 309.801 275.833 265.6 164.969 0.962499
000230 375 1242 1 611.733 197.707 44.1659 40.0995 0.893957
000230 375 1242 1 547.656 194.593 36.5656 28.0664 0.822027
000230 375 1242 1 310.131 190.649 57.6281 35.2704 0.727671
000231 375 1242 1 611.344 197.669 42.1907 40.3444 0.896327
000231 375 1242 1 198.967 282.639 397.935 184.721 0.878274
000231 375 1242 1 540.83 195.854 38.9867 30.1427 0.863042
000231 375 1242 1 299.87 191.863 58.7416 33.8696 0.824897
000232 375 1242 1 126.89 291.685 241.974 166.629 0.962144
000232 375 1242 1 609.962 197.994 40.3466 40.394 0.893366
000232 375 1242 1 536.429 197.361 41.8562 32.8768 0.878111
000232 375 1242 1 290.623 194.182 53.1174 32.3333 0.815208
000233 375 1242 1 609.568 198.486 40.4058 39.0766 0.886795
000233 375 1242 1 531.602 199.412 47.8629 34.3539 0.863033
000233 375 1242 1 280.406 193.983 59.6321 32.741 0.814591
000234 375 1242 1 608.967 196.698 44.5122 40.8497 0.886082
000234 375 1242 1 269.291 193.381 63.1806 36.0065 0.867145
000234 375 1242 1 524.528 200.972 53.45 38.3736 0.85934
000235 375 1242 1 512.091 201.339 58.2401 42.7894 0.913134
000235 375 1242 1 255.043 192.404 64.5978 37.287 0.8899
000235 375 1242 1 608.423 196.204 43.1489 42.3291 0.869092
000236 375 1242 1 242.288 192.988 68.3216 38.7589 0.887979
000236 375 1242 1 500.447 205.772 62.8502 49.0829 0.86847
000236 375 1242 1 607.93 196.538 43.2812 39.9258 0.860422
000237 375 1242 1 485.663 210.019 76.9041 53.644 0.92072
000237 375 1242 1 228.949 194.185 72.0286 38.1449 0.87722
000237 375 1242 1 607.348 197.273 41.6116 38.9156 0.861239
000238 375 1242 1 466.915 212.777 91.4145 63.881 0.917871
000238 375 1242 1 213.291 194.197 77.2735 39.2907 0.874596
000238 375 1242 1 603.005 197.127 41.2803 40.5859 0.858867
000239 375 1242 1 443.54 217.467 109.231 79.0469 0.91389
000239 375 1242 1 197.051 195.072 82.1982 42.0697 0.894727
000239 375 1242 1 603.026 197.028 40.8773 40.0639 0.855972
000240 375 1242 1 404.822 230.245 146.369 102.135 0.931975
000240 375 1242 1 180.701 197.056 87.0412 45.9261 0.905615
000240 375 1242 1 603.568 197.297 40.882 40.5617 0.854489
000241 375 1242 1 345.419 248.776 207.364 135.005 0.935398
000241 375 1242 1 161.17 199.512 96.9752 49.4347 0.896197
000241 375 1242 1 603.705 197.049 41.6346 39.9392 0.843487
000241 375 1242 1 548.267 187.183 35.3776 26.7909 0.606298
000242 375 1242 1 244.331 279.777 333.911 190.446 0.949541
000242 375 1242 1 140.376 199.536 102.623 48.6911 0.872977
000242 375 1242 1 603.221 197.584 41.0468 39.5386 0.848394
000242 375 1242 1 537.524 194.2 39.2723 29.5343 0.698109
000243 375 1242 1 153.666 280.094 307.333 188.617 0.884569
000243 375 1242 1 603.355 197.356 41.3093 39.5691 0.844926
000243 375 1242 1 534.824 197.675 43.4445 27.8368 0.765019
000244 375 1242 1 86.7093 202.59 111.922 55.2818 0.864441
000244 375 1242 1 602.935 197.679 41.2906 38.9412 0.839912
000244 375 1242 1 534.781 195.583 45.6141 36.4418 0.713713
000244 375 1242 1 83.9347 274.67 167.337 200.661 0.677992
000245 375 1242 1 66.7537 206.042 117.944 58.7437 0.895652
000245 375 1242 1 606.355 197.017 38.6273 37.8252 0.835525
000245 375 1242 1 552.515 189.624 29.7334 26.0787 0.620928
000246 375 1242 1 49.1467 203.417 91.8575 61.5552 0.893774
000246 375 1242 1 603.509 196.747 39.6068 37.7879 0.835585
000246 375 1242 1 533.268 193.508 39.0803 28.872 0.697098
000247 375 1242 1 34.6559 210.344 63.4318 60.4452 0.871004
000247 375 1242 1 602.297 197.265 40.3712 38.2931 0.849732
000247 375 1242 1 531.459 192.499 35.6307 27.8253 0.658883
000248 375 1242 1 602.227 198.283 39.6759 38.3247 0.852647
000248 375 1242 1 559.659 186.636 25.8649 21.3206 0.648048
000248 375 1242 1 375.827 187.83 32.9382 18.6967 0.616596
000249 375 1242 1 603.102 199.602 38.8477 37.3449 0.848311
000249 375 1242 1 559.44 189.591 26.887 22.2623 0.723207
000249 375 1242 1 369.585 190.669 32.6389 18.4071 0.684713
000250 375 1242 1 603.218 199.326 41.0295 36.8294 0.855251
000250 375 1242 1 557.151 193.827 30.9227 23.8156 0.789279
000250 375 1242 1 364.871 191.379 35.8508 20.0392 0.732882
000251 375 1242 1 602.979 197.274 40.8989 38.2701 0.859268
000251 375 1242 1 552.719 191.748 30.1278 24.6223 0.797478
000251 375 1242 1 355.646 187.743 32.6362 19.439 0.660894
000252 375 1242 1 603.948 197.277 40.2303 38.2907 0.844233
000252 375 1242 1 550.97 191.594 31.3987 24.6874 0.79901
000253 375 1242 1 603.985 196.541 39.9336 37.884 0.828564
000253 375 1242 1 548.227 192.816 34.9475 26.6324 0.817888
000253 375 1242 1 354.283 199.645 43.5227 23.0114 0.740095
000254 375 1242 1 603.543 196.605 41.0491 36.8405 0.825466
000254 375 1242 1 541.582 194.792 35.3226 27.9955 0.801476
000255 375 1242 1 538.644 195.354 39.5736 31.3319 0.859516
000255 375 1242 1 603.536 196.601 41.9286 37.2181 0.819613
000256 375 1242 1 534.746 197.788 40.7975 32.8357 0.861569
000256 375 1242 1 603.186 197.954 39.7501 38.2104 0.852942
000256 375 1242 1 554.906 191.708 28.1063 24.0024 0.655722
000257 375 1242 1 530.347 199.608 46.2048 35.6215 0.866876
000257 375 1242 1 603.463 196.827 39.6078 37.4896 0.847375
000257 375 1242 1 310.802 198.911 47.33 26.1654 0.800887
000257 375 1242 1 556.621 190.407 27.8503 23.3034 0.633204
000258 375 1242 1 522.244 196.259 47.9768 42.305 0.881601
000258 375 1242 1 603.446 193.983 41.5411 38.4287 0.845671
000258 375 1242 1 304.944 195.096 50.7134 24.7456 0.816574
000258 375 1242 1 554.969 185.318 28.4266 23.7843 0.608778
000259 375 1242 1 295.184 193.846 52.8735 26.1324 0.843594
000259 375 1242 1 606.843 191.972 38.8085 38.591 0.835432
000259 375 1242 1 517.706 196.128 51.4319 42.4585 0.830653
000259 375 1242 1 548.261 185.279 32.8832 25.7185 0.728426
000260 375 1242 1 512.067 202.301 56.3978 47.8164 0.871149
000260 375 1242 1 607.404 194.412 40.3123 39.0201 0.864532
000260 375 1242 1 279.744 197.527 49.8256 27.0706 0.812566
000260 375 1242 1 546.351 190.156 32.4052 25.433 0.779441
000261 375 1242 1 498.465 207.119 65.4301 51.8131 0.896964
000261 375 1242 1 607.156 196.173 40.0309 38.0933 0.862529
000261 375 1242 1 541.763 191.877 35.9285 26.2141 0.811807
000261 375 1242 1 273.127 199.62 56.085 27.799 0.80057
000261 375 1242 1 370.975 186.498 36.585 19.5636 0.608669
000262 375 1242 1 483.517 209.545 73.8488 55.3302 0.874518
000262 375 1242 1 607.392 194.66 39.4675 39.7867 0.857346
000262 375 1242 1 538.748 192.662 37.7369 28.3822 0.844242
000262 375 1242 1 262.533 197.447 60.971 30.5504 0.834147
000263 375 1242 1 465.891 209.038 90.0754 69.3309 0.919232
000263 375 1242 1 607.014 193.228 40.2498 38.2162 0.860744
000263 375 1242 1 534.218 192.888 39.0104 30.2506 0.845242
000263 375 1242 1 248.935 194.467 63.9864 31.6723 0.840476
000264 375 1242 1 440.039 213.871 111.186 82.8996 0.894092
000264 375 1242 1 523.323 190.588 42.8366 32.4739 0.857943
000264 375 1242 1 232.874 193.318 66.044 31.9609 0.854485
000264 375 1242 1 606.355 192.001 37.8872 37.5992 0.845494
000265 375 1242 1 405.813 227.654 145.62 99.3604 0.933824
000265 375 1242 1 518.394 194.647 49.341 36.0101 0.873359
000265 375 1242 1 220.2 194.439 70.6934 33.2391 0.867866
000265 375 1242 1 602.448 192.535 42.5503 38.6671 0.848543
000266 375 1242 1 347.194 245.279 204.178 133.587 0.940624
000266 375 1242 1 198.991 196.135 74.8023 34.5121 0.868569
000266 375 1242 1 602.601 193.464 41.6295 37.9044 0.846264
000266 375 1242 1 511.805 197.199 54.0831 42.1986 0.826431
000266 375 1242 1 547.578 184.249 30.6477 23.7889 0.649732
000267 375 1242 1 245.222 278.428 325.977 192.841 0.965215
000267 375 1242 1 503.308 200.06 60.2643 44.5077 0.903187
000267 375 1242 1 602.096 192.802 40.8914 39.5531 0.857463
000267 375 1242 1 177.93 197.07 75.2443 34.627 0.856711
000267 375 1242 1 545.006 185.12 33.7064 26.8094 0.760503
000267 375 1242 1 355.055 183.795 48.1913 23.8992 0.654332
000268 375 1242 1 178.74 281.867 351.447 182.295 0.960635
000268 375 1242 1 491.973 202.708 66.2765 49.7766 0.897407
000268 375 1242 1 602.021 193.162 39.9413 39.4729 0.853526
000268 375 1242 1 536.565 187.943 38.3463 29.004 0.832246
000268 375 1242 1 319.703 186.372 46.2485 24.7285 0.764951
000269 375 1242 1 106.107 278.312 205.063 193.377 0.940235
000269 375 1242 1 478.647 208.967 75.6383 54.7836 0.877652
000269 375 1242 1 133.256 200.693 92.8692 41.1866 0.861456
000269 375 1242 1 602.362 193.697 41.1888 38.5093 0.849378
000269 375 1242 1 535.671 188.508 39.3018 31.9061 0.847222
000269 375 1242 1 308.984 188.765 45.3698 24.5409 0.774048
000270 375 1242 1 461.233 211.108 91.9981 63.8206 0.899984
000270 375 1242 1 113.673 202.057 94.4166 42.0685 0.869217
000270 375 1242 1 602.239 194.639 41.7385 38.8362 0.86243
000270 375 1242 1 532.352 190.254 43.8257 33.4509 0.859236
000270 375 1242 1 296.261 188.692 46.5952 25.4843 0.791164
000271 375 1242 1 435.902 216.047 111.495 76.0644 0.926733
000271 375 1242 1 82.0724 203.01 112.677 45.4531 0.887881
000271 375 1242 1 606.759 194.031 39.2524 39.3935 0.84839
000271 375 1242 1 528.864 192.75 45.8412 35.1927 0.837384
000271 375 1242 1 290.125 190.31 48.8381 26.4713 0.802429
000271 375 1242 1 324.95 185.154 43.2672 23.2501 0.649356
000272 375 1242 1 401.913 227.75 149.291 91.7499 0.938555
000272 375 1242 1 59.3265 204.717 110.393 45.8088 0.872269
000272 375 1242 1 519.36 194.511 50.1259 41.8653 0.85025
000272 375 1242 1 607.292 193.721 40.812 39.6463 0.847355
000272 375 1242 1 278.328 191.813 53.9085 26.6708 0.824154
000272 375 1242 1 323.753 186.175 47.6392 25.1244 0.74573
000273 375 1242 1 352.544 243.805 197.773 115.389 0.955924
000273 375 1242 1 44.3029 206.998 87.6755 45.5393 0.899841
000273 375 1242 1 511.914 196.444 54.5137 44.9173 0.859924
000273 375 1242 1 607.688 194.311 40.7795 39.9283 0.850442
000273 375 1242 1 271.496 190.909 61.2915 28.606 0.80553
000273 375 1242 1 321.428 186.669 62.1778 27.4156 0.689187
000274 375 1242 1 262.028 271.822 292.367 164.348 0.945804
000274 375 1242 1 505.478 197.0 61.1465 51.6364 0.889708
000274 375 1242 1 607.539 193.469 40.8416 39.7174 0.860209
000274 375 1242 1 27.7915 209.992 55.5829 44.4292 0.840415
000274 375 1242 1 304.993 191.92 61.5453 31.3694 0.798597
000274 375 1242 1 259.638 187.233 60.5403 25.4467 0.685098
000274 375 1242 1 552.104 186.223 29.9884 23.7793 0.649347
000275 375 1242 1 177.144 280.636 342.111 179.603 0.916819
000275 375 1242 1 607.762 193.755 40.3527 39.0124 0.863345
000275 375 1242 1 494.621 200.372 72.0404 60.089 0.857684
000275 375 1242 1 242.549 194.563 67.5463 32.1611 0.802458
000275 375 1242 1 293.504 188.616 51.3162 25.5995 0.767579
000275 375 1242 1 548.885 186.095 32.9846 23.9392 0.727477
000276 375 1242 1 113.808 287.212 227.615 175.575 0.955665
000276 375 1242 1 230.143 195.191 66.3291 32.2141 0.873561
000276 375 1242 1 479.909 204.614 84.1092 62.1566 0.865827
000276 375 1242 1 608.121 194.49 40.8894 38.9294 0.864935
000276 375 1242 1 547.267 188.463 36.6595 26.4427 0.817703
000276 375 1242 1 289.698 191.242 51.4143 26.8643 0.786367
000277 375 1242 1 214.733 195.834 70.3228 33.71 0.86912
000277 375 1242 1 608.604 194.702 41.5713 39.0309 0.867495
000277 375 1242 1 461.749 207.942 100.024 76.6958 0.85731
000277 375 1242 1 541.91 189.595 36.7018 27.5205 0.838043
000277 375 1242 1 275.852 192.579 52.6451 27.6397 0.775251
000278 375 1242 1 443.091 213.954 119.676 90.1218 0.917999
000278 375 1242 1 197.411 196.355 74.1637 35.0937 0.873669
000278 375 1242 1 608.589 194.488 41.7764 38.9296 0.86693
000278 375 1242 1 537.678 191.136 38.4016 30.4325 0.856014
000278 375 1242 1 260.691 191.795 62.6429 29.0864 0.80134
000279 375 1242 1 406.737 224.261 146.937 107.973 0.917195
000279 375 1242 1 177.609 196.986 80.1944 37.4781 0.886127
000279 375 1242 1 532.512 193.052 39.6592 33.0214 0.874111
000279 375 1242 1 608.65 193.881 41.3575 39.6611 0.872127
000279 375 1242 1 244.248 193.004 65.5848 29.68 0.797706
000280 375 1242 1 352.728 234.141 196.587 139.271 0.948736
000280 375 1242 1 156.126 199.427 89.9417 38.7116 0.876866
000280 375 1242 1 609.074 194.57 42.3854 38.7901 0.865992
000280 375 1242 1 528.512 195.396 47.4966 34.6607 0.865848
000280 375 1242 1 228.787 195.85 79.9208 33.7962 0.853485
000281 375 1242 1 268.63 263.919 285.056 187.664 0.940525
000281 375 1242 1 609.623 194.662 42.2924 39.5578 0.875166
000281 375 1242 1 519.047 198.691 51.6321 37.0174 0.86695
000281 375 1242 1 140.707 202.795 110.463 42.7819 0.844302
000281 375 1242 1 210.203 193.436 95.2297 35.1318 0.820734
000282 375 1242 1 510.142 201.318 57.7474 39.8038 0.917326
000282 375 1242 1 184.882 257.771 369.765 231.116 0.898491
000282 375 1242 1 610.055 194.621 40.5809 39.2044 0.877717
000283 375 1242 1 609.38 194.02 41.911 39.743 0.877686
000283 375 1242 1 502.024 205.557 64.4436 46.5688 0.857804
000283 375 1242 1 120.141 264.287 225.517 221.427 0.839064
000283 375 1242 1 179.52 197.615 94.1116 35.9248 0.838373
000284 375 1242 1 489.142 207.462 72.4993 51.2489 0.917788
000284 375 1242 1 52.7724 204.48 101.926 50.9702 0.880299
000284 375 1242 1 609.232 194.753 44.2976 39.6194 0.874036
000284 375 1242 1 156.753 201.84 113.445 40.3351 0.828044
000285 375 1242 1 474.177 212.225 87.5419 61.1396 0.917841
000285 375 1242 1 36.6217 207.529 73.2434 52.7233 0.907074
000285 375 1242 1 609.647 194.694 42.5044 39.2009 0.876041
000285 375 1242 1 129.036 204.332 114.804 40.3085 0.833265
000286 375 1242 1 451.534 216.065 104.97 71.9261 0.930838
000286 375 1242 1 610.024 194.429 42.4426 39.8014 0.874934
000286 375 1242 1 98.661 205.002 123.238 42.1459 0.868217
000286 375 1242 1 17.1427 208.607 34.2853 46.1814 0.722644
000287 375 1242 1 423.291 226.92 131.957 84.1858 0.909669
000287 375 1242 1 610.251 194.24 44.0363 40.2741 0.872508
000287 375 1242 1 76.962 204.659 136.469 46.1162 0.846399
000288 375 1242 1 376.279 239.698 174.331 105.505 0.909553
000288 375 1242 1 610.784 194.416 42.4974 40.2979 0.880348
000288 375 1242 1 52.2179 204.803 94.9182 52.1892 0.854392
000289 375 1242 1 305.637 258.534 253.652 145.629 0.958134
000289 375 1242 1 610.587 193.785 42.3832 41.1159 0.87787
000289 375 1242 1 35.6754 200.701 71.3508 44.4827 0.804683
000290 375 1242 1 209.604 280.664 364.692 188.672 0.908343
000290 375 1242 1 611.644 192.792 41.4431 42.319 0.881458
000290 375 1242 1 26.4776 200.328 52.9553 51.2263 0.840489
000291 375 1242 1 137.524 289.063 274.473 171.874 0.93823
000291 375 1242 1 612.283 192.712 42.3071 43.145 0.881421
000292 375 1242 1 612.605 192.815 41.2263 42.5047 0.884461
000293 375 1242 1 612.729 193.846 40.0442 41.3988 0.883118
000294 375 1242 1 611.802 193.775 41.0297 41.3905 0.885874
000295 375 1242 1 612.291 196.056 41.7666 41.0668 0.895959
000296 375 1242 1 612.323 194.663 43.1703 40.9454 0.891579
