000000 375 1242 1 880.059 210.572 1242.0 375.0 0.90957
000082 375 1242 1 448.552 174.565 502.701 200.226 0.802244
000083 375 1242 1 441.137 176.139 497.608 201.701 0.949527
000084 375 1242 1 425.358 176.615 494.481 203.905 0.978957
000085 375 1242 1 427.725 178.125 492.378 203.6 0.891637
000086 375 1242 1 425.588 180.115 486.139 203.846 0.984189
000087 375 1242 1 411.388 178.191 482.804 203.746 0.987182
000088 375 1242 1 406.935 176.126 477.456 203.66 0.99589
000089 375 1242 1 409.239 175.366 476.687 202.781 0.993236
000090 375 1242 1 400.126 175.959 472.911 205.019 0.989129
000091 375 1242 1 393.885 178.323 468.576 206.025 0.992609
000092 375 1242 1 380.675 178.556 462.674 207.027 0.9975
000093 375 1242 1 379.476 181.436 455.45 209.48 0.988005
000094 375 1242 1 374.546 180.901 450.912 209.976 0.991992
000095 375 1242 1 366.805 179.559 440.883 212.357 0.98813
000096 375 1242 1 360.407 179.538 437.265 212.167 0.997975
000097 375 1242 1 346.171 179.106 432.157 211.621 0.998766
000098 375 1242 1 344.944 179.755 426.069 213.111 0.996994
000098 375 1242 1 126.79 182.305 216.425 221.513 0.82041
000099 375 1242 1 336.053 181.086 417.523 213.961 0.975787
000100 375 1242 1 328.281 179.284 417.92 213.353 0.92104
000100 375 1242 1 100.118 183.409 197.424 225.393 0.850195
000101 375 1242 1 321.788 176.813 410.417 212.27 0.935492
000102 375 1242 1 312.974 175.959 397.775 207.785 0.881198
000103 375 1242 1 310.54 174.776 394.275 210.45 0.842864
000104 375 1242 1 301.552 177.377 389.903 211.873 0.643673
