000000 375 1242 1 1062.28 279.452 338.623 191.095 0.961003
000000 375 1242 1 311.152 186.781 49.1009 25.7654 0.664
000001 375 1242 1 1048.2 279.89 338.988 187.247 0.956298
000001 375 1242 1 309.781 186.904 53.6095 25.4731 0.701159
000002 375 1242 1 1029.96 280.714 350.919 188.572 0.952651
000002 375 1242 1 307.969 188.378 64.9297 26.9747 0.662317
000003 375 1242 1 1063.29 282.437 357.421 185.126 0.885132
000003 375 1242 1 321.279 189.015 42.6228 23.9009 0.610173
000004 375 1242 1 1076.35 287.742 331.308 174.517 0.913189
000004 375 1242 1 292.023 190.456 63.931 28.9649 0.674451
000005 375 1242 1 1059.0 289.631 365.991 170.738 0.945131
000005 375 1242 1 289.8 185.817 70.094 28.9286 0.778532
000006 375 1242 1 1045.88 288.196 392.238 169.475 0.931364
000006 375 1242 1 276.811 187.477 64.5538 27.5537 0.720391
000007 375 1242 1 1033.88 289.222 389.198 170.131 0.925209
000007 375 1242 1 274.554 189.276 76.4454 29.6278 0.813375
000008 375 1242 1 1001.5 286.916 387.57 176.167 0.917594
000008 375 1242 1 256.573 190.468 69.4516 28.185 0.79721
000009 375 1242 1 985.171 287.094 363.667 175.813 0.949172
000009 375 1242 1 255.822 190.56 79.6265 32.397 0.82308
000010 375 1242 1 968.421 283.026 358.772 175.598 0.917152
000010 375 1242 1 241.326 189.035 79.7181 31.8023 0.770404
000010 375 1242 1 273.793 185.538 45.445 26.2706 0.706614
000011 375 1242 1 952.986 281.38 337.791 179.569 0.937853
000011 375 1242 1 225.161 189.852 78.5061 27.7699 0.808965
000012 375 1242 1 934.528 278.771 324.43 171.695 0.914215
000012 375 1242 1 214.899 189.551 64.2374 31.1261 0.840896
000012 375 1242 1 255.776 187.17 50.5773 28.3868 0.804468
000013 375 1242 1 921.059 271.785 285.474 166.718 0.91483
000013 375 1242 1 209.311 192.082 79.9745 30.6144 0.848677
000014 375 1242 1 906.824 264.64 272.401 157.301 0.966455
000014 375 1242 1 193.506 196.15 73.9172 31.5881 0.852724
000014 375 1242 1 241.791 192.437 51.9437 26.227 0.789344
000015 375 1242 1 899.176 263.128 263.758 158.536 0.96119
000015 375 1242 1 228.47 193.59 65.3845 28.6615 0.845764
000015 375 1242 1 181.923 200.628 75.8994 32.5847 0.827443
000016 375 1242 1 886.925 257.099 248.62 145.839 0.947073
000016 375 1242 1 166.014 202.534 79.2989 33.2352 0.848087
000016 375 1242 1 221.732 194.964 65.267 28.6437 0.820766
000017 375 1242 1 872.586 250.558 226.506 134.898 0.955064
000017 375 1242 1 151.368 202.681 84.2691 34.4352 0.857711
000017 375 1242 1 208.155 196.274 70.5845 31.7613 0.844035
000018 375 1242 1 867.198 248.796 224.322 132.214 0.942081
000018 375 1242 1 143.684 200.84 98.6822 36.4331 0.841964
000018 375 1242 1 194.521 195.811 76.8501 30.3224 0.83651
000019 375 1242 1 853.874 246.619 210.968 128.928 0.963836
000019 375 1242 1 182.069 198.402 76.7325 32.848 0.833371
000019 375 1242 1 125.63 201.312 99.0045 38.9298 0.817331
000019 375 1242 1 855.175 207.961 128.556 55.6811 0.747442
000020 375 1242 1 845.994 246.161 201.308 121.542 0.946578
000020 375 1242 1 174.057 199.289 72.4923 37.7393 0.856084
000020 375 1242 1 101.878 206.148 105.78 42.3175 0.808934
000020 375 1242 1 852.692 211.545 122.363 56.5953 0.749585
000021 375 1242 1 838.255 243.958 194.016 116.687 0.949919
000021 375 1242 1 157.884 200.114 75.587 39.3165 0.860759
000021 375 1242 1 83.9722 202.157 115.969 40.8724 0.84187
000021 375 1242 1 839.754 211.215 121.082 56.563 0.794516
000022 375 1242 1 828.827 242.956 189.347 110.029 0.93342
000022 375 1242 1 64.102 207.589 114.691 43.4555 0.880647
000022 375 1242 1 144.119 202.287 79.8351 39.7336 0.848931
000023 375 1242 1 820.916 240.847 171.741 104.189 0.949653
000023 375 1242 1 49.7235 210.675 94.4284 42.9706 0.856712
000023 375 1242 1 1193.05 299.289 97.895 151.422 0.843624
000023 375 1242 1 128.595 204.882 112.692 45.9276 0.655247
000024 375 1242 1 812.471 239.855 167.268 101.151 0.936505
000024 375 1242 1 44.9336 208.418 78.0594 45.9719 0.891188
000024 375 1242 1 1170.25 308.436 143.503 133.128 0.875958
000024 375 1242 1 95.645 206.026 76.0896 41.8613 0.834146
000025 375 1242 1 1161.55 306.268 156.217 128.63 0.93616
000025 375 1242 1 805.77 239.295 158.845 99.9323 0.930857
000025 375 1242 1 96.3972 200.157 82.0469 45.966 0.80426
000025 375 1242 1 162.918 186.21 81.4853 30.521 0.764941
000026 375 1242 1 795.253 232.94 152.78 95.0159 0.928142
000026 375 1242 1 1152.73 293.065 178.543 158.752 0.925463
000026 375 1242 1 60.5431 203.129 104.923 44.9949 0.831356
000027 375 1242 1 790.928 232.461 149.195 92.8037 0.950423
000027 375 1242 1 1132.78 276.641 218.444 196.717 0.945415
000027 375 1242 1 47.6637 206.283 84.3698 45.7053 0.887167
000028 375 1242 1 1125.64 271.527 232.712 206.945 0.968365
000028 375 1242 1 780.932 231.302 143.553 89.6553 0.937575
000028 375 1242 1 37.7855 209.232 66.31 44.0846 0.854608
000029 375 1242 1 775.611 231.418 139.179 87.7657 0.942405
000029 375 1242 1 1108.74 265.058 266.522 219.884 0.934363
000030 375 1242 1 768.388 228.107 133.64 82.8163 0.921256
000030 375 1242 1 1093.74 257.865 296.519 223.084 0.903322
000031 375 1242 1 758.466 226.169 133.182 81.9461 0.916308
000031 375 1242 1 1086.78 257.995 310.448 227.772 0.857204
000032 375 1242 1 748.352 226.486 127.654 75.6927 0.878822
000032 375 1242 1 1077.59 265.781 328.826 215.664 0.873801
000033 375 1242 1 741.586 224.469 119.769 74.7192 0.912001
000033 375 1242 1 1072.48 265.382 339.048 212.247 0.886663
000034 375 1242 1 730.648 223.643 117.303 72.1767 0.887982
000034 375 1242 1 1051.0 265.838 382.009 215.824 0.764694
000035 375 1242 1 723.742 218.309 113.017 71.6983 0.927436
000035 375 1242 1 1059.26 257.626 365.481 221.136 0.824884
000036 375 1242 1 714.571 217.044 110.377 69.1021 0.92355
000036 375 1242 1 1059.48 269.328 365.048 211.344 0.849034
000037 375 1242 1 706.183 216.711 107.084 67.1202 0.929566
000037 375 1242 1 1033.22 265.452 410.806 205.036 0.861173
000038 375 1242 1 697.807 215.095 102.981 66.1255 0.91591
000038 375 1242 1 969.314 273.153 386.475 202.863 0.906358
000039 375 1242 1 687.311 214.051 98.254 62.1724 0.906447
000039 375 1242 1 955.155 272.096 363.82 205.807 0.877371
000040 375 1242 1 951.118 273.119 353.261 203.763 0.900746
000040 375 1242 1 680.271 212.904 97.3918 62.6047 0.899542
000041 375 1242 1 906.596 274.034 348.024 201.932 0.905464
000041 375 1242 1 670.835 212.967 91.4097 61.7986 0.901366
000042 375 1242 1 664.108 212.798 88.4178 60.1794 0.910685
000042 375 1242 1 886.307 266.558 291.136 195.878 0.858953
000043 375 1242 1 857.27 264.26 283.594 184.539 0.967206
000043 375 1242 1 652.589 212.285 87.272 58.7753 0.903212
000044 375 1242 1 837.826 263.075 269.986 176.076 0.976604
000044 375 1242 1 647.982 212.503 87.1184 58.9716 0.906161
000045 375 1242 1 809.47 258.713 251.641 170.2 0.932266
000045 375 1242 1 640.136 212.171 80.947 57.0621 0.868218
000046 375 1242 1 632.823 211.378 78.2437 56.1465 0.902482
000046 375 1242 1 791.969 251.348 233.089 163.891 0.874628
000047 375 1242 1 774.401 249.874 214.19 155.409 0.932422
000047 375 1242 1 627.113 212.064 74.1866 53.5523 0.913571
000048 375 1242 1 624.438 213.876 69.7654 50.274 0.88794
000048 375 1242 1 760.923 250.938 201.604 152.813 0.878071
000048 375 1242 1 303.323 189.909 45.1235 21.4169 0.653435
000049 375 1242 1 741.94 246.469 185.2 145.458 0.906208
000049 375 1242 1 617.244 210.238 68.9089 52.0711 0.903622
000050 375 1242 1 725.922 243.729 176.807 141.885 0.914095
000050 375 1242 1 610.604 206.698 66.9717 51.7769 0.897068
000051 375 1242 1 712.472 239.308 169.411 138.365 0.892231
000051 375 1242 1 606.187 202.886 62.9739 47.0215 0.86016
000052 375 1242 1 704.232 236.25 156.67 132.437 0.909154
000052 375 1242 1 604.049 202.171 60.5997 49.1925 0.900143
000053 375 1242 1 694.0 228.412 148.128 128.408 0.947455
000053 375 1242 1 597.352 201.304 62.3634 49.2089 0.907612
000054 375 1242 1 685.87 228.643 135.346 122.187 0.910707
000054 375 1242 1 592.094 203.105 59.4081 46.372 0.899538
000054 375 1242 1 272.14 186.161 42.4741 21.6936 0.601197
000055 375 1242 1 673.704 228.255 131.164 112.303 0.918698
000055 375 1242 1 589.076 205.583 59.183 46.5242 0.87082
000055 375 1242 1 262.408 190.214 50.1046 22.9322 0.763079
000056 375 1242 1 664.747 227.889 124.999 106.757 0.908275
000056 375 1242 1 587.362 206.582 55.2957 46.9333 0.877001
000056 375 1242 1 259.495 190.191 50.2537 22.6325 0.750488
000057 375 1242 1 657.386 227.032 117.97 107.912 0.904169
000057 375 1242 1 582.655 206.672 54.9344 45.1289 0.872378
000057 375 1242 1 255.481 190.877 48.6567 22.0889 0.737989
000058 375 1242 1 653.984 224.413 110.75 105.572 0.886275
000058 375 1242 1 577.84 206.472 46.5011 42.2879 0.827206
000058 375 1242 1 247.216 188.534 50.5639 22.0889 0.681733
000058 375 1242 1 384.24 183.551 31.7083 20.4745 0.668321
000059 375 1242 1 635.079 223.242 105.264 101.777 0.861079
000059 375 1242 1 578.734 203.478 54.4463 42.0915 0.832172
000059 375 1242 1 245.561 188.55 52.2867 22.8557 0.71814
000060 375 1242 1 644.245 216.817 99.2523 92.5011 0.86599
000060 375 1242 1 577.71 205.773 46.072 40.2428 0.829254
000060 375 1242 1 242.505 189.199 52.1161 23.6988 0.772835
000060 375 1242 1 187.562 194.426 67.8253 30.0292 0.727405
000060 375 1242 1 786.227 225.37 48.4861 31.7118 0.617568
000061 375 1242 1 638.559 217.559 94.7954 88.9668 0.905173
000061 375 1242 1 576.857 204.699 55.7738 41.0891 0.791962
000061 375 1242 1 239.103 190.785 53.2793 23.8654 0.772752
000061 375 1242 1 382.471 183.276 32.3007 18.7755 0.662622
000062 375 1242 1 632.29 217.809 96.592 92.428 0.9047
000062 375 1242 1 570.517 204.159 58.6312 41.2361 0.808281
000062 375 1242 1 230.068 189.406 53.9938 23.0065 0.748211
000063 375 1242 1 626.136 217.025 97.7856 91.0569 0.911027
000063 375 1242 1 571.462 203.76 56.2543 40.9302 0.818239
000063 375 1242 1 225.75 187.798 53.5143 22.5447 0.713585
000063 375 1242 1 375.702 185.088 31.6949 21.9189 0.667033
000064 375 1242 1 620.79 216.496 94.1227 87.6327 0.908234
000064 375 1242 1 372.56 181.807 36.0784 22.8447 0.783863
000064 375 1242 1 569.641 202.913 44.8756 37.9704 0.740495
000064 375 1242 1 144.884 193.911 79.8813 29.1725 0.730798
000064 375 1242 1 213.42 187.902 65.5859 25.333 0.728823
000065 375 1242 1 618.069 216.522 89.007 81.4019 0.904811
000065 375 1242 1 209.942 192.988 66.1855 24.3088 0.80963
000065 375 1242 1 566.713 206.84 46.5795 36.5003 0.776296
000065 375 1242 1 130.458 201.313 82.3406 29.8661 0.734085
000065 375 1242 1 365.87 188.165 34.7505 21.2874 0.613685
000066 375 1242 1 613.225 216.957 87.8135 80.0061 0.900673
000066 375 1242 1 568.351 207.299 57.6467 38.7286 0.822105
000066 375 1242 1 199.709 197.741 66.5269 26.8694 0.807779
000066 375 1242 1 528.811 203.781 71.9257 33.1949 0.707996
000066 375 1242 1 124.585 205.027 78.9628 29.331 0.65618
000067 375 1242 1 607.476 218.144 86.9698 82.57 0.883167
000067 375 1242 1 530.941 205.324 77.4936 34.022 0.760935
000067 375 1242 1 109.351 204.117 83.8613 29.8805 0.726419
000067 375 1242 1 192.527 204.414 66.65 27.5994 0.715403
000067 375 1242 1 358.968 187.072 39.4354 22.5328 0.676089
000067 375 1242 1 565.085 210.429 58.9626 39.2586 0.664154
000068 375 1242 1 600.194 217.615 86.99 79.9052 0.864509
000068 375 1242 1 183.324 200.466 74.2278 29.2912 0.809961
000068 375 1242 1 563.897 206.814 46.4821 41.3505 0.804566
000068 375 1242 1 94.0303 205.968 83.5599 30.7383 0.690154
000069 375 1242 1 599.819 213.787 80.5956 77.4662 0.895504
000069 375 1242 1 177.573 192.074 72.646 29.7437 0.858466
000069 375 1242 1 565.089 202.302 56.2959 40.9079 0.766651
000069 375 1242 1 77.48 202.564 90.83 33.2354 0.755239
000069 375 1242 1 351.116 185.754 44.6854 24.5116 0.68687
000070 375 1242 1 595.97 210.262 81.3644 73.1613 0.882228
000070 375 1242 1 166.006 191.012 83.3286 30.8395 0.838836
000070 375 1242 1 567.015 200.584 58.9838 42.3144 0.831451
000070 375 1242 1 63.7992 198.624 96.8062 32.0435 0.829758
000070 375 1242 1 338.412 179.416 41.8553 20.3894 0.733634
000071 375 1242 1 598.078 209.49 81.3557 73.6678 0.862335
000071 375 1242 1 50.9376 198.811 94.7343 34.5593 0.840903
000071 375 1242 1 148.155 190.261 75.7333 29.8987 0.793259
000071 375 1242 1 336.254 183.294 44.4178 20.458 0.692166
000072 375 1242 1 595.936 212.126 78.5785 70.8593 0.860876
000072 375 1242 1 145.318 192.82 74.0016 34.0909 0.820479
000072 375 1242 1 38.9767 201.329 77.9535 40.1724 0.795321
000072 375 1242 1 327.299 184.057 46.9205 25.6349 0.738756
000073 375 1242 1 591.431 212.604 79.35 72.5224 0.869177
000073 375 1242 1 131.427 197.08 87.1964 33.7175 0.85957
000073 375 1242 1 319.765 187.04 44.5114 26.1842 0.688811
000074 375 1242 1 588.096 211.987 80.3962 69.8128 0.867104
000074 375 1242 1 116.423 199.796 93.1858 32.1794 0.80425
000074 375 1242 1 308.028 187.082 49.2869 29.7837 0.61039
000075 375 1242 1 583.666 209.808 70.9545 63.4164 0.897418
000075 375 1242 1 109.665 194.627 94.4776 34.4348 0.847597
000075 375 1242 1 295.387 186.95 50.8958 29.0671 0.727774
000076 375 1242 1 583.822 210.345 73.3701 65.2741 0.899548
000076 375 1242 1 95.2488 195.004 99.9378 35.7457 0.880187
000076 375 1242 1 289.99 187.452 63.0848 31.5721 0.693178
000076 375 1242 1 360.238 184.606 44.8827 18.2765 0.607635
000077 375 1242 1 585.148 210.622 72.7579 64.7344 0.88873
000077 375 1242 1 81.8027 194.121 100.679 34.8862 0.869354
000077 375 1242 1 280.72 182.161 63.6755 41.9341 0.868605
000078 375 1242 1 583.388 210.405 70.9374 63.1706 0.903772
000078 375 1242 1 66.0539 194.713 107.288 33.7666 0.862185
000078 375 1242 1 264.459 186.731 67.3128 36.1845 0.763573
000079 375 1242 1 584.652 209.844 69.1403 60.7876 0.904127
000079 375 1242 1 53.3733 193.979 106.747 35.843 0.86349
000079 375 1242 1 248.458 184.313 72.6834 41.7575 0.833532
000080 375 1242 1 582.313 209.649 66.8682 62.8072 0.901833
000080 375 1242 1 48.975 193.841 97.9501 38.8695 0.894106
000081 375 1242 1 45.1584 194.019 82.6852 41.2455 0.900506
000081 375 1242 1 584.92 209.678 64.1011 53.9055 0.898805
000081 375 1242 1 217.018 181.988 90.063 56.8812 0.89161
000081 375 1242 1 359.239 182.232 49.0464 18.3217 0.707326
000082 375 1242 1 585.622 210.116 62.896 58.9879 0.90766
000082 375 1242 1 192.505 183.59 102.095 52.3233 0.893764
000082 375 1242 1 37.9248 192.944 72.1375 41.8226 0.872752
000083 375 1242 1 587.86 210.77 64.157 57.582 0.905582
000083 375 1242 1 165.039 185.4 109.464 53.3176 0.85304
000083 375 1242 1 29.6284 191.701 44.649 43.5666 0.819703
000084 375 1242 1 130.555 187.417 109.451 52.5291 0.892393
000084 375 1242 1 588.513 210.426 65.5264 56.3366 0.884009
000085 375 1242 1 589.626 210.156 62.1201 55.6799 0.860455
000085 375 1242 1 85.9325 185.431 106.597 50.3628 0.762694
000085 375 1242 1 354.962 181.403 50.8102 18.5111 0.687725
000086 375 1242 1 52.2587 182.629 98.6081 65.2398 0.890618
000086 375 1242 1 588.894 207.77 60.986 54.1504 0.841657
000086 375 1242 1 369.424 177.31 42.9142 18.7931 0.687681
000087 375 1242 1 589.73 199.781 60.3132 52.0081 0.86369
000087 375 1242 1 48.7674 168.01 97.5348 75.1996 0.70808
000087 375 1242 1 341.675 179.787 42.9149 18.4701 0.675121
000087 375 1242 1 372.65 175.0 32.3417 17.6462 0.628445
000088 375 1242 1 588.73 207.275 59.6311 51.9071 0.863558
000088 375 1242 1 339.435 177.349 43.8654 19.5155 0.737072
000088 375 1242 1 368.405 176.168 38.531 19.3355 0.689737
000089 375 1242 1 589.217 207.023 61.2076 53.1838 0.864247
000089 375 1242 1 335.668 178.51 43.5779 19.6418 0.757242
000090 375 1242 1 589.701 200.68 59.9133 53.3488 0.883696
000090 375 1242 1 335.465 179.109 50.1308 20.2542 0.769505
000091 375 1242 1 590.15 200.725 60.4445 50.5039 0.873852
000091 375 1242 1 327.743 179.298 46.4431 21.5822 0.80819
000091 375 1242 1 370.171 175.672 38.511 18.1106 0.637526
000092 375 1242 1 592.205 201.734 61.0253 54.5292 0.890052
000092 375 1242 1 322.48 182.478 47.2732 20.5131 0.758107
000092 375 1242 1 357.201 180.886 42.862 19.2097 0.660766
000092 375 1242 1 34.3449 172.358 34.1342 25.0376 0.623492
000093 375 1242 1 590.454 201.737 59.5082 52.8935 0.901483
000093 375 1242 1 323.944 183.553 50.0694 21.0995 0.757366
000094 375 1242 1 588.853 201.343 56.1211 53.1723 0.911748
000094 375 1242 1 320.144 183.216 51.2237 20.9837 0.737571
000095 375 1242 1 588.641 199.905 56.0172 50.6948 0.904794
000095 375 1242 1 310.512 181.363 50.0707 19.7395 0.761897
000095 375 1242 1 356.696 181.405 44.6989 18.3204 0.666773
000096 375 1242 1 588.133 199.003 53.3909 52.808 0.913415
000096 375 1242 1 309.348 178.508 54.4438 21.081 0.788896
000096 375 1242 1 359.054 176.207 43.9484 19.6032 0.632822
000097 375 1242 1 588.98 197.07 53.2556 50.8292 0.895289
000097 375 1242 1 304.95 177.157 54.8492 20.9926 0.768021
000098 375 1242 1 588.493 196.292 50.3447 52.1347 0.882293
000098 375 1242 1 294.676 177.146 57.1838 21.1872 0.780441
000099 375 1242 1 588.636 199.555 51.1173 50.6644 0.895985
000099 375 1242 1 294.131 182.666 68.3474 22.3632 0.759859
000100 375 1242 1 590.644 201.25 51.8141 48.6341 0.887303
000100 375 1242 1 290.664 187.725 67.5347 23.2923 0.696576
000101 375 1242 1 592.816 201.984 50.4222 46.7163 0.865435
000101 375 1242 1 284.637 188.806 64.2417 26.058 0.683177
000101 375 1242 1 337.959 187.562 40.7748 20.9203 0.647689
000102 375 1242 1 593.315 201.991 55.1193 48.6788 0.889983
000102 375 1242 1 326.67 187.665 45.9728 22.2877 0.693179
000102 375 1242 1 272.381 189.61 54.6095 24.2571 0.632695
000103 375 1242 1 593.071 201.887 56.9873 46.882 0.867739
000103 375 1242 1 273.011 184.846 67.5498 25.6154 0.735382
000104 375 1242 1 593.992 201.524 55.0121 48.0149 0.883749
000104 375 1242 1 259.563 188.736 67.4663 26.2816 0.788603
000105 375 1242 1 590.302 199.907 48.9684 48.2457 0.85433
000105 375 1242 1 256.191 188.416 73.6308 26.3314 0.753075
000105 375 1242 1 291.405 184.348 47.3551 22.2155 0.602173
000106 375 1242 1 594.436 199.948 45.4261 45.8903 0.845229
000106 375 1242 1 277.263 185.023 46.5463 24.9924 0.648444
000106 375 1242 3 242.808 195.083 53.7188 45.4318 0.767523
000107 375 1242 1 595.898 198.02 51.1415 48.5002 0.871629
000107 375 1242 1 309.135 189.843 43.5537 23.2124 0.608442
000108 375 1242 1 595.115 199.963 45.7605 44.7055 0.873008
000108 375 1242 1 223.294 186.592 62.3251 30.2932 0.760459
000108 375 1242 1 271.895 185.452 48.9715 25.5521 0.691943
000108 375 1242 1 306.084 189.33 44.4147 23.0191 0.600695
000109 375 1242 1 595.289 199.944 45.473 44.0312 0.860258
000109 375 1242 1 210.376 187.955 71.6483 32.5333 0.814026
000109 375 1242 1 262.127 189.373 51.8758 27.0961 0.693814
000110 375 1242 1 595.302 199.51 45.3766 45.0045 0.877215
000110 375 1242 1 204.397 186.874 68.2343 29.6353 0.751154
000110 375 1242 1 256.947 185.66 52.4332 25.032 0.658559
000111 375 1242 1 595.131 198.939 42.9664 42.1301 0.88935
000111 375 1242 1 189.66 188.033 71.4711 30.2122 0.820946
000111 375 1242 1 244.14 186.24 52.0971 24.8588 0.637279
000111 375 1242 1 286.61 190.294 47.3756 24.2393 0.611596
000112 375 1242 1 596.671 201.187 45.5139 42.6852 0.87668
000112 375 1242 1 176.079 189.934 76.1438 31.3682 0.851637
000112 375 1242 1 228.356 189.186 52.0951 26.6293 0.798265
000112 375 1242 1 274.221 187.764 48.8338 25.5616 0.760163
000113 375 1242 1 597.609 200.245 43.9685 43.1332 0.899148
000113 375 1242 1 160.356 193.305 84.5418 31.9498 0.879726
000113 375 1242 1 224.69 191.362 65.3823 28.7888 0.762953
000113 375 1242 1 270.904 189.211 47.3075 23.422 0.739264
000114 375 1242 1 596.33 201.914 43.16 40.2162 0.888045
000114 375 1242 1 143.993 196.561 84.715 34.6298 0.871341
000114 375 1242 1 210.227 194.586 63.981 28.8347 0.831928
000114 375 1242 1 259.266 191.101 53.7064 27.1537 0.829424
000115 375 1242 1 597.333 201.739 43.5765 38.2522 0.889216
000115 375 1242 1 127.206 195.817 89.6947 35.6898 0.866895
000115 375 1242 1 257.31 193.858 54.6126 28.9171 0.832915
000115 375 1242 1 197.395 195.348 68.9729 28.0475 0.82068
000116 375 1242 1 598.004 199.514 43.1238 38.719 0.888035
000116 375 1242 1 109.131 194.123 96.176 35.7679 0.845918
000116 375 1242 1 190.715 191.24 76.6387 31.5572 0.825048
000116 375 1242 1 242.598 190.081 54.284 26.9142 0.626808
000117 375 1242 1 599.011 197.963 41.9094 39.3846 0.88492
000117 375 1242 1 84.9229 192.174 101.393 37.218 0.857883
000117 375 1242 1 176.403 188.62 73.8618 32.0345 0.805082
000117 375 1242 1 227.043 185.95 50.5838 26.589 0.72113
000118 375 1242 1 224.137 195.938 68.019 40.0525 0.888246
000118 375 1242 1 599.462 197.632 43.0985 38.5451 0.882019
000118 375 1242 1 66.4975 194.546 101.567 37.8444 0.876177
000118 375 1242 1 158.339 190.916 82.4534 35.378 0.839791
000119 375 1242 1 598.179 197.504 41.7845 39.6049 0.890671
000119 375 1242 1 51.5853 197.395 98.5366 39.169 0.87873
000119 375 1242 1 143.649 195.748 88.5483 35.0583 0.845872
000120 375 1242 1 598.019 199.762 41.2328 39.1482 0.895191
000120 375 1242 1 46.17 201.092 79.3645 42.2225 0.882824
000120 375 1242 1 114.656 197.945 92.6827 34.8785 0.825702
000120 375 1242 1 209.108 193.668 50.0155 25.5462 0.798429
000121 375 1242 1 598.476 200.318 38.7979 40.4489 0.898096
000121 375 1242 1 182.81 196.699 70.2842 31.6115 0.809602
000121 375 1242 1 99.3167 199.854 97.3373 31.5733 0.785995
000121 375 1242 1 30.494 199.249 41.0355 34.9648 0.653821
000122 375 1242 1 599.489 199.793 39.6808 39.7498 0.89523
000122 375 1242 1 172.758 197.916 73.6517 34.1677 0.862573
000122 375 1242 1 97.4909 191.532 86.9872 27.1751 0.76033
000123 375 1242 1 600.228 198.111 39.375 37.6302 0.886027
000123 375 1242 1 156.445 195.852 83.4258 35.7238 0.881121
000123 375 1242 1 83.0379 199.569 80.4038 35.1105 0.857061
000124 375 1242 1 50.9755 199.264 94.7468 42.8192 0.891136
000124 375 1242 1 600.331 198.121 38.4901 37.9409 0.88782
000124 375 1242 1 140.695 196.76 87.9009 35.232 0.85538
000125 375 1242 1 599.385 200.638 40.2775 38.3752 0.888783
000125 375 1242 1 43.066 202.387 77.5405 39.4493 0.88545
000125 375 1242 1 118.903 199.003 95.4698 37.9376 0.853765
000126 375 1242 1 601.022 201.632 37.9071 34.4361 0.860029
000126 375 1242 1 99.4436 199.231 99.1096 38.2659 0.838278
000126 375 1242 1 29.5769 200.711 59.1538 38.7833 0.631278
000127 375 1242 1 600.863 199.136 40.7701 34.2381 0.861908
000127 375 1242 1 78.2045 201.73 113.499 41.9683 0.824308
000128 375 1242 1 601.458 198.582 38.3728 32.7339 0.834972
000128 375 1242 1 54.3159 201.827 108.632 44.0459 0.813695
000129 375 1242 1 50.0299 198.433 89.3663 39.3695 0.891525
000129 375 1242 1 601.775 198.186 38.8032 33.9541 0.830014
000129 375 1242 3 341.156 185.985 39.4169 40.689 0.719252
000130 375 1242 1 42.8399 198.405 73.4516 35.6954 0.849764
000130 375 1242 1 602.977 197.766 38.0493 35.2205 0.837838
000131 375 1242 1 602.646 197.526 37.8417 35.7097 0.842672
000131 375 1242 1 31.5425 194.104 54.2818 38.4464 0.797844
000131 375 1242 1 470.719 176.969 39.7428 16.767 0.627137
000131 375 1242 3 44.2877 191.943 50.9932 33.0777 0.681336
000132 375 1242 1 602.616 197.781 36.903 34.5201 0.840839
000132 375 1242 3 302.264 194.48 34.6051 36.3755 0.721162
000133 375 1242 1 607.832 198.0 35.995 34.2097 0.836609
000134 375 1242 1 607.755 196.408 34.8289 35.4426 0.833791
000134 375 1242 1 29.3767 185.974 52.1462 24.6064 0.740479
000135 375 1242 1 607.353 194.908 38.525 34.8547 0.852822
000136 375 1242 1 609.242 192.628 37.1687 35.0911 0.872505
000137 375 1242 1 609.49 188.593 41.7197 35.7156 0.875227
000137 375 1242 1 311.804 186.275 49.6187 21.6467 0.703691
000138 375 1242 1 607.844 188.026 40.1837 34.6524 0.867979
000138 375 1242 1 307.093 185.167 51.8013 22.7112 0.725224
000139 375 1242 1 608.039 194.293 39.0437 36.0843 0.859318
000140 375 1242 1 608.578 200.806 37.9664 36.2359 0.83913
000140 375 1242 1 290.915 190.799 51.5349 22.2599 0.788767
000141 375 1242 1 608.792 202.252 40.4242 33.1123 0.827816
000141 375 1242 1 278.356 194.233 49.4727 22.896 0.800748
000142 375 1242 1 604.037 196.747 37.7469 33.1741 0.837321
000142 375 1242 1 263.854 192.862 49.5197 21.9331 0.732844
000142 375 1242 2 1210.95 268.589 30.7148 81.7815 0.664276
000143 375 1242 1 607.85 198.793 36.6643 32.5969 0.82724
