000000 375 1242 1 603.407 174.038 685.586 236.93 1.0
000000 375 1242 1 346.518 181.009 393.493 208.092 0.999997
000000 375 1242 1 426.084 179.061 465.587 205.527 0.999994
000001 375 1242 1 599.807 174.83 679.606 234.358 0.999999
000001 375 1242 1 335.439 181.144 385.848 209.419 0.999993
000001 375 1242 1 416.831 177.758 459.176 207.284 0.99998
000002 375 1242 1 595.997 177.081 675.621 236.557 0.999999
000002 375 1242 1 405.795 179.99 452.397 209.336 0.999994
000002 375 1242 1 322.949 182.007 379.581 211.755 0.999985
000003 375 1242 1 592.787 178.906 672.248 237.966 0.999999
000003 375 1242 1 308.55 183.222 369.638 216.824 0.999996
000003 375 1242 1 393.154 182.044 447.573 214.005 0.999991
000004 375 1242 1 376.35 183.526 437.423 220.75 1.0
000004 375 1242 1 589.941 181.203 667.3 240.378 0.999999
000004 375 1242 1 293.773 184.003 358.038 219.178 0.999933
000005 375 1242 1 589.322 180.868 665.958 238.355 0.999998
000005 375 1242 1 356.236 183.294 427.057 223.303 0.999997
000005 375 1242 1 275.441 183.502 345.818 221.187 0.99994
000006 375 1242 1 330.768 185.028 414.758 228.838 1.0
000006 375 1242 1 586.653 180.27 661.727 239.418 0.999996
000006 375 1242 1 251.341 184.526 329.389 226.039 0.999972
000007 375 1242 1 298.862 188.038 397.522 236.898 1.0
000007 375 1242 1 585.038 181.416 657.991 239.902 0.999997
000007 375 1242 1 224.196 185.704 312.312 230.411 0.999977
000008 375 1242 1 259.522 190.019 374.298 246.96 1.0
000008 375 1242 1 583.569 183.021 655.2 241.165 0.999996
000008 375 1242 1 189.477 188.113 287.887 239.33 0.996493
000009 375 1242 1 583.365 181.715 652.727 240.947 0.999994
000009 375 1242 1 191.611 188.788 340.649 258.637 0.999993
000010 375 1242 1 95.675 189.153 299.349 275.799 0.999999
000010 375 1242 1 580.347 180.844 649.607 239.247 0.999997
000011 375 1242 1 579.69 178.58 648.52 238.788 0.999997
000011 375 1242 1 0.0 189.726 255.237 298.728 0.999925
000012 375 1242 1 574.88 178.487 642.776 237.821 1.0
000013 375 1242 1 573.416 179.714 640.504 238.625 0.999999
000014 375 1242 1 572.838 177.774 634.307 238.207 0.999998
000015 375 1242 1 567.264 177.526 634.082 236.129 0.999998
000016 375 1242 1 565.687 175.516 630.976 234.599 0.999998
000017 375 1242 1 562.961 176.261 628.667 234.399 0.999998
000018 375 1242 1 562.967 176.068 626.982 236.502 0.999999
000019 375 1242 1 562.07 176.486 624.209 236.757 0.999998
000020 375 1242 1 560.048 178.524 622.392 236.308 0.999999
000021 375 1242 1 560.182 178.92 621.958 236.848 0.999998
000022 375 1242 1 561.098 179.286 622.297 237.306 0.999996
000023 375 1242 1 560.281 179.903 621.889 237.066 0.999997
000024 375 1242 1 558.8 180.307 622.741 236.723 0.999995
000025 375 1242 1 560.788 176.654 623.638 234.438 0.999998
000026 375 1242 1 560.866 177.73 622.907 233.977 0.999998
000027 375 1242 1 561.435 175.834 623.599 233.104 0.999997
000028 375 1242 1 563.316 175.946 624.644 232.688 0.999999
000029 375 1242 1 565.6 175.784 625.594 232.904 0.999999
000030 375 1242 1 567.123 174.204 627.934 231.76 0.999997
000031 375 1242 1 565.603 174.721 626.823 234.332 0.999998
000032 375 1242 1 569.67 176.164 628.766 235.949 0.999996
000033 375 1242 1 571.23 177.375 629.967 234.702 0.999995
000034 375 1242 1 571.068 177.702 632.994 235.618 0.999995
000035 375 1242 1 571.847 176.781 633.832 235.403 0.999997
000036 375 1242 1 573.083 177.95 633.81 232.86 0.999993
000037 375 1242 1 574.438 175.852 632.44 231.335 0.999995
000038 375 1242 1 574.24 176.041 634.92 231.703 0.999994
000039 375 1242 1 574.27 175.339 633.877 231.813 0.999999
000040 375 1242 1 575.932 175.095 633.551 232.227 0.999998
000041 375 1242 1 576.144 174.885 632.545 232.626 0.999997
000042 375 1242 1 576.038 176.824 633.396 231.3 0.999998
000043 375 1242 1 575.419 176.981 633.615 232.471 0.999999
000044 375 1242 1 577.38 178.349 634.774 232.703 0.999998
000045 375 1242 1 577.56 179.369 634.187 233.116 0.999999
000046 375 1242 1 576.967 178.331 634.136 233.492 0.999997
000047 375 1242 1 575.7 176.836 632.331 233.076 0.999997
000048 375 1242 1 574.298 176.922 631.108 231.629 0.999998
000049 375 1242 1 574.286 178.725 630.742 232.268 0.999997
000050 375 1242 1 575.891 178.059 631.931 233.396 0.999978
000051 375 1242 1 574.518 179.783 631.113 234.253 0.999997
000052 375 1242 1 574.173 179.345 629.948 232.598 0.999999
000053 375 1242 1 574.281 177.985 631.158 231.437 0.999997
000054 375 1242 1 572.986 179.32 627.904 229.991 0.999996
000055 375 1242 1 572.169 177.578 627.339 230.028 0.999996
000056 375 1242 1 571.313 175.327 627.011 226.84 0.999997
000057 375 1242 1 569.443 174.791 624.864 227.069 0.999997
000058 375 1242 1 568.646 178.64 623.358 229.973 0.999992
000059 375 1242 1 567.837 179.984 623.243 234.177 0.999993
000060 375 1242 1 567.695 181.833 621.248 237.576 0.999995
000061 375 1242 1 564.618 180.658 619.257 232.618 0.999996
000062 375 1242 1 565.227 171.817 618.964 227.674 0.999997
000063 375 1242 1 563.559 171.085 618.218 219.826 0.999997
000064 375 1242 1 564.027 170.319 617.911 222.737 0.999998
000064 375 1242 1 1059.36 156.539 1144.96 194.178 0.790543
000065 375 1242 1 564.319 177.193 618.491 227.412 0.999998
000065 375 1242 1 1073.05 159.367 1167.27 199.767 0.765181
000066 375 1242 1 565.264 180.209 617.691 229.913 0.999991
000066 375 1242 1 1091.15 161.87 1195.53 200.541 0.732867
000067 375 1242 1 563.688 179.168 617.392 228.08 0.999991
000067 375 1242 1 1106.55 166.415 1217.81 205.446 0.959618
000068 375 1242 1 562.391 176.374 616.89 226.465 0.999999
000068 375 1242 1 1120.92 163.416 1242.0 209.96 0.85211
000069 375 1242 1 563.733 176.59 618.208 224.939 0.999998
000069 375 1242 1 1144.49 169.376 1242.0 205.722 0.813548
000069 375 1242 1 500.714 179.303 527.712 198.743 0.558346
000070 375 1242 1 564.132 174.889 617.685 222.979 0.999998
000070 375 1242 1 493.92 178.456 520.554 198.251 0.93638
000071 375 1242 1 562.654 174.094 617.915 221.418 0.999999
000071 375 1242 1 487.05 176.996 517.224 199.137 0.999416
000072 375 1242 1 564.35 177.109 616.304 224.484 0.999997
000072 375 1242 1 480.184 179.916 513.174 202.695 0.999461
000072 375 1242 1 541.443 176.624 563.963 195.737 0.690217
000073 375 1242 1 566.597 174.757 616.104 224.951 0.999991
000073 375 1242 1 472.396 181.817 508.073 205.825 0.999692
000073 375 1242 1 539.748 175.661 564.198 196.849 0.988239
000074 375 1242 1 565.569 175.232 619.279 223.869 0.999998
000074 375 1242 1 463.505 182.086 502.26 207.106 0.99993
000074 375 1242 1 534.351 176.807 561.505 198.622 0.997673
000075 375 1242 1 565.883 175.852 617.555 223.892 0.999999
000075 375 1242 1 451.834 183.438 495.092 210.738 0.999958
000075 375 1242 1 531.773 178.376 560.556 199.505 0.999509
000076 375 1242 1 565.726 176.203 617.218 223.838 0.999998
000076 375 1242 1 438.941 184.273 483.732 214.315 0.999976
000076 375 1242 1 525.898 177.724 555.114 201.286 0.999922
000077 375 1242 1 565.917 175.999 618.576 223.753 0.999997
000077 375 1242 1 422.299 184.831 473.659 219.087 0.999992
000077 375 1242 1 519.136 178.799 555.183 204.68 0.999987
000078 375 1242 1 400.826 188.053 462.066 227.956 0.999998
000078 375 1242 1 564.671 179.356 618.649 227.435 0.999995
000078 375 1242 1 512.087 182.089 551.704 209.683 0.999991
000079 375 1242 1 376.583 196.478 448.24 240.734 0.999999
000079 375 1242 1 504.161 188.028 548.01 220.039 0.999998
000079 375 1242 1 565.686 181.994 617.377 234.385 0.999997
000080 375 1242 1 566.8 183.114 616.978 233.005 0.999999
000080 375 1242 1 492.436 188.799 540.354 225.358 0.999997
000080 375 1242 1 342.968 197.291 429.728 247.705 0.999996
000081 375 1242 1 479.01 187.53 534.508 228.219 1.0
000081 375 1242 1 568.793 182.061 620.868 230.726 0.999999
000081 375 1242 1 304.36 198.225 407.884 258.197 0.999983
000082 375 1242 1 464.395 188.325 525.57 233.644 0.999999
000082 375 1242 1 569.213 182.654 618.909 230.554 0.999998
000082 375 1242 1 246.421 199.353 376.003 273.087 0.999983
000083 375 1242 1 439.39 189.277 515.041 240.415 0.999999
000083 375 1242 1 570.895 181.006 618.041 229.414 0.999997
000083 375 1242 1 143.06 201.792 321.817 291.424 0.999979
000084 375 1242 1 405.741 185.536 501.839 251.406 1.0
000084 375 1242 1 569.615 178.571 619.509 227.218 0.999992
000084 375 1242 1 6.05387 208.877 259.18 323.586 0.999652
000085 375 1242 1 352.789 185.188 486.101 268.639 0.999999
000085 375 1242 1 571.139 177.625 620.769 224.306 0.999995
000086 375 1242 1 273.345 188.988 457.664 299.588 0.999999
000086 375 1242 1 571.113 176.859 621.722 224.33 0.999984
000087 375 1242 1 569.997 179.258 621.247 226.111 0.999994
000087 375 1242 1 107.278 198.242 400.496 356.88 0.999969
000088 375 1242 1 570.272 178.5 621.273 226.302 0.999994
000089 375 1242 1 570.246 178.689 620.07 226.717 0.999993
000090 375 1242 1 569.647 177.054 619.337 225.897 0.999998
000091 375 1242 1 570.466 176.025 618.766 224.829 0.999998
000092 375 1242 1 571.221 175.385 619.181 223.854 0.999995
000093 375 1242 1 570.197 174.9 618.128 223.903 0.999998
000094 375 1242 1 570.063 177.0 619.684 225.317 0.999994
000095 375 1242 1 569.751 176.236 618.31 224.365 0.999998
000096 375 1242 1 567.058 177.122 618.473 225.686 0.999997
000097 375 1242 1 565.655 177.972 616.675 224.465 0.999999
000098 375 1242 1 567.805 177.085 615.963 223.883 0.999996
000099 375 1242 1 563.987 175.513 617.524 222.725 0.999997
000100 375 1242 1 564.759 177.4 616.373 224.107 0.999987
000101 375 1242 1 561.561 178.605 614.126 226.426 0.999996
000102 375 1242 1 560.207 180.245 614.758 227.291 0.999992
000103 375 1242 1 561.372 180.783 613.928 226.274 0.999998
000104 375 1242 1 561.548 177.92 613.116 226.148 0.999999
000104 375 1242 1 839.064 171.285 885.769 189.895 0.667627
000105 375 1242 1 560.743 175.878 614.55 226.15 0.999997
000105 375 1242 1 848.073 169.596 893.873 189.462 0.639843
000106 375 1242 1 561.227 176.066 614.805 226.531 0.999997
000106 375 1242 1 856.958 169.749 902.945 190.271 0.880487
000107 375 1242 1 561.423 177.725 616.113 225.938 0.999997
000108 375 1242 1 561.584 176.808 615.909 227.147 0.999996
000108 375 1242 1 869.015 169.657 929.878 191.288 0.898547
000108 375 1242 1 519.183 177.644 542.714 198.644 0.782044
000109 375 1242 1 562.939 177.112 615.659 226.267 0.999997
000109 375 1242 1 881.03 168.288 938.285 191.743 0.98828
000109 375 1242 1 517.293 178.624 540.315 198.605 0.791616
000110 375 1242 1 563.596 176.837 616.756 225.807 0.999995
000110 375 1242 1 511.647 177.869 539.295 199.67 0.999115
000110 375 1242 1 894.37 168.343 949.896 189.929 0.985318
000111 375 1242 1 564.69 176.973 617.804 226.381 0.999995
000111 375 1242 1 506.153 179.462 535.476 201.463 0.998386
000111 375 1242 1 897.318 167.225 964.518 190.346 0.973771
000112 375 1242 1 563.938 175.561 618.699 227.853 0.999997
000112 375 1242 1 500.81 180.255 532.598 203.762 0.999968
000112 375 1242 1 914.827 168.46 983.129 190.809 0.99333
000113 375 1242 1 564.528 178.776 619.701 227.828 0.999994
000113 375 1242 1 492.978 180.639 526.859 206.189 0.999948
000113 375 1242 1 925.133 170.183 1003.09 195.421 0.97669
000114 375 1242 1 564.761 179.356 619.493 228.381 0.999994
000114 375 1242 1 484.079 182.383 522.486 209.128 0.999958
000114 375 1242 1 943.321 170.987 1012.59 197.135 0.988315
000115 375 1242 1 476.18 180.001 515.802 208.697 0.999997
000115 375 1242 1 565.453 175.207 619.843 226.998 0.999989
000115 375 1242 1 955.561 167.969 1025.2 192.945 0.933394
000116 375 1242 1 565.061 174.229 621.492 223.8 0.999994
000116 375 1242 1 462.862 177.303 507.459 211.561 0.999979
000116 375 1242 1 971.958 162.698 1053.87 195.728 0.998021
000117 375 1242 1 566.888 175.014 620.391 224.618 0.999995
000117 375 1242 1 449.451 179.139 502.887 216.283 0.999988
000117 375 1242 1 987.404 162.146 1072.9 193.175 0.997013
000118 375 1242 1 566.584 176.127 622.672 227.792 0.999995
000118 375 1242 1 432.477 183.758 491.444 223.753 0.999984
000118 375 1242 1 1007.71 161.965 1103.98 193.52 0.981069
000118 375 1242 1 524.749 177.449 551.077 197.804 0.777223
000119 375 1242 1 568.256 177.268 621.109 232.457 0.999998
000119 375 1242 1 412.752 187.502 477.696 231.935 0.999926
000119 375 1242 1 1029.78 168.893 1146.71 203.934 0.99684
000119 375 1242 1 519.344 182.632 548.117 202.833 0.963363
000120 375 1242 1 568.504 178.931 621.712 231.78 0.999997
000120 375 1242 1 383.115 187.822 462.243 240.516 0.999996
000120 375 1242 1 516.813 184.01 544.534 204.113 0.994206
000120 375 1242 1 1046.81 170.193 1151.3 208.236 0.815633
000121 375 1242 1 567.732 175.736 622.343 224.54 0.999997
000121 375 1242 1 349.472 182.427 440.94 245.226 0.99997
000121 375 1242 1 507.892 177.942 538.195 200.257 0.997012
000121 375 1242 1 1074.85 166.551 1212.35 207.04 0.988197
000122 375 1242 1 567.964 171.567 622.754 223.318 0.999999
000122 375 1242 1 499.332 175.176 536.045 199.695 0.999972
000122 375 1242 1 293.794 181.282 412.655 257.991 0.999842
000122 375 1242 1 1097.06 162.685 1240.66 206.422 0.988027
000123 375 1242 1 566.707 173.178 623.04 223.275 0.999996
000123 375 1242 1 492.522 177.341 530.651 201.164 0.999987
000123 375 1242 1 221.202 183.475 374.909 280.878 0.998769
000123 375 1242 1 1134.25 159.182 1242.0 204.06 0.960515
000124 375 1242 1 566.947 171.849 625.379 223.685 0.999998
000124 375 1242 1 484.872 178.145 525.154 205.597 0.999996
000124 375 1242 1 84.7436 190.214 313.91 324.182 0.999397
000125 375 1242 1 567.5 173.674 625.3 224.397 0.999997
000125 375 1242 1 473.491 181.708 517.451 211.202 0.999995
000125 375 1242 1 0.0 198.368 236.378 369.551 0.847351
000126 375 1242 1 566.749 174.537 623.738 228.673 0.999998
000126 375 1242 1 462.048 184.218 511.078 215.932 0.999926
000127 375 1242 1 444.29 186.181 502.726 222.881 0.999996
000127 375 1242 1 567.292 178.172 626.297 228.799 0.999991
000128 375 1242 1 566.357 177.633 625.554 228.623 0.999993
000128 375 1242 1 426.655 186.837 490.535 227.223 0.999988
000129 375 1242 1 405.692 186.227 478.126 232.425 0.999998
000129 375 1242 1 568.195 174.099 623.316 229.514 0.999998
000130 375 1242 1 566.585 173.533 624.104 229.09 0.999999
000130 375 1242 1 373.917 187.488 463.628 240.214 0.999996
000131 375 1242 1 566.885 173.47 623.84 227.23 0.999999
000131 375 1242 1 330.149 191.536 437.717 252.767 0.999997
000132 375 1242 1 566.153 174.434 621.832 229.314 0.999999
000132 375 1242 1 270.953 194.201 407.639 270.509 0.99997
000132 375 1242 1 810.143 162.365 846.845 184.899 0.560388
000133 375 1242 1 565.441 175.507 623.519 230.999 0.999999
000133 375 1242 1 183.09 199.221 371.148 295.68 0.999609
000133 375 1242 1 638.645 174.878 661.436 195.63 0.903886
000133 375 1242 1 815.919 164.289 853.62 187.028 0.705288
000134 375 1242 1 565.904 176.968 620.438 232.637 0.999996
000134 375 1242 1 46.6782 206.324 314.16 339.047 0.999808
000134 375 1242 1 640.588 177.723 659.766 196.721 0.947543
000134 375 1242 1 823.018 166.326 865.145 188.657 0.862799
000135 375 1242 1 564.163 178.771 623.069 234.79 0.999998
000135 375 1242 1 0.0 216.787 246.973 356.391 0.980613
000135 375 1242 1 639.443 179.247 663.533 200.287 0.97475
000135 375 1242 1 826.827 168.123 864.803 190.821 0.878264
000136 375 1242 1 565.693 179.078 620.875 235.148 0.999998
000136 375 1242 1 640.154 179.898 664.834 201.385 0.999031
000136 375 1242 1 832.733 169.812 871.345 193.864 0.92962
000137 375 1242 1 567.052 177.584 624.201 234.508 0.999997
000137 375 1242 1 641.8 179.85 666.016 200.133 0.997599
000137 375 1242 1 838.773 169.577 876.54 194.461 0.980971
000138 375 1242 1 568.16 177.784 625.741 231.335 0.999998
000138 375 1242 1 642.649 177.505 669.159 199.812 0.998206
000138 375 1242 1 852.335 167.049 883.015 193.227 0.755937
000139 375 1242 1 570.084 173.876 626.568 229.728 0.999999
000139 375 1242 1 644.773 175.478 672.072 197.088 0.999247
000139 375 1242 1 851.283 163.818 894.358 191.156 0.657984
000140 375 1242 1 568.694 172.344 627.244 227.707 0.999999
000140 375 1242 1 647.631 174.349 673.502 195.671 0.998718
000140 375 1242 1 859.237 160.28 903.927 189.202 0.993975
000141 375 1242 1 571.108 171.263 628.281 229.128 0.999999
000141 375 1242 1 648.024 173.884 675.373 196.874 0.998649
000141 375 1242 1 867.546 161.824 914.431 189.624 0.997862
000142 375 1242 1 572.005 173.393 630.141 228.74 0.999999
000142 375 1242 1 651.857 175.368 680.276 198.767 0.999609
000142 375 1242 1 878.495 163.092 925.062 190.376 0.988397
000143 375 1242 1 573.102 174.617 631.823 231.743 0.999999
000143 375 1242 1 653.157 175.585 682.898 201.262 0.999955
000143 375 1242 1 887.437 161.93 932.846 189.839 0.997192
000144 375 1242 1 577.963 175.262 633.517 230.902 0.999999
000144 375 1242 1 656.272 176.731 686.556 202.44 0.999978
000144 375 1242 1 897.674 163.431 948.921 191.078 0.996971
000144 375 1242 1 863.928 168.15 911.275 190.044 0.966256
000145 375 1242 1 575.541 177.316 637.316 231.491 0.999999
000145 375 1242 1 660.482 177.827 690.798 203.526 0.999968
000145 375 1242 1 909.366 163.09 962.219 193.944 0.994915
000145 375 1242 1 873.786 170.15 921.064 191.587 0.989712
000146 375 1242 1 578.104 176.647 636.426 233.485 0.999997
000146 375 1242 1 661.547 177.673 694.918 204.928 0.999914
000146 375 1242 1 916.571 165.478 971.859 193.582 0.996302
000146 375 1242 1 887.815 166.979 925.369 192.743 0.574539
000147 375 1242 1 580.8 176.089 638.331 232.616 0.999998
000147 375 1242 1 664.433 178.386 698.212 205.909 0.99989
000147 375 1242 1 928.427 165.468 990.53 198.265 0.986272
000147 375 1242 1 888.393 169.771 945.521 193.853 0.944245
000148 375 1242 1 578.686 177.301 641.218 232.24 0.999996
000148 375 1242 1 666.579 178.809 702.386 207.202 0.999862
000148 375 1242 1 899.882 169.47 952.965 193.471 0.988934
000148 375 1242 1 939.339 163.075 1004.18 198.665 0.944637
000149 375 1242 1 581.972 175.642 642.227 235.967 0.999998
000149 375 1242 1 668.575 178.776 707.248 208.879 0.999889
000149 375 1242 1 908.473 171.264 967.48 198.223 0.999529
000149 375 1242 1 953.042 164.007 1017.66 203.076 0.999465
000150 375 1242 1 583.896 178.944 641.752 236.654 0.999999
000150 375 1242 1 916.503 176.61 982.526 202.299 0.999912
000150 375 1242 1 672.343 183.679 710.609 215.544 0.999544
000150 375 1242 1 967.067 167.543 1034.69 207.616 0.998896
000151 375 1242 1 584.782 177.15 643.912 234.377 0.999999
000151 375 1242 1 673.713 179.548 714.619 214.529 0.999915
000151 375 1242 1 927.215 173.435 998.115 200.508 0.999015
000151 375 1242 1 978.674 164.977 1050.67 204.426 0.997847
000152 375 1242 1 586.059 172.816 644.487 231.242 0.999999
000152 375 1242 1 677.35 176.87 719.524 212.47 0.999747
000152 375 1242 1 996.298 159.668 1071.73 201.789 0.999703
000152 375 1242 1 938.099 167.927 1015.95 197.018 0.998293
000153 375 1242 1 587.403 172.873 646.9 231.07 0.999999
000153 375 1242 1 679.915 173.99 727.701 213.847 0.999941
000153 375 1242 1 950.922 164.884 1030.53 197.416 0.998502
000153 375 1242 1 1014.45 156.832 1096.2 201.8 0.98143
000154 375 1242 1 588.814 174.088 648.371 230.698 0.999997
000154 375 1242 1 685.619 176.039 733.253 217.496 0.99999
000154 375 1242 1 969.622 163.59 1043.72 196.328 0.998844
000154 375 1242 1 1027.61 157.205 1120.75 201.262 0.985534
000155 375 1242 1 591.57 176.45 649.857 233.809 0.999999
000155 375 1242 1 686.126 178.498 741.114 221.141 0.999982
000155 375 1242 1 1046.62 155.396 1149.48 203.595 0.992879
000155 375 1242 1 978.615 164.079 1071.69 198.699 0.98039
000156 375 1242 1 592.609 174.609 652.514 235.801 0.999998
000156 375 1242 1 690.361 177.919 749.266 224.349 0.999974
000156 375 1242 1 990.713 166.156 1090.31 199.084 0.999221
000156 375 1242 1 1079.89 157.737 1184.34 206.308 0.977913
000157 375 1242 1 593.677 175.871 652.138 233.198 0.999998
000157 375 1242 1 695.546 180.903 758.502 227.687 0.999981
000157 375 1242 1 1010.62 165.62 1104.12 200.819 0.997562
000157 375 1242 1 1093.15 154.939 1211.29 208.591 0.991444
000158 375 1242 1 593.947 175.139 655.501 232.87 0.999999
000158 375 1242 1 701.372 179.062 767.753 229.878 0.999988
000158 375 1242 1 1027.15 164.677 1128.05 202.067 0.999566
000158 375 1242 1 1118.81 152.853 1242.0 210.442 0.922304
000159 375 1242 1 595.629 173.336 655.927 232.604 0.999987
000159 375 1242 1 704.253 179.323 782.194 234.093 0.999985
000159 375 1242 1 1048.97 160.331 1171.14 200.609 0.97135
000159 375 1242 1 1147.98 150.448 1242.0 211.981 0.663602
000160 375 1242 1 597.987 175.488 657.801 232.702 0.999998
000160 375 1242 1 712.979 178.275 794.726 238.68 0.999987
000160 375 1242 1 1064.49 162.492 1162.48 201.697 0.997874
000161 375 1242 1 597.783 176.189 660.264 233.375 0.999997
000161 375 1242 1 719.203 181.109 809.623 243.854 0.999989
000161 375 1242 1 1089.8 163.292 1217.64 204.707 0.997274
000162 375 1242 1 599.37 176.578 660.794 235.62 0.999992
000162 375 1242 1 723.417 182.668 827.416 255.55 0.999989
000162 375 1242 1 1113.37 162.721 1242.0 207.092 0.998513
000163 375 1242 1 735.427 180.088 850.331 261.449 0.999997
000163 375 1242 1 600.778 174.914 661.695 234.0 0.999994
000163 375 1242 1 1138.74 160.457 1242.0 209.556 0.985512
000164 375 1242 1 743.963 180.911 877.525 272.121 0.999996
000164 375 1242 1 602.184 176.416 661.669 233.424 0.999996
000165 375 1242 1 760.369 184.081 911.032 286.537 0.999998
000165 375 1242 1 600.906 177.194 663.33 236.162 0.999998
000166 375 1242 1 773.208 188.07 959.19 307.432 0.999997
000166 375 1242 1 602.626 178.443 662.062 239.137 0.999993
000167 375 1242 1 788.935 185.285 1020.93 333.0 0.999996
000167 375 1242 1 601.501 178.438 663.416 236.544 0.999994
000168 375 1242 1 600.311 177.131 664.036 235.844 0.999997
000168 375 1242 1 817.712 186.929 1114.67 356.01 0.999885
000169 375 1242 1 600.048 177.226 662.648 237.004 0.999999
000169 375 1242 1 844.353 189.354 1242.0 374.22 0.999506
000170 375 1242 1 599.766 178.319 663.564 237.564 0.999997
000170 375 1242 1 832.403 199.873 1242.0 370.006 0.566742
000171 375 1242 1 600.377 179.483 662.65 239.171 0.999999
000172 375 1242 1 600.979 180.194 662.961 239.057 0.999999
000173 375 1242 1 600.483 179.908 665.071 239.88 0.999999
000174 375 1242 1 602.186 179.704 664.213 239.676 0.999998
000175 375 1242 1 600.83 178.621 664.77 239.893 0.999999
000176 375 1242 1 601.332 177.124 665.239 239.648 0.999998
000177 375 1242 1 599.059 177.774 664.01 238.501 0.999998
000178 375 1242 1 598.357 176.991 663.863 237.77 0.999997
000179 375 1242 1 598.464 176.943 664.236 237.845 0.999997
000180 375 1242 1 597.627 176.794 663.598 238.728 0.999999
000181 375 1242 1 597.542 176.547 662.809 239.818 0.999999
000182 375 1242 1 598.292 176.253 664.25 237.977 0.999999
000183 375 1242 1 598.648 172.86 662.681 237.488 0.999996
000184 375 1242 1 598.012 171.437 662.189 233.579 0.999997
000185 375 1242 1 597.211 171.079 663.187 234.209 0.999998
000186 375 1242 1 596.251 170.633 661.743 234.166 0.999995
000187 375 1242 1 596.055 170.676 660.885 235.276 0.999998
000188 375 1242 1 595.362 171.704 661.91 235.307 0.999997
000189 375 1242 1 595.231 172.925 661.648 235.57 0.999994
000190 375 1242 1 594.99 173.166 662.424 237.027 0.99999
000191 375 1242 1 596.602 173.599 661.269 237.482 0.999991
000192 375 1242 1 596.927 175.356 663.78 239.632 0.999995
000193 375 1242 1 596.576 175.489 662.244 240.105 0.999999
000194 375 1242 1 596.5 175.115 663.139 240.309 0.999998
000195 375 1242 1 596.64 174.581 663.377 240.386 0.999999
000196 375 1242 1 596.645 175.393 663.315 240.642 0.999998
000197 375 1242 1 596.954 175.854 662.155 240.497 0.999996
000198 375 1242 1 597.24 175.714 663.685 239.451 0.999992
000199 375 1242 1 596.854 174.031 662.336 239.293 0.99999
000200 375 1242 1 597.212 172.148 663.392 236.513 0.999997
000201 375 1242 1 598.255 175.489 663.889 238.775 0.999991
000202 375 1242 1 596.727 173.152 661.941 239.171 0.999996
000203 375 1242 1 596.724 173.924 663.616 239.453 0.999993
000204 375 1242 1 596.967 174.555 663.379 240.292 0.999997
000205 375 1242 1 597.292 175.98 663.32 240.65 0.999998
000206 375 1242 1 597.468 175.603 663.28 240.148 0.999998
000207 375 1242 1 596.589 174.989 663.204 239.785 0.999998
000208 375 1242 1 596.802 175.097 663.213 238.844 0.999998
000209 375 1242 1 596.858 175.244 662.571 239.841 0.999998
000210 375 1242 1 596.554 176.431 661.136 240.502 0.999997
000211 375 1242 1 594.946 175.23 659.193 238.82 0.999998
000212 375 1242 1 593.051 174.769 657.584 238.428 0.999997
000213 375 1242 1 589.359 175.524 656.404 238.525 0.999998
000214 375 1242 1 591.578 174.783 655.528 239.281 0.999999
000215 375 1242 1 588.033 175.377 652.77 238.378 0.999997
000216 375 1242 1 587.118 174.837 650.488 237.77 0.999999
000217 375 1242 1 585.538 174.324 649.683 237.147 0.999998
000218 375 1242 1 584.463 174.358 647.533 236.779 0.999999
000219 375 1242 1 583.997 174.517 647.103 237.481 0.999998
000220 375 1242 1 581.864 174.623 646.018 237.426 0.999998
000221 375 1242 1 581.512 175.317 645.388 236.474 0.999996
000222 375 1242 1 580.879 174.332 643.281 235.877 0.999996
000223 375 1242 1 580.948 176.508 642.628 236.533 0.999998
000224 375 1242 1 580.039 178.039 643.602 237.92 0.999991
000225 375 1242 1 581.391 178.124 644.256 237.767 0.999994
000226 375 1242 1 579.762 177.166 642.028 237.131 0.999991
000227 375 1242 1 579.695 178.831 641.373 238.118 0.999981
000228 375 1242 1 580.187 178.975 640.801 238.405 0.99998
000229 375 1242 1 577.615 180.05 639.632 238.027 0.999981
000230 375 1242 1 577.21 180.72 638.071 236.122 0.999989
000231 375 1242 1 576.353 180.694 638.144 236.167 0.999988
000232 375 1242 1 575.966 178.83 636.572 236.641 0.999988
000233 375 1242 1 575.251 180.244 636.906 235.417 0.999975
000234 375 1242 1 574.796 179.214 635.803 236.276 0.999991
000235 375 1242 1 574.792 178.459 635.623 236.491 0.999986
000236 375 1242 1 575.604 178.697 634.381 236.193 0.999992
000237 375 1242 1 575.265 178.575 634.277 233.302 0.99999
000238 375 1242 1 574.637 177.361 634.824 233.392 0.999982
000239 375 1242 1 575.878 177.285 635.935 232.336 0.999989
000240 375 1242 1 574.543 178.516 638.246 231.33 0.999987
000241 375 1242 1 574.978 177.777 635.893 232.067 0.999995
000242 375 1242 1 576.213 177.994 635.769 232.587 0.999996
000243 375 1242 1 577.293 177.613 636.182 232.013 0.999993
000244 375 1242 1 576.82 177.124 636.276 229.386 0.999989
000245 375 1242 1 577.977 177.562 636.867 227.84 0.999967
000246 375 1242 1 579.197 176.159 639.151 228.841 0.999995
000247 375 1242 1 579.683 176.976 639.635 230.2 0.999958
000248 375 1242 1 580.42 176.848 641.75 228.968 0.999962
000249 375 1242 1 581.92 177.435 640.531 229.608 0.999981
000250 375 1242 1 582.418 177.583 640.534 228.005 0.999987
000251 375 1242 1 583.585 176.636 643.145 229.02 0.999986
000252 375 1242 1 583.571 175.018 641.829 228.282 0.999994
000253 375 1242 1 586.531 177.579 645.003 229.616 0.999986
000254 375 1242 1 587.416 178.645 645.352 229.108 0.999997
000255 375 1242 1 588.826 179.401 646.325 230.178 0.999997
000256 375 1242 1 590.005 178.214 646.832 230.315 0.999998
000257 375 1242 1 591.506 175.886 646.887 229.544 0.999994
000258 375 1242 1 593.063 177.13 650.496 228.906 0.999998
000259 375 1242 1 594.356 177.988 651.207 228.254 0.999996
000260 375 1242 1 594.867 178.707 650.825 228.417 0.999996
000261 375 1242 1 596.199 178.081 652.977 227.984 0.999997
000262 375 1242 1 598.672 177.366 653.978 228.556 0.99999
000263 375 1242 1 598.829 177.882 654.736 227.964 0.999995
000264 375 1242 1 599.554 178.952 655.042 229.352 0.999992
000265 375 1242 1 601.948 178.724 656.14 228.419 0.999997
000266 375 1242 1 602.357 177.778 656.845 228.273 0.999996
000267 375 1242 1 601.968 177.243 657.687 228.965 0.999993
000268 375 1242 1 604.08 178.375 658.923 228.612 0.999991
000269 375 1242 1 604.088 178.22 659.513 228.186 0.999995
000270 375 1242 1 604.749 177.857 660.012 228.12 0.999997
000270 375 1242 1 555.015 179.065 582.168 197.082 0.739448
000270 375 1242 1 584.736 178.379 608.602 197.361 0.618455
000271 375 1242 1 606.445 177.598 661.194 228.708 0.999991
000271 375 1242 1 577.382 176.699 606.076 198.409 0.996821
000271 375 1242 1 547.339 178.564 575.144 198.225 0.792924
000272 375 1242 1 607.244 178.065 662.399 228.243 0.999995
000272 375 1242 1 572.811 176.857 602.458 199.477 0.997622
000272 375 1242 1 538.456 179.169 572.615 199.733 0.995609
000273 375 1242 1 607.673 177.496 662.898 228.829 0.999995
000273 375 1242 1 564.852 178.55 598.745 202.068 0.999968
000273 375 1242 1 530.05 180.042 564.86 201.592 0.998746
000274 375 1242 1 607.545 177.31 664.57 228.726 0.999997
000274 375 1242 1 555.308 179.472 592.333 204.221 0.999956
000274 375 1242 1 520.635 180.728 559.342 202.451 0.999812
000275 375 1242 1 546.345 177.835 586.551 205.576 0.999998
000275 375 1242 1 608.576 176.934 664.256 228.914 0.999997
000275 375 1242 1 508.618 179.195 549.768 203.92 0.999665
000276 375 1242 1 609.831 174.53 665.094 227.264 0.999997
000276 375 1242 1 536.561 178.575 581.453 208.06 0.999971
000276 375 1242 1 496.805 177.618 544.132 205.501 0.999458
000277 375 1242 1 610.218 173.814 666.091 225.949 0.999998
000277 375 1242 1 524.535 175.627 572.183 209.075 0.99997
000277 375 1242 1 482.629 177.841 533.675 207.943 0.999607
000278 375 1242 1 611.581 176.195 666.55 226.426 0.999996
000278 375 1242 1 510.928 177.089 563.888 214.822 0.999996
000278 375 1242 1 465.964 179.977 520.684 210.327 0.999873
000279 375 1242 1 612.219 176.425 668.369 226.428 0.999996
000279 375 1242 1 495.356 178.09 554.465 218.99 0.999975
000279 375 1242 1 448.324 179.75 508.775 214.251 0.999736
000280 375 1242 1 476.02 179.225 543.507 226.835 0.999992
000280 375 1242 1 613.901 176.306 668.737 225.917 0.999982
000280 375 1242 1 425.497 181.886 493.988 219.953 0.99959
000281 375 1242 1 448.846 181.925 531.763 237.151 0.999999
000281 375 1242 1 614.042 174.967 669.379 227.48 0.999987
000282 375 1242 1 413.747 182.316 513.854 245.713 0.999999
000282 375 1242 1 614.152 176.886 669.298 228.155 0.999958
000283 375 1242 1 362.915 186.122 491.313 261.79 0.999999
000283 375 1242 1 615.577 176.252 670.711 227.611 0.999989
000284 375 1242 1 280.416 187.317 455.215 289.889 0.999996
000284 375 1242 1 616.05 177.264 671.277 227.276 0.999994
000285 375 1242 1 616.411 175.23 672.386 226.188 0.999988
000285 375 1242 1 135.021 187.158 407.982 339.889 0.99998
000286 375 1242 1 617.154 174.325 673.069 224.452 0.999991
000286 375 1242 1 0.0 194.668 367.739 375.0 0.997038
000287 375 1242 1 618.978 176.089 675.423 225.75 0.999991
000288 375 1242 1 619.443 174.435 675.645 225.4 0.999993
000289 375 1242 1 620.025 174.644 676.021 224.438 0.999995
000290 375 1242 1 619.831 175.267 675.989 224.226 0.999996
000291 375 1242 1 619.04 176.154 674.176 225.401 0.999997
000292 375 1242 1 618.387 175.687 673.074 226.233 0.999991
000293 375 1242 1 618.234 176.807 672.673 225.737 0.999995
