000000 375 1242 1 204.247 177.336 292.366 216.884 0.998837
000000 375 1242 1 91.0564 171.428 229.039 224.351 0.998709
000000 375 1242 1 0.0 180.746 126.458 236.43 0.998678
000001 375 1242 1 177.565 178.706 278.517 217.818 0.997247
000001 375 1242 1 63.873 171.4 203.384 226.753 0.997161
000002 375 1242 1 160.696 179.559 253.791 220.723 0.999875
000002 375 1242 1 26.7674 173.037 181.294 234.298 0.988771
000003 375 1242 1 130.959 181.818 236.318 224.86 0.999955
000003 375 1242 1 4.99349 175.71 150.17 238.511 0.987948
000004 375 1242 1 105.821 182.084 216.976 229.45 0.999997
000004 375 1242 1 0.0 176.471 130.699 237.149 0.975466
000005 375 1242 1 77.8218 182.403 196.089 229.07 0.99993
000006 375 1242 1 39.5819 178.405 173.722 231.65 0.999892
000007 375 1242 1 4.11117 178.666 147.713 232.485 0.999578
000008 375 1242 1 0.0 177.085 130.773 234.954 0.996723
000009 375 1242 1 0.0 176.112 111.271 231.441 0.618179
000015 375 1242 1 315.386 171.175 370.036 198.045 0.546007
000042 375 1242 1 717.74 171.093 738.325 191.805 0.515134
000043 375 1242 1 716.165 171.649 737.057 193.032 0.612205
000044 375 1242 1 717.21 172.327 737.32 192.6 0.907998
000044 375 1242 1 541.932 174.208 575.738 191.985 0.709284
000045 375 1242 1 534.35 174.851 570.294 193.606 0.997586
000045 375 1242 1 716.263 172.537 737.744 193.884 0.955275
000046 375 1242 1 528.052 178.603 561.879 197.538 0.998223
000046 375 1242 1 716.365 175.969 738.743 197.113 0.968077
000047 375 1242 1 519.066 178.146 555.347 197.476 0.998904
000047 375 1242 1 717.041 175.621 738.762 196.781 0.96805
000048 375 1242 1 510.126 177.685 550.038 197.543 0.998673
000048 375 1242 1 715.484 175.38 737.853 197.055 0.994991
000049 375 1242 1 502.751 179.369 541.362 199.777 0.999774
000049 375 1242 1 715.706 175.487 738.675 197.247 0.990812
000050 375 1242 1 492.682 177.588 534.289 199.31 0.99971
000050 375 1242 1 716.253 175.445 739.513 197.286 0.99683
000051 375 1242 1 480.431 175.873 524.339 201.38 0.999989
000051 375 1242 1 714.301 175.024 738.504 197.154 0.998556
000052 375 1242 1 466.632 175.626 516.427 203.05 0.999993
000052 375 1242 1 712.066 175.131 737.071 197.802 0.998828
000053 375 1242 1 452.419 177.704 505.353 204.167 0.999997
000053 375 1242 1 711.021 175.261 737.507 197.8 0.99974
000054 375 1242 1 437.413 178.585 493.348 204.363 0.999995
000054 375 1242 1 710.021 175.24 736.489 197.916 0.99981
000055 375 1242 1 419.912 178.254 479.951 206.042 0.999996
000055 375 1242 1 707.845 174.161 737.146 199.17 0.999923
000056 375 1242 1 404.831 179.71 468.045 209.667 0.999998
000056 375 1242 1 707.029 173.474 736.286 198.362 0.999925
000057 375 1242 1 380.182 178.751 453.967 209.349 0.999995
000057 375 1242 1 705.002 174.612 734.726 199.38 0.999966
000058 375 1242 1 361.443 181.764 436.17 215.681 0.999999
000058 375 1242 1 702.919 175.995 734.218 201.811 0.999979
000059 375 1242 1 336.052 180.386 419.676 217.8 0.999993
000059 375 1242 1 700.795 175.262 732.8 202.009 0.999956
000060 375 1242 1 314.051 177.605 400.025 220.361 0.999986
000060 375 1242 1 698.92 175.188 732.588 203.188 0.99997
000061 375 1242 1 696.713 173.214 731.969 203.653 0.999977
000061 375 1242 1 281.708 180.049 378.148 221.731 0.999973
000062 375 1242 1 239.617 178.616 356.419 225.497 0.999991
000062 375 1242 1 695.821 172.429 731.734 203.267 0.999933
000062 375 1242 1 880.302 167.866 933.257 185.44 0.802606
000063 375 1242 1 200.98 179.315 333.112 226.758 0.999996
000063 375 1242 1 695.037 173.543 732.534 203.282 0.999959
000064 375 1242 1 152.524 179.298 302.425 238.385 0.999991
000064 375 1242 1 694.171 173.614 732.002 205.013 0.999986
000065 375 1242 1 694.203 174.922 734.872 207.106 0.999992
000065 375 1242 1 97.2777 181.791 266.49 246.899 0.99995
000065 375 1242 1 1047.21 158.547 1110.25 184.847 0.792851
000065 375 1242 1 879.695 166.493 945.931 186.76 0.701517
000066 375 1242 1 693.841 175.572 735.503 208.717 0.999997
000066 375 1242 1 39.2312 186.976 230.621 257.949 0.999979
000066 375 1242 1 878.255 167.32 949.947 185.159 0.63554
000066 375 1242 1 249.662 181.15 324.668 204.666 0.626881
000067 375 1242 1 694.07 175.363 738.094 208.752 0.999994
000067 375 1242 1 0.0 186.586 205.409 270.441 0.995759
000067 375 1242 1 879.496 165.275 951.38 186.622 0.708749
000068 375 1242 1 693.154 172.478 741.573 209.019 0.999996
000068 375 1242 1 876.586 162.219 956.35 183.914 0.611948
000069 375 1242 1 693.775 170.772 743.185 208.007 0.999999
000069 375 1242 1 885.464 162.095 956.666 184.931 0.908994
000070 375 1242 1 697.113 170.96 744.987 209.231 0.999994
000070 375 1242 1 884.24 160.45 948.37 185.095 0.973826
000071 375 1242 1 697.771 171.682 748.505 212.709 0.999996
000071 375 1242 1 890.403 161.815 943.056 185.163 0.986139
000072 375 1242 1 696.136 174.319 751.443 214.194 0.999997
000072 375 1242 1 884.55 163.103 954.898 186.333 0.995219
000073 375 1242 1 701.7 176.654 755.957 219.344 0.999996
000073 375 1242 1 892.789 164.945 956.181 186.694 0.960561
000074 375 1242 1 702.827 176.87 760.963 221.255 0.999997
000074 375 1242 1 896.113 164.054 945.692 190.236 0.791583
000075 375 1242 1 704.171 178.245 765.28 224.048 1.0
000075 375 1242 1 885.737 165.206 945.424 188.739 0.901916
000076 375 1242 1 707.209 177.327 770.424 223.286 0.999999
000076 375 1242 1 892.777 165.578 947.741 187.435 0.903248
000077 375 1242 1 709.779 175.345 774.554 221.874 1.0
000077 375 1242 1 896.357 162.031 939.092 185.145 0.832895
000078 375 1242 1 713.071 173.971 780.315 225.003 1.0
000078 375 1242 1 889.203 161.274 937.798 184.681 0.701286
000079 375 1242 1 714.919 173.122 790.265 229.293 1.0
000079 375 1242 1 882.66 164.173 933.589 189.113 0.535151
000080 375 1242 1 716.895 176.798 796.275 232.347 1.0
000080 375 1242 1 864.913 167.04 930.897 191.124 0.921792
000081 375 1242 1 718.559 175.872 804.644 237.164 1.0
000081 375 1242 1 859.926 166.543 928.917 191.804 0.94913
000081 375 1242 1 363.561 178.553 413.025 201.179 0.836554
000082 375 1242 1 723.088 178.638 808.158 238.11 1.0
000082 375 1242 1 690.417 170.408 765.868 195.703 0.970108
000082 375 1242 1 358.629 180.585 417.637 202.061 0.923064
000082 375 1242 1 858.13 167.214 920.525 189.573 0.783747
000083 375 1242 1 724.313 179.141 817.438 240.622 1.0
000083 375 1242 1 679.778 171.515 747.82 194.798 0.999835
000083 375 1242 1 363.038 179.943 418.292 203.503 0.989882
000083 375 1242 1 864.563 167.97 906.689 192.333 0.882495
000083 375 1242 1 1143.84 158.083 1236.98 191.477 0.519288
000084 375 1242 1 730.472 179.71 828.483 247.739 1.0
000084 375 1242 1 673.313 171.44 735.691 195.529 0.999979
000084 375 1242 1 360.518 180.281 423.204 203.802 0.994868
000084 375 1242 1 838.188 168.442 907.932 192.251 0.98988
000084 375 1242 1 100.863 183.906 189.509 218.352 0.530252
000085 375 1242 1 731.857 180.194 839.207 250.346 1.0
000085 375 1242 1 660.56 171.106 729.591 194.83 0.999898
000085 375 1242 1 361.003 180.146 425.57 203.53 0.986906
000085 375 1242 1 837.978 166.098 906.297 190.23 0.974034
000085 375 1242 1 89.6476 184.455 177.351 218.333 0.627265
000086 375 1242 1 735.715 180.523 847.043 254.1 1.0
000086 375 1242 1 656.436 171.643 715.452 195.271 0.99984
000086 375 1242 1 362.545 181.256 422.838 204.714 0.993944
000086 375 1242 1 830.858 168.337 898.851 194.244 0.77117
000086 375 1242 1 73.3757 185.268 167.068 218.697 0.510754
000087 375 1242 1 737.101 181.317 862.494 257.119 1.0
000087 375 1242 1 643.814 172.085 706.651 197.677 0.999958
000087 375 1242 1 986.045 165.287 1062.17 191.563 0.985699
000087 375 1242 1 366.43 179.994 424.413 204.64 0.985438
000087 375 1242 1 831.116 166.91 884.443 190.775 0.97078
000087 375 1242 1 260.956 182.891 309.309 203.939 0.791544
000088 375 1242 1 741.936 180.724 875.853 262.762 1.0
000088 375 1242 1 634.341 173.514 699.253 197.756 0.999988
000088 375 1242 1 372.155 179.696 434.638 204.415 0.973266
000088 375 1242 1 980.812 165.75 1064.77 193.303 0.922704
000088 375 1242 1 808.746 166.391 883.236 191.259 0.890295
000088 375 1242 1 253.77 181.168 307.494 205.304 0.869411
000089 375 1242 1 744.952 180.086 886.931 266.573 1.0
000089 375 1242 1 623.863 171.381 689.016 197.512 0.999827
000089 375 1242 1 375.655 180.083 439.258 203.012 0.99915
000089 375 1242 1 251.814 181.489 305.215 205.95 0.993135
000089 375 1242 1 971.205 165.204 1070.71 189.457 0.862435
000089 375 1242 1 798.372 167.524 876.606 191.139 0.838412
000089 375 1242 1 1162.51 154.727 1242.0 190.207 0.683076
000089 375 1242 1 31.4231 188.336 117.67 220.242 0.643998
000090 375 1242 1 748.942 178.507 902.063 272.057 1.0
000090 375 1242 1 610.948 172.506 675.767 198.098 0.999976
000090 375 1242 1 377.152 179.008 446.292 203.097 0.99973
000090 375 1242 1 968.98 166.959 1054.62 193.887 0.996688
000090 375 1242 1 247.791 182.633 305.505 205.973 0.99289
000090 375 1242 1 804.224 167.472 872.823 193.203 0.983712
000090 375 1242 1 1157.67 154.673 1242.0 186.052 0.709716
000091 375 1242 1 753.878 181.403 920.182 277.75 1.0
000091 375 1242 1 597.023 173.985 662.267 199.644 0.999953
000091 375 1242 1 381.903 180.734 449.339 203.731 0.999713
000091 375 1242 1 978.465 165.179 1051.19 193.474 0.999141
000091 375 1242 1 240.337 182.218 302.809 209.015 0.994378
000092 375 1242 1 759.369 182.771 935.66 283.456 1.0
000092 375 1242 1 389.705 179.691 455.611 203.691 0.999949
000092 375 1242 1 584.596 174.47 652.784 199.818 0.99956
000092 375 1242 1 778.075 168.759 855.606 193.433 0.999417
000092 375 1242 1 241.32 183.032 297.633 209.282 0.996353
000092 375 1242 1 964.342 165.293 1048.22 192.827 0.986241
000093 375 1242 1 767.817 183.938 955.572 293.733 1.0
000093 375 1242 1 394.602 179.202 462.94 204.706 0.999985
000093 375 1242 1 568.404 173.221 642.535 201.254 0.999936
000093 375 1242 1 774.315 167.305 846.347 194.36 0.999902
000093 375 1242 1 239.699 181.129 293.641 209.368 0.996665
000093 375 1242 1 963.369 166.463 1048.43 198.071 0.685429
000094 375 1242 1 776.233 185.417 976.92 301.424 1.0
000094 375 1242 1 763.539 167.685 832.677 194.519 0.999984
000094 375 1242 1 401.841 178.663 468.818 204.533 0.999893
000094 375 1242 1 554.01 173.896 629.892 203.618 0.999812
000094 375 1242 1 236.425 180.962 296.923 208.884 0.999033
000094 375 1242 1 952.455 164.946 1044.63 195.214 0.886866
000094 375 1242 1 1172.02 155.001 1242.0 196.039 0.603869
000095 375 1242 1 778.244 187.231 999.009 307.119 0.999998
000095 375 1242 1 541.75 172.42 620.144 203.541 0.999945
000095 375 1242 1 750.441 167.3 828.193 195.666 0.999888
000095 375 1242 1 408.401 178.37 476.56 205.322 0.999725
000095 375 1242 1 230.888 182.582 294.686 209.377 0.997574
000095 375 1242 1 1179.6 156.299 1242.0 196.995 0.609247
000095 375 1242 1 961.631 158.459 1027.36 195.181 0.571036
000096 375 1242 1 787.807 187.639 1027.59 319.319 0.999995
000096 375 1242 1 528.375 174.112 607.272 203.812 0.99997
000096 375 1242 1 743.882 167.696 821.917 195.216 0.999737
000096 375 1242 1 227.506 180.864 296.239 209.575 0.999627
000096 375 1242 1 417.184 177.645 479.584 204.066 0.998848
000097 375 1242 1 795.47 185.511 1056.27 330.061 0.999993
000097 375 1242 1 511.953 174.095 592.9 204.322 0.999924
000097 375 1242 1 736.673 165.681 806.566 195.963 0.999554
000097 375 1242 1 224.885 179.802 293.764 208.763 0.998608
000097 375 1242 1 423.946 177.544 492.4 204.885 0.98508
000098 375 1242 1 798.841 184.532 1084.03 334.977 0.999991
000098 375 1242 1 495.231 174.533 577.136 205.615 0.999956
000098 375 1242 1 722.373 165.317 801.411 196.943 0.999945
000098 375 1242 1 226.718 181.602 293.726 211.032 0.998581
000098 375 1242 1 435.005 178.952 502.896 205.097 0.997812
000099 375 1242 1 809.345 187.014 1116.39 352.683 0.999961
000099 375 1242 1 471.322 172.959 563.352 209.143 0.999873
000099 375 1242 1 713.275 168.024 787.748 198.42 0.999815
000099 375 1242 1 221.862 179.889 293.804 211.851 0.994306
000099 375 1242 1 3.47406 185.212 62.9644 219.107 0.892436
000099 375 1242 1 924.832 170.018 983.42 196.333 0.695891
000100 375 1242 1 458.194 175.952 549.798 210.757 0.999969
000100 375 1242 1 819.593 187.17 1166.78 361.988 0.999924
000100 375 1242 1 701.631 169.178 777.253 200.044 0.999721
000100 375 1242 1 227.141 183.037 300.357 212.515 0.996162
000101 375 1242 1 818.626 188.477 1210.4 368.444 0.999976
000101 375 1242 1 691.659 168.576 770.395 199.188 0.999787
000101 375 1242 1 441.966 174.908 531.016 214.311 0.999524
000101 375 1242 1 220.63 182.609 299.029 211.018 0.998704
000101 375 1242 1 884.002 168.312 980.25 196.808 0.998134
000101 375 1242 1 47.8641 182.074 105.379 206.83 0.655833
000102 375 1242 1 832.572 183.805 1242.0 375.0 0.999838
000102 375 1242 1 876.172 167.584 963.715 195.967 0.999715
000102 375 1242 1 679.575 169.342 757.233 200.704 0.999644
000102 375 1242 1 220.014 181.415 300.44 212.322 0.999337
000102 375 1242 1 429.581 176.517 523.309 216.342 0.996699
000103 375 1242 1 667.364 168.431 748.154 200.805 0.999857
000103 375 1242 1 219.748 181.226 300.603 212.914 0.999784
000103 375 1242 1 871.675 167.39 955.719 195.927 0.999688
000103 375 1242 1 858.261 180.006 1242.0 375.0 0.999619
000103 375 1242 1 413.041 176.98 501.743 218.689 0.999436
000103 375 1242 1 1130.02 159.447 1235.1 197.824 0.697908
000104 375 1242 1 376.378 179.254 476.85 220.525 0.99999
000104 375 1242 1 492.866 177.492 558.546 206.301 0.999939
000104 375 1242 1 220.118 181.981 303.114 212.067 0.999699
000104 375 1242 1 657.357 167.866 739.013 201.361 0.999641
000104 375 1242 1 861.37 169.957 953.148 197.061 0.998385
000104 375 1242 1 859.219 185.35 1242.0 375.0 0.996639
000104 375 1242 1 1122.05 161.063 1226.58 196.869 0.730522
000105 375 1242 1 503.024 177.893 566.084 204.95 0.999982
000105 375 1242 1 847.202 170.294 943.408 198.131 0.999959
000105 375 1242 1 351.908 179.275 462.665 222.611 0.99986
000105 375 1242 1 222.5 182.103 304.483 212.937 0.999759
000105 375 1242 1 642.67 168.002 725.995 201.461 0.999611
000105 375 1242 1 882.341 186.387 1242.0 375.0 0.921939
000106 375 1242 1 839.593 169.114 937.272 198.818 0.999987
000106 375 1242 1 512.981 176.813 576.705 204.998 0.999939
000106 375 1242 1 632.063 168.729 716.67 201.778 0.999807
000106 375 1242 1 324.557 179.091 451.956 224.498 0.999764
000106 375 1242 1 224.531 181.44 305.418 212.915 0.995268
000106 375 1242 1 873.169 188.043 1242.0 375.0 0.834735
000107 375 1242 1 298.334 178.109 426.83 230.501 0.999978
000107 375 1242 1 834.775 170.339 937.16 197.771 0.999966
000107 375 1242 1 523.629 175.745 588.45 204.885 0.999964
000107 375 1242 1 618.392 168.675 703.711 202.391 0.999879
000107 375 1242 1 225.284 178.683 309.924 213.519 0.987476
000107 375 1242 1 894.27 197.908 1242.0 375.0 0.803114
000108 375 1242 1 272.3 178.769 406.275 234.461 0.999993
000108 375 1242 1 537.014 174.045 601.072 202.566 0.99995
000108 375 1242 1 827.166 168.586 924.081 199.697 0.999917
000108 375 1242 1 605.117 169.331 694.654 203.715 0.999888
000108 375 1242 1 230.002 181.893 300.051 213.093 0.830004
000108 375 1242 1 1088.68 161.029 1183.98 201.981 0.743826
000109 375 1242 1 235.058 181.751 376.412 239.254 0.999988
000109 375 1242 1 544.065 174.944 602.821 202.41 0.999964
000109 375 1242 1 593.878 169.671 680.33 205.737 0.999891
000109 375 1242 1 816.564 170.753 907.333 200.092 0.998069
000109 375 1242 1 1077.46 160.601 1193.76 202.572 0.559245
000110 375 1242 1 199.551 179.972 351.127 243.972 0.999995
000110 375 1242 1 578.34 169.808 670.294 208.378 0.999875
000110 375 1242 1 811.97 171.749 904.128 201.444 0.998602
000110 375 1242 1 1083.23 158.95 1190.56 205.715 0.810702
000111 375 1242 1 567.251 170.48 656.664 208.456 0.99999
000111 375 1242 1 157.262 181.177 325.06 250.597 0.999951
000111 375 1242 1 799.454 170.982 898.545 201.701 0.999865
000111 375 1242 1 1075.48 157.94 1190.6 205.885 0.602452
000112 375 1242 1 552.56 170.402 645.731 209.611 0.999977
000112 375 1242 1 114.037 180.362 301.409 260.062 0.999965
000112 375 1242 1 791.565 170.541 890.285 200.956 0.999956
000112 375 1242 1 248.491 179.319 343.598 213.661 0.987935
000113 375 1242 1 255.849 179.228 350.375 213.548 0.999967
000113 375 1242 1 542.498 169.877 639.773 209.4 0.999917
000113 375 1242 1 53.2802 185.301 268.721 268.581 0.999908
000113 375 1242 1 779.888 170.761 880.788 200.888 0.999906
000114 375 1242 1 767.783 171.427 865.86 199.871 0.999984
000114 375 1242 1 256.624 177.614 360.417 213.438 0.999945
000114 375 1242 1 520.437 170.549 621.047 210.299 0.999818
000114 375 1242 1 0.0 187.636 232.363 282.51 0.999814
000115 375 1242 1 269.291 177.466 368.216 216.576 0.999985
000115 375 1242 1 509.785 169.809 610.317 212.004 0.999964
000115 375 1242 1 758.007 169.143 862.842 203.456 0.999927
000115 375 1242 1 603.092 176.217 664.688 200.203 0.997707
000115 375 1242 1 0.0 188.09 209.236 287.033 0.982356
000116 375 1242 1 750.052 171.003 848.496 203.348 0.999995
000116 375 1242 1 279.885 178.317 377.726 215.554 0.999988
000116 375 1242 1 611.729 174.326 670.761 201.465 0.999966
000116 375 1242 1 494.949 170.524 594.116 214.705 0.999918
000116 375 1242 1 1022.58 164.133 1132.84 200.843 0.96372
000117 375 1242 1 618.959 175.342 677.375 199.366 0.999998
000117 375 1242 1 290.262 176.833 390.7 215.352 0.999986
000117 375 1242 1 736.91 169.837 835.424 202.559 0.999919
000117 375 1242 1 474.417 170.856 579.36 213.846 0.99991
000117 375 1242 1 1007.31 162.838 1124.52 200.481 0.781272
000118 375 1242 1 628.433 174.358 685.335 199.25 0.999997
000118 375 1242 1 300.321 177.619 395.853 215.487 0.999995
000118 375 1242 1 728.114 170.689 825.344 203.581 0.999989
000118 375 1242 1 455.822 170.422 568.148 217.661 0.999842
000118 375 1242 1 992.595 160.666 1127.98 200.641 0.666241
000118 375 1242 1 566.619 174.213 595.227 193.056 0.525967
000119 375 1242 1 309.095 178.067 400.481 213.133 0.999994
000119 375 1242 1 638.434 174.801 689.366 199.259 0.999956
000119 375 1242 1 717.627 172.078 818.171 204.201 0.999956
000119 375 1242 1 437.15 169.844 554.98 220.53 0.999436
000119 375 1242 1 982.364 163.163 1090.88 200.313 0.785904
000120 375 1242 1 644.859 175.084 692.499 198.306 0.999978
000120 375 1242 1 705.177 170.332 804.6 204.464 0.999968
000120 375 1242 1 317.521 176.76 407.201 214.297 0.999852
000120 375 1242 1 416.711 169.138 540.004 222.397 0.999678
000121 375 1242 1 692.445 172.691 790.005 205.56 0.999996
000121 375 1242 1 401.553 169.634 520.653 224.446 0.999589
000121 375 1242 1 331.545 176.363 410.596 213.55 0.999215
000121 375 1242 1 653.983 173.323 694.645 199.0 0.999013
000122 375 1242 1 677.727 172.421 783.038 207.084 0.99999
000122 375 1242 1 368.732 171.273 507.656 227.067 0.999822
000123 375 1242 1 662.318 172.587 771.954 206.746 0.999993
000123 375 1242 1 359.84 172.178 488.894 230.021 0.998381
000123 375 1242 1 934.798 163.088 1034.22 199.937 0.582748
000123 375 1242 1 520.611 175.266 559.038 196.57 0.571258
000123 375 1242 1 564.872 174.402 595.432 194.166 0.523803
000124 375 1242 1 652.617 171.762 753.605 208.604 0.999995
000124 375 1242 1 347.787 173.481 471.917 236.886 0.997318
000125 375 1242 1 638.817 172.863 743.01 208.662 0.999986
000125 375 1242 1 313.446 172.098 449.679 237.999 0.999217
000125 375 1242 1 566.582 173.769 594.724 194.889 0.893921
000126 375 1242 1 621.69 172.172 730.801 209.72 0.99999
000126 375 1242 1 282.625 172.988 427.779 243.221 0.999931
000126 375 1242 1 387.574 180.98 455.034 210.479 0.874286
000126 375 1242 1 519.403 175.291 557.174 196.512 0.761796
000126 375 1242 1 891.71 163.995 999.185 199.53 0.75069
000126 375 1242 1 566.817 173.962 596.032 194.366 0.659223
000127 375 1242 1 609.571 172.769 716.614 211.75 0.999949
000127 375 1242 1 253.604 173.3 404.862 247.811 0.999792
000127 375 1242 1 376.91 177.394 456.39 212.365 0.989792
000127 375 1242 1 881.523 164.002 986.537 199.924 0.885641
000127 375 1242 1 566.841 174.803 595.774 194.136 0.671665
000128 375 1242 1 591.367 171.932 697.56 210.86 0.999977
000128 375 1242 1 219.248 174.553 390.237 252.746 0.999852
000128 375 1242 1 379.471 177.212 461.368 214.033 0.999613
000128 375 1242 1 873.374 159.981 968.324 199.908 0.939295
000128 375 1242 1 566.646 174.598 597.709 194.794 0.760742
000128 375 1242 1 694.11 171.76 723.809 196.09 0.629959
000129 375 1242 1 184.015 175.658 367.345 258.497 0.999989
000129 375 1242 1 578.55 172.895 685.161 211.101 0.999963
000129 375 1242 1 389.987 178.597 463.225 212.99 0.998859
000129 375 1242 1 693.482 174.037 722.486 195.256 0.998252
000129 375 1242 1 565.871 172.741 595.46 194.929 0.824317
000130 375 1242 1 563.347 173.371 675.288 213.346 0.999982
000130 375 1242 1 145.308 175.45 339.344 265.865 0.99997
000130 375 1242 1 391.596 179.128 463.972 210.732 0.999951
000130 375 1242 1 695.721 173.564 725.418 195.286 0.999663
000130 375 1242 1 519.296 175.589 565.56 197.573 0.570949
000131 375 1242 1 388.666 178.554 463.917 212.51 0.999984
000131 375 1242 1 544.928 175.173 660.636 213.437 0.999977
000131 375 1242 1 92.479 177.552 318.419 271.752 0.999832
000131 375 1242 1 698.189 173.436 725.538 195.061 0.997006
000131 375 1242 1 518.928 175.941 563.124 197.725 0.680908
000132 375 1242 1 524.501 173.543 644.036 216.027 0.999932
000132 375 1242 1 48.8118 175.824 283.07 281.397 0.999923
000132 375 1242 1 395.277 179.464 466.18 211.467 0.999816
000132 375 1242 1 700.104 173.469 727.383 195.816 0.998293
000132 375 1242 1 818.499 163.272 920.653 204.704 0.901561
000133 375 1242 1 403.044 180.673 463.405 210.552 0.999955
000133 375 1242 1 507.97 176.395 630.749 217.43 0.999946
000133 375 1242 1 0.0 181.666 262.836 296.063 0.999464
000133 375 1242 1 700.884 173.0 727.693 195.474 0.993662
000133 375 1242 1 804.332 160.623 899.721 203.714 0.827589
000134 375 1242 1 409.373 178.693 460.305 209.344 0.999968
000134 375 1242 1 493.439 174.946 614.95 217.503 0.999957
000134 375 1242 1 0.0 176.313 250.79 301.256 0.993775
000134 375 1242 1 703.852 172.243 728.21 195.118 0.98428
000134 375 1242 1 790.597 163.487 886.931 203.549 0.885211
000135 375 1242 1 478.476 176.402 603.111 218.523 0.999986
000135 375 1242 1 413.891 177.475 458.035 209.409 0.999846
000135 375 1242 1 704.939 172.089 729.455 194.532 0.982859
000135 375 1242 1 0.0 181.427 209.177 305.251 0.710733
000136 375 1242 1 460.605 177.739 583.9 222.867 0.999991
000136 375 1242 1 417.269 179.474 456.365 209.464 0.999823
000136 375 1242 1 706.401 174.786 730.593 195.61 0.957379
000137 375 1242 1 440.368 178.691 570.63 224.172 0.99999
000137 375 1242 1 417.604 179.045 452.247 211.523 0.997624
000137 375 1242 1 708.353 176.522 731.04 196.51 0.760496
000138 375 1242 1 425.697 178.129 559.634 224.13 0.999962
000138 375 1242 1 416.456 177.539 452.575 207.196 0.943055
000138 375 1242 1 563.171 176.241 593.495 196.726 0.839207
000139 375 1242 1 403.815 177.338 543.823 226.039 0.999979
000139 375 1242 1 562.386 176.462 592.157 196.78 0.762869
000140 375 1242 1 387.972 179.127 524.409 230.461 0.999971
000140 375 1242 1 565.149 177.927 592.82 197.802 0.878514
000141 375 1242 1 366.783 178.152 512.04 232.107 0.999993
000141 375 1242 1 517.415 178.629 552.486 200.012 0.897493
000142 375 1242 1 350.524 177.631 493.094 233.986 0.999777
000142 375 1242 1 516.609 178.048 549.288 199.428 0.910543
000143 375 1242 1 326.73 178.461 476.627 239.468 0.99986
000143 375 1242 1 516.587 178.661 549.373 199.13 0.758034
000143 375 1242 1 562.069 177.063 596.263 197.268 0.696367
000144 375 1242 1 308.885 180.301 459.833 240.027 0.999929
000144 375 1242 1 518.142 177.506 552.385 198.469 0.763716
000144 375 1242 1 562.253 174.878 592.298 196.641 0.658922
000145 375 1242 1 261.662 182.276 432.229 244.422 0.99979
000145 375 1242 1 561.18 176.157 590.594 196.912 0.894839
000145 375 1242 1 515.698 177.375 552.706 199.419 0.854328
000146 375 1242 1 234.896 180.895 415.716 247.73 0.998611
000146 375 1242 1 379.481 181.589 423.901 206.859 0.950147
000146 375 1242 1 514.72 177.859 549.492 199.374 0.885287
000146 375 1242 1 562.318 175.474 591.957 196.428 0.88478
000147 375 1242 1 191.618 180.92 388.352 252.644 0.999397
000147 375 1242 1 363.474 178.573 419.412 206.432 0.99837
000147 375 1242 1 562.622 176.397 592.794 196.389 0.918264
000147 375 1242 1 515.311 177.84 548.73 198.47 0.91541
000148 375 1242 1 155.448 183.049 356.35 258.019 0.999257
000148 375 1242 1 357.904 179.081 414.489 209.927 0.998884
000148 375 1242 1 513.731 177.777 553.101 198.71 0.787049
000148 375 1242 1 562.758 175.495 590.703 198.971 0.578316
000149 375 1242 1 106.959 184.085 334.333 263.005 0.998763
000149 375 1242 1 334.765 181.469 407.718 206.847 0.962236
000149 375 1242 1 513.913 178.528 555.274 199.277 0.83007
000149 375 1242 1 553.538 173.424 645.562 217.48 0.560553
000150 375 1242 1 66.5421 185.538 329.63 269.322 0.999834
000150 375 1242 1 327.955 182.348 396.261 210.424 0.958887
000150 375 1242 1 511.567 178.578 555.335 198.193 0.913862
000151 375 1242 1 23.0275 184.361 297.316 276.599 0.998853
000152 375 1242 1 0.0 186.787 276.715 281.958 0.999546
000153 375 1242 1 0.0 189.894 253.71 291.111 0.990517
000153 375 1242 1 318.304 182.598 375.646 208.687 0.596747
000154 375 1242 1 0.0 191.689 218.883 278.868 0.942052
000154 375 1242 1 290.615 181.987 345.002 210.973 0.928609
000154 375 1242 1 448.03 170.132 555.395 224.668 0.577536
000155 375 1242 1 278.794 183.97 341.549 213.216 0.996579
000155 375 1242 1 425.223 171.921 535.052 228.638 0.816612
000156 375 1242 1 402.573 167.377 514.745 232.74 0.739801
000156 375 1242 1 275.372 183.729 332.009 211.124 0.636801
000156 375 1242 1 560.889 177.42 591.184 197.784 0.55555
000157 375 1242 1 511.967 177.843 545.135 199.78 0.983868
000157 375 1242 1 278.658 185.037 326.905 212.646 0.966756
000157 375 1242 1 559.942 176.23 592.332 197.506 0.647439
000157 375 1242 1 371.982 170.416 502.598 233.724 0.510053
000158 375 1242 1 511.513 177.597 551.256 199.854 0.966899
000158 375 1242 1 348.695 171.598 481.569 238.221 0.943134
000158 375 1242 1 260.919 184.105 310.339 210.859 0.810351
000158 375 1242 1 559.534 176.6 590.522 198.181 0.747252
000159 375 1242 1 245.935 183.629 301.064 211.468 0.991109
000159 375 1242 1 510.291 177.432 549.007 199.705 0.978937
000159 375 1242 1 560.746 176.461 589.15 199.203 0.922563
000160 375 1242 1 510.629 177.558 550.626 199.597 0.947595
000160 375 1242 1 218.44 187.59 284.92 212.987 0.941557
000160 375 1242 1 558.359 176.432 590.463 197.944 0.832817
000161 375 1242 1 510.654 177.883 551.844 199.857 0.93077
000161 375 1242 1 219.089 187.222 275.291 213.198 0.912225
000161 375 1242 1 559.637 176.376 590.739 198.449 0.833823
000161 375 1242 1 255.683 175.394 421.822 251.881 0.806882
000162 375 1242 1 214.513 176.799 378.97 256.581 0.967369
000162 375 1242 1 511.075 177.668 551.569 199.921 0.954691
000162 375 1242 1 207.212 187.935 266.294 213.272 0.894624
000162 375 1242 1 559.965 176.523 591.218 198.215 0.798388
000163 375 1242 1 183.007 174.117 351.936 260.871 0.966803
000163 375 1242 1 559.477 176.647 589.594 198.283 0.898211
000163 375 1242 1 511.446 178.078 552.015 200.124 0.894457
000164 375 1242 1 558.883 176.551 587.251 198.445 0.932688
000164 375 1242 1 138.031 179.808 313.171 268.47 0.914678
000164 375 1242 1 511.771 178.627 553.259 200.509 0.817622
000165 375 1242 1 559.104 176.87 587.113 198.497 0.916943
000165 375 1242 1 87.9598 176.687 297.321 277.235 0.838075
000165 375 1242 1 511.441 178.816 553.241 200.555 0.789177
000166 375 1242 1 560.338 177.509 587.186 198.166 0.981566
000166 375 1242 1 38.0185 183.089 265.504 284.152 0.912584
000166 375 1242 1 511.336 178.922 553.071 200.523 0.704262
000167 375 1242 1 511.304 179.404 551.685 200.843 0.500012
000168 375 1242 1 511.889 177.995 550.416 200.334 0.716705
000169 375 1242 1 133.583 188.473 194.402 218.151 0.960237
000169 375 1242 1 510.809 178.998 551.423 201.025 0.844977
000170 375 1242 1 122.023 189.955 183.98 220.15 0.989747
000170 375 1242 1 510.062 179.455 547.101 200.891 0.952062
000171 375 1242 1 110.549 189.848 179.34 218.74 0.991928
000172 375 1242 1 102.021 189.653 167.119 222.253 0.996438
000173 375 1242 1 93.762 190.79 160.932 220.023 0.991632
000174 375 1242 1 83.6193 188.925 150.63 218.891 0.99678
000175 375 1242 1 73.9657 189.199 137.592 218.002 0.995868
000176 375 1242 1 67.9416 190.091 125.406 218.372 0.976576
000177 375 1242 1 60.9352 190.504 112.75 217.97 0.990007
000178 375 1242 1 47.3353 190.454 104.019 216.058 0.99383
000179 375 1242 1 38.5208 190.251 95.1261 214.428 0.917658
000180 375 1242 1 32.3735 191.004 84.2024 217.035 0.988156
000181 375 1242 1 24.7271 192.805 76.1288 215.769 0.838634
000191 375 1242 1 1107.88 165.337 1242.0 202.863 0.969848
000191 375 1242 1 563.066 176.597 588.707 197.305 0.628294
000192 375 1242 1 559.785 176.627 588.657 198.402 0.964235
000192 375 1242 1 1099.02 164.899 1242.0 201.68 0.902923
000193 375 1242 1 1090.75 162.31 1239.98 201.91 0.964915
000193 375 1242 1 560.339 176.641 587.683 198.449 0.935528
000194 375 1242 1 1083.04 164.827 1235.69 204.166 0.944659
000194 375 1242 1 560.538 176.562 589.153 198.609 0.919861
000195 375 1242 1 560.079 176.571 588.474 198.632 0.941621
000195 375 1242 1 1082.73 166.256 1200.8 202.961 0.866493
000196 375 1242 1 1062.66 163.588 1197.5 203.825 0.996365
000196 375 1242 1 559.05 176.813 589.587 198.787 0.923075
000196 375 1242 1 511.807 179.581 553.505 201.059 0.507916
000197 375 1242 1 1053.61 165.128 1191.39 203.739 0.999075
000197 375 1242 1 560.29 176.797 588.865 198.652 0.946087
000198 375 1242 1 1050.16 167.455 1179.03 201.788 0.999483
000198 375 1242 1 560.167 176.712 588.676 198.605 0.921294
000198 375 1242 1 511.842 179.837 552.727 200.987 0.545807
000199 375 1242 1 1034.48 166.225 1174.12 203.166 0.999312
000199 375 1242 1 560.041 176.591 588.876 198.458 0.897803
000200 375 1242 1 1029.42 165.75 1163.45 202.478 0.999753
000200 375 1242 1 559.157 176.603 589.67 198.674 0.914766
000201 375 1242 1 1027.03 166.304 1152.95 203.224 0.999247
000201 375 1242 1 559.879 176.569 588.842 198.39 0.906752
000201 375 1242 1 511.347 179.088 551.505 201.069 0.611266
000202 375 1242 1 1020.63 166.374 1148.88 204.669 0.999208
000202 375 1242 1 558.597 176.621 589.615 198.449 0.899335
000202 375 1242 1 511.596 179.004 552.155 200.823 0.570424
000203 375 1242 1 1010.37 166.021 1139.53 203.117 0.998019
000203 375 1242 1 558.769 176.745 589.591 198.602 0.864903
000203 375 1242 1 511.524 179.076 553.208 200.703 0.515037
000204 375 1242 1 1012.28 166.761 1129.19 204.153 0.997615
000204 375 1242 1 560.141 176.647 588.926 198.51 0.911812
000205 375 1242 1 1006.04 165.755 1124.67 203.265 0.997841
000205 375 1242 1 559.981 176.762 588.832 198.575 0.939809
000205 375 1242 1 511.461 179.767 552.368 201.172 0.673971
000206 375 1242 1 1000.97 166.789 1123.36 204.043 0.997963
000206 375 1242 1 559.706 176.925 588.708 198.532 0.930985
000207 375 1242 1 996.673 165.551 1115.8 203.484 0.997502
000207 375 1242 1 558.485 176.774 589.558 198.66 0.927325
000208 375 1242 1 993.426 166.312 1116.84 203.973 0.998698
000208 375 1242 1 560.193 176.615 588.735 198.424 0.932905
000208 375 1242 1 511.883 179.761 553.792 200.777 0.525214
000209 375 1242 1 995.938 165.691 1119.46 203.873 0.99961
000209 375 1242 1 559.747 176.705 588.622 198.51 0.94335
000210 375 1242 1 990.82 166.877 1117.19 203.697 0.999329
000210 375 1242 1 559.611 176.437 587.451 197.625 0.89464
000210 375 1242 1 511.475 179.536 552.768 200.877 0.540795
000211 375 1242 1 991.879 166.54 1116.52 203.448 0.999611
000211 375 1242 1 559.719 176.267 587.8 197.638 0.940954
000211 375 1242 1 512.23 178.546 551.974 200.605 0.595193
000212 375 1242 1 989.097 166.693 1113.25 204.961 0.99975
000212 375 1242 1 560.091 176.661 588.927 198.472 0.923721
000213 375 1242 1 989.392 166.282 1111.86 203.812 0.999523
000213 375 1242 1 560.095 176.626 589.121 198.676 0.932967
000213 375 1242 1 511.434 180.04 552.671 201.259 0.500982
000214 375 1242 1 989.497 166.646 1110.5 204.937 0.999791
000214 375 1242 1 559.729 176.791 588.888 198.537 0.93161
000215 375 1242 1 991.272 167.274 1107.71 203.288 0.999739
000215 375 1242 1 560.289 176.79 588.475 198.444 0.915024
000216 375 1242 1 991.025 167.294 1107.46 203.242 0.999811
000216 375 1242 1 559.958 176.888 589.081 198.659 0.9348
000217 375 1242 1 986.922 167.358 1109.63 203.34 0.999323
000217 375 1242 1 560.276 176.638 588.893 198.518 0.923811
000218 375 1242 1 990.479 167.313 1108.9 203.27 0.999789
000218 375 1242 1 560.317 176.44 589.231 198.455 0.924785
000218 375 1242 1 511.396 179.277 552.149 200.899 0.604677
000219 375 1242 1 992.794 166.031 1107.02 203.366 0.999905
000219 375 1242 1 560.249 176.724 588.133 198.509 0.917001
000219 375 1242 1 511.756 179.725 553.237 200.943 0.530031
000220 375 1242 1 988.293 166.963 1108.29 203.791 0.999422
000220 375 1242 1 560.385 176.716 588.553 198.623 0.941123
000221 375 1242 1 987.47 167.445 1110.17 203.483 0.999486
000221 375 1242 1 560.234 176.698 588.86 198.638 0.923568
000222 375 1242 1 987.78 167.464 1108.44 203.454 0.999521
000222 375 1242 1 559.088 176.591 589.385 198.476 0.890753
000223 375 1242 1 988.382 167.441 1109.61 203.397 0.999459
000223 375 1242 1 560.237 176.765 588.631 198.464 0.926537
000224 375 1242 1 987.937 167.237 1108.45 203.08 0.999191
000224 375 1242 1 558.817 176.687 589.07 198.669 0.899562
000225 375 1242 1 989.664 167.39 1108.46 202.96 0.999773
000225 375 1242 1 560.128 176.777 588.81 198.516 0.929844
000226 375 1242 1 987.608 166.505 1102.96 204.03 0.999037
000226 375 1242 1 559.819 176.807 587.985 198.261 0.91835
000227 375 1242 1 991.867 166.185 1107.88 203.332 0.999766
000227 375 1242 1 560.423 176.529 588.498 198.403 0.919258
000228 375 1242 1 990.419 166.245 1107.31 203.33 0.999795
000228 375 1242 1 560.124 176.841 587.725 198.495 0.927336
000228 375 1242 1 511.131 179.719 554.236 201.009 0.587017
000229 375 1242 1 992.433 166.28 1106.18 203.241 0.999874
000229 375 1242 1 560.051 176.831 588.012 198.707 0.940376
000230 375 1242 1 991.478 166.35 1107.17 203.306 0.999872
000230 375 1242 1 558.589 176.562 588.972 198.317 0.859782
000230 375 1242 1 511.651 179.565 553.148 200.961 0.513295
000231 375 1242 1 990.771 167.238 1107.47 203.148 0.999785
000231 375 1242 1 560.32 176.662 588.224 198.597 0.916659
000231 375 1242 1 511.427 179.8 552.818 201.018 0.510784
000232 375 1242 1 989.646 166.511 1108.06 203.157 0.999662
000232 375 1242 1 560.076 176.795 588.86 198.569 0.925417
