000023 374 1238 1 557.583 171.639 582.244 191.383 0.95276
000024 374 1238 1 553.246 173.517 577.475 193.071 0.978377
000025 374 1238 1 546.531 175.081 574.386 195.755 0.998165
000026 374 1238 1 538.865 174.931 570.744 196.861 0.999865
000027 374 1238 1 531.575 176.49 563.491 198.717 0.999764
000028 374 1238 1 522.617 177.216 559.0 199.408 0.999994
000029 374 1238 1 514.268 176.059 551.913 202.379 0.999905
000030 374 1238 1 503.836 176.292 543.879 203.985 0.999862
000031 374 1238 1 491.442 176.036 536.301 206.82 0.999974
000032 374 1238 1 472.952 173.942 521.511 210.743 0.999961
000033 374 1238 1 450.421 176.116 513.568 216.866 0.999892
000034 374 1238 1 424.631 177.241 497.483 221.716 0.999951
000035 374 1238 1 390.601 178.959 478.228 232.616 0.999982
000036 374 1238 1 341.038 182.912 457.111 248.157 1.0
000037 374 1238 1 266.085 182.964 428.704 264.388 0.999999
000038 374 1238 1 148.237 184.484 375.117 300.356 1.0
000039 374 1238 1 0.0 187.91 327.26 357.014 0.997127
000040 374 1238 1 591.428 170.777 614.579 190.43 0.644527
000041 374 1238 1 592.33 170.695 611.884 187.843 0.584843
000042 374 1238 1 590.397 170.232 611.26 187.882 0.591329
000043 374 1238 1 588.138 169.599 614.238 188.151 0.701969
000044 374 1238 1 587.82 169.888 608.416 190.047 0.713411
000045 374 1238 1 583.805 168.946 609.148 189.297 0.964687
000046 374 1238 1 581.421 170.102 606.892 191.178 0.82444
000047 374 1238 1 579.075 171.05 604.604 192.177 0.988163
000048 374 1238 1 577.95 172.072 603.126 192.772 0.870824
000049 374 1238 1 575.515 171.357 602.988 193.45 0.993829
000050 374 1238 1 575.191 169.85 601.251 193.373 0.998226
000051 374 1238 1 573.335 170.338 598.962 192.725 0.991738
000052 374 1238 1 572.378 170.667 598.496 192.878 0.99727
000052 374 1238 1 614.61 169.072 637.23 189.38 0.763373
000053 374 1238 1 570.921 171.856 597.417 194.422 0.995304
000053 374 1238 1 613.874 169.647 636.685 192.193 0.67911
000054 374 1238 1 569.208 172.012 596.162 194.783 0.999588
000054 374 1238 1 614.388 169.281 637.56 191.667 0.8742
000055 374 1238 1 568.367 171.035 595.227 192.724 0.99823
000055 374 1238 1 614.408 168.39 638.38 189.605 0.972276
000056 374 1238 1 568.105 170.195 594.076 191.456 0.999543
000056 374 1238 1 615.059 166.427 637.455 188.533 0.945072
000057 374 1238 1 565.264 167.428 594.265 190.629 0.997959
000057 374 1238 1 614.363 165.725 637.332 187.702 0.983137
000058 374 1238 1 565.113 168.255 594.249 191.852 0.999737
000058 374 1238 1 613.801 164.841 636.955 186.908 0.975114
000059 374 1238 1 562.915 170.891 591.828 194.044 0.998787
000059 374 1238 1 613.592 165.109 638.526 189.255 0.996518
000060 374 1238 1 562.001 170.787 590.691 195.177 0.99988
000060 374 1238 1 614.098 167.508 638.17 190.79 0.986038
000061 374 1238 1 560.04 172.124 591.352 197.089 0.999962
000061 374 1238 1 614.009 169.269 636.289 192.445 0.986876
000062 374 1238 1 558.039 174.167 590.647 198.821 0.999973
000062 374 1238 1 614.601 170.872 638.967 193.973 0.998369
000063 374 1238 1 557.151 174.736 589.055 200.854 0.999977
000063 374 1238 1 614.328 171.566 641.381 194.537 0.998694
000064 374 1238 1 554.352 175.844 590.404 201.533 0.999991
000064 374 1238 1 614.603 171.117 640.883 194.705 0.998084
000065 374 1238 1 554.492 174.783 588.8 201.803 0.999995
000065 374 1238 1 613.446 170.045 642.035 194.768 0.999427
000066 374 1238 1 551.721 173.674 586.731 201.887 0.999968
000066 374 1238 1 614.193 171.305 640.227 194.267 0.999857
000067 374 1238 1 548.685 173.233 585.354 200.4 0.999965
000067 374 1238 1 613.862 169.341 638.765 193.571 0.999232
000068 374 1238 1 545.614 172.186 583.318 201.311 0.999994
000068 374 1238 1 610.919 169.629 638.668 194.18 0.999813
000069 374 1238 1 543.927 172.927 582.465 202.287 0.999996
000069 374 1238 1 610.47 169.334 639.325 193.96 0.999844
000069 374 1238 1 588.008 167.583 608.687 188.114 0.815236
000070 374 1238 1 542.321 172.841 582.046 203.629 0.999972
000070 374 1238 1 610.564 169.447 639.192 194.009 0.999942
000070 374 1238 1 587.128 167.534 609.314 188.712 0.951617
000071 374 1238 1 539.842 172.747 581.01 204.287 0.999981
000071 374 1238 1 610.022 169.928 640.553 194.645 0.999898
000071 374 1238 1 514.893 171.883 548.622 195.545 0.93771
000071 374 1238 1 585.475 167.264 611.621 189.177 0.897209
000072 374 1238 1 538.007 172.729 578.625 204.855 0.999996
000072 374 1238 1 611.563 169.458 640.682 194.605 0.999948
000072 374 1238 1 505.079 172.208 539.72 198.84 0.999294
000072 374 1238 1 586.819 167.414 609.666 188.212 0.785064
000073 374 1238 1 535.63 172.569 579.123 206.34 0.999989
000073 374 1238 1 610.919 170.944 640.54 196.203 0.99994
000073 374 1238 1 491.469 172.625 534.384 203.338 0.999631
000073 374 1238 1 585.016 168.029 607.753 189.861 0.708263
000074 374 1238 1 532.938 173.099 578.059 208.286 0.999997
000074 374 1238 1 479.048 173.964 523.376 207.444 0.999932
000074 374 1238 1 609.981 169.47 640.015 196.654 0.999699
000074 374 1238 1 583.968 167.647 608.709 189.186 0.767873
000075 374 1238 1 531.006 172.646 577.065 209.804 0.999996
000075 374 1238 1 454.466 174.12 513.327 211.921 0.999993
000075 374 1238 1 611.038 169.457 639.148 197.383 0.999806
000075 374 1238 1 583.199 167.621 608.076 190.06 0.920861
000076 374 1238 1 527.387 172.034 576.778 209.313 0.999999
000076 374 1238 1 431.561 173.816 497.601 218.922 0.999999
000076 374 1238 1 610.744 168.682 638.597 196.127 0.999673
000076 374 1238 1 582.853 166.511 608.424 189.682 0.935837
000077 374 1238 1 399.135 173.037 477.463 222.625 0.999997
000077 374 1238 1 525.708 169.939 573.216 207.99 0.999996
000077 374 1238 1 608.804 165.437 639.286 194.395 0.999908
000077 374 1238 1 580.485 165.633 604.644 187.603 0.978381
000078 374 1238 1 352.186 173.528 451.123 238.339 0.999999
000078 374 1238 1 522.911 169.435 573.049 208.11 0.99999
000078 374 1238 1 606.345 164.936 639.828 194.636 0.999694
000078 374 1238 1 578.197 163.974 604.485 187.073 0.986037
000079 374 1238 1 517.948 170.574 572.517 209.766 0.999999
000079 374 1238 1 276.414 179.509 415.944 259.37 0.999975
000079 374 1238 1 608.356 166.139 639.549 195.992 0.999737
000079 374 1238 1 575.886 165.534 604.633 189.965 0.996017
000080 374 1238 1 516.999 173.132 567.925 212.788 0.999997
000080 374 1238 1 145.008 176.712 366.234 295.841 0.999983
000080 374 1238 1 608.803 168.24 639.029 197.153 0.999879
000080 374 1238 1 577.396 166.611 603.381 191.207 0.997939
000081 374 1238 1 514.268 172.242 569.176 216.111 0.999991
000081 374 1238 1 607.407 169.88 638.464 199.876 0.999956
000081 374 1238 1 0.0 185.015 299.172 364.192 0.99763
000081 374 1238 1 575.422 167.729 602.573 192.373 0.995474
000082 374 1238 1 508.48 174.309 566.815 215.918 0.999995
000082 374 1238 1 607.416 168.544 639.215 201.202 0.999967
000082 374 1238 1 575.773 168.151 602.078 192.691 0.997944
000083 374 1238 1 509.422 172.698 564.716 219.301 0.999996
000083 374 1238 1 606.727 169.337 639.585 200.713 0.999929
000083 374 1238 1 575.625 169.064 602.913 193.792 0.998168
000084 374 1238 1 504.314 172.637 564.077 219.976 0.999979
000084 374 1238 1 605.112 170.124 639.934 201.665 0.999941
000084 374 1238 1 574.068 169.339 601.228 194.008 0.998718
000085 374 1238 1 502.168 173.278 563.472 219.731 0.999987
000085 374 1238 1 605.601 169.192 639.869 201.161 0.999979
000085 374 1238 1 573.593 169.974 601.076 194.67 0.999171
000086 374 1238 1 499.411 175.449 562.37 223.606 0.99999
000086 374 1238 1 604.591 169.85 639.441 203.083 0.999976
000086 374 1238 1 572.961 170.867 600.366 194.97 0.999175
000087 374 1238 1 494.883 176.693 561.05 223.734 0.999997
000087 374 1238 1 604.103 169.275 639.939 204.341 0.999959
000087 374 1238 1 572.722 169.735 600.108 195.089 0.9995
000088 374 1238 1 493.06 176.023 560.781 227.036 0.999998
000088 374 1238 1 603.733 169.807 639.584 204.512 0.99998
000088 374 1238 1 570.619 169.815 600.163 194.996 0.999268
000089 374 1238 1 487.12 174.659 558.342 228.169 1.0
000089 374 1238 1 603.802 169.498 640.117 203.89 0.99995
000089 374 1238 1 570.604 168.155 598.496 194.318 0.999476
000090 374 1238 1 483.463 173.271 557.005 228.585 1.0
000090 374 1238 1 604.285 168.537 640.848 203.22 0.999986
000090 374 1238 1 570.261 166.848 598.812 193.912 0.999642
000091 374 1238 1 478.693 173.727 555.752 230.053 0.999999
000091 374 1238 1 603.642 168.118 640.427 203.922 0.999993
000091 374 1238 1 570.321 167.1 597.649 194.36 0.999347
000091 374 1238 1 534.735 172.44 572.252 205.699 0.835422
000092 374 1238 1 475.468 173.304 555.184 232.949 1.0
000092 374 1238 1 604.297 168.703 639.635 203.562 0.999983
000092 374 1238 1 569.624 167.004 598.057 194.84 0.999638
000093 374 1238 1 472.543 174.815 552.327 234.986 1.0
000093 374 1238 1 603.844 168.963 641.077 205.555 0.999995
000093 374 1238 1 568.619 168.245 597.546 195.605 0.999085
000093 374 1238 1 346.126 167.807 446.288 235.586 0.73059
000094 374 1238 1 469.472 177.555 551.834 238.847 1.0
000094 374 1238 1 604.227 169.768 640.535 206.403 0.999992
000094 374 1238 1 566.653 169.562 595.198 196.135 0.997424
000094 374 1238 1 528.592 173.44 567.52 209.884 0.951291
000094 374 1238 1 290.991 164.906 419.712 249.156 0.671307
000095 374 1238 1 464.061 176.753 548.416 240.132 1.0
000095 374 1238 1 603.552 171.031 639.655 206.907 0.999992
000095 374 1238 1 566.583 168.584 595.138 196.364 0.999473
000096 374 1238 1 459.444 177.73 548.899 242.13 1.0
000096 374 1238 1 603.164 170.487 640.537 206.956 0.99999
000096 374 1238 1 567.857 168.493 595.689 196.605 0.999752
000096 374 1238 1 522.109 176.333 570.207 211.153 0.959104
000096 374 1238 1 62.6739 162.122 322.692 304.742 0.650589
000097 374 1238 1 455.514 178.348 547.519 243.992 1.0
000097 374 1238 1 603.598 170.364 639.108 206.845 0.999977
000097 374 1238 1 566.659 169.044 595.324 197.89 0.999376
000097 374 1238 1 519.585 176.923 568.014 212.752 0.941961
000098 374 1238 1 449.982 178.309 544.937 246.594 0.999999
000098 374 1238 1 602.04 170.003 640.344 207.954 0.999995
000098 374 1238 1 566.263 168.888 594.712 198.154 0.999319
000098 374 1238 1 517.625 176.994 567.258 213.75 0.960587
000099 374 1238 1 444.612 181.268 541.932 250.89 0.999999
000099 374 1238 1 603.356 171.737 641.598 208.852 0.999996
000099 374 1238 1 565.905 170.313 597.148 198.797 0.999975
000099 374 1238 1 511.434 177.344 566.349 217.556 0.999874
000100 374 1238 1 440.743 180.463 541.414 251.686 1.0
000100 374 1238 1 601.693 171.282 640.66 208.623 0.999999
000100 374 1238 1 565.935 170.486 596.839 199.918 0.999942
000100 374 1238 1 513.305 179.14 563.316 219.881 0.997285
000101 374 1238 1 435.81 181.1 543.355 257.196 1.0
000101 374 1238 1 602.067 171.945 640.382 210.256 0.999999
000101 374 1238 1 566.166 170.496 596.98 200.074 0.999916
000101 374 1238 1 508.257 177.251 566.173 219.43 0.999833
000102 374 1238 1 430.039 183.37 542.056 259.641 1.0
000102 374 1238 1 602.087 172.567 641.623 210.646 0.999998
000102 374 1238 1 508.947 177.499 563.807 219.451 0.999876
000102 374 1238 1 563.091 169.013 596.173 199.581 0.999875
000103 374 1238 1 423.401 184.219 536.951 261.409 1.0
000103 374 1238 1 603.07 171.823 641.914 211.755 0.99999
000103 374 1238 1 504.39 177.219 562.512 223.453 0.999899
000103 374 1238 1 565.768 171.689 595.588 200.28 0.999818
000104 374 1238 1 420.256 184.297 537.385 268.289 0.999998
000104 374 1238 1 602.802 173.3 642.011 212.047 0.999994
000104 374 1238 1 565.718 171.423 595.781 201.691 0.99978
000104 374 1238 1 504.783 179.196 560.438 222.698 0.999628
000105 374 1238 1 413.299 180.699 536.245 271.188 1.0
000105 374 1238 1 601.646 171.832 643.102 211.893 0.999991
000105 374 1238 1 563.279 169.967 597.497 201.219 0.999804
000105 374 1238 1 501.379 177.306 560.01 223.443 0.999718
000106 374 1238 1 403.428 180.813 535.46 270.518 0.999999
000106 374 1238 1 602.934 169.571 641.435 210.687 0.99999
000106 374 1238 1 501.257 177.506 559.715 223.518 0.999765
000106 374 1238 1 562.56 168.393 596.866 200.255 0.999754
000107 374 1238 1 402.765 180.778 531.172 273.535 0.999999
000107 374 1238 1 602.19 169.793 642.431 211.031 0.99999
000107 374 1238 1 563.068 167.677 597.156 199.672 0.999926
000107 374 1238 1 497.182 176.017 558.628 223.517 0.999776
000108 374 1238 1 601.734 167.89 643.574 209.031 0.999999
000108 374 1238 1 394.153 179.505 530.801 277.763 0.999999
000108 374 1238 1 496.878 175.088 558.161 224.085 0.999952
000108 374 1238 1 561.816 166.975 596.922 198.838 0.999909
000109 374 1238 1 385.401 179.145 529.012 279.969 0.999999
000109 374 1238 1 601.54 168.073 642.038 209.064 0.999999
000109 374 1238 1 492.991 174.164 556.161 223.388 0.999989
000109 374 1238 1 561.741 166.876 596.727 198.962 0.999574
000110 374 1238 1 378.087 179.39 526.404 284.336 1.0
000110 374 1238 1 600.389 167.311 643.292 208.394 1.0
000110 374 1238 1 491.256 174.304 554.193 223.699 0.99999
000110 374 1238 1 560.836 165.189 595.588 198.534 0.999922
000111 374 1238 1 371.523 178.869 522.435 289.807 0.999999
000111 374 1238 1 598.176 167.075 640.892 208.92 0.999998
000111 374 1238 1 489.213 175.648 554.22 225.911 0.999992
000111 374 1238 1 560.204 165.542 594.825 198.719 0.999849
000112 374 1238 1 360.035 181.81 524.373 295.184 1.0
000112 374 1238 1 598.612 167.928 643.257 210.654 0.999999
000112 374 1238 1 486.602 175.459 552.247 226.726 0.999996
000112 374 1238 1 556.404 166.371 593.023 197.462 0.999881
000113 374 1238 1 598.582 166.951 641.303 209.619 0.999999
000113 374 1238 1 352.301 180.159 520.319 300.768 0.999998
000113 374 1238 1 481.605 173.835 553.018 228.514 0.999944
000113 374 1238 1 557.615 165.378 594.228 199.769 0.999918
000114 374 1238 1 599.019 167.174 642.565 208.374 1.0
000114 374 1238 1 341.191 180.479 514.38 304.552 0.999999
000114 374 1238 1 556.964 166.067 594.181 199.724 0.999975
000114 374 1238 1 482.177 172.782 552.458 229.586 0.999926
000115 374 1238 1 598.039 166.925 641.411 208.24 0.999999
000115 374 1238 1 328.247 181.589 514.772 306.838 0.999999
000115 374 1238 1 557.384 165.176 593.976 198.643 0.999968
000115 374 1238 1 480.709 173.961 550.258 229.782 0.999957
000116 374 1238 1 598.484 167.113 640.675 210.042 0.999999
000116 374 1238 1 317.167 183.323 514.29 310.792 0.999998
000116 374 1238 1 555.446 165.383 594.192 199.606 0.999927
000116 374 1238 1 478.057 174.598 550.468 231.803 0.999919
000117 374 1238 1 598.603 167.245 640.066 210.607 0.999999
000117 374 1238 1 309.862 180.066 516.196 319.705 0.999994
000117 374 1238 1 555.492 166.379 592.317 200.216 0.999971
000117 374 1238 1 476.786 175.805 548.894 232.397 0.999934
000118 374 1238 1 295.702 183.613 503.304 325.387 0.999999
000118 374 1238 1 596.979 166.925 642.414 211.143 0.999998
000118 374 1238 1 476.532 174.892 549.04 233.678 0.999969
000118 374 1238 1 554.444 165.993 593.078 200.579 0.999958
000119 374 1238 1 285.735 182.952 499.997 330.237 0.999998
000119 374 1238 1 594.449 166.995 642.046 211.209 0.999996
000119 374 1238 1 554.675 165.566 592.516 200.397 0.999989
000119 374 1238 1 473.559 174.593 548.24 235.115 0.999987
000120 374 1238 1 595.345 168.282 642.339 211.187 0.999999
000120 374 1238 1 277.001 183.728 498.622 335.413 0.999993
000120 374 1238 1 553.34 165.681 590.845 201.219 0.999989
000120 374 1238 1 468.232 174.238 549.049 236.988 0.999975
000121 374 1238 1 593.645 165.888 643.214 211.353 0.999999
000121 374 1238 1 267.455 186.207 497.606 341.148 0.999996
000121 374 1238 1 551.25 165.211 590.949 201.488 0.999985
000121 374 1238 1 467.714 174.549 546.314 236.302 0.999982
000122 374 1238 1 593.618 167.487 643.617 212.098 0.999998
000122 374 1238 1 552.099 165.236 591.312 201.977 0.999995
000122 374 1238 1 258.145 184.893 494.843 346.077 0.999972
000122 374 1238 1 468.053 174.827 545.956 237.891 0.999957
000123 374 1238 1 595.289 166.264 642.247 211.46 0.999999
000123 374 1238 1 551.702 166.892 591.975 200.936 0.99999
000123 374 1238 1 245.936 191.786 498.139 349.064 0.999977
000123 374 1238 1 464.638 173.709 547.592 238.639 0.999973
000124 374 1238 1 250.014 187.605 499.039 350.229 0.999997
000124 374 1238 1 592.982 167.313 643.398 212.439 0.999997
000124 374 1238 1 550.642 165.262 589.867 200.582 0.999981
000124 374 1238 1 464.422 173.47 544.485 238.958 0.999967
000125 374 1238 1 592.865 165.399 641.832 212.076 1.0
000125 374 1238 1 238.9 186.539 491.688 349.648 0.999995
000125 374 1238 1 550.144 164.307 590.221 200.808 0.999989
000125 374 1238 1 461.494 172.842 543.441 239.998 0.999986
000126 374 1238 1 592.054 164.866 640.014 211.222 0.999999
000126 374 1238 1 461.413 172.952 543.447 238.576 0.999987
000126 374 1238 1 225.55 185.133 493.277 352.928 0.999972
000126 374 1238 1 549.925 165.109 588.68 201.134 0.999948
000127 374 1238 1 590.926 165.801 641.94 211.993 1.0
000127 374 1238 1 458.667 172.968 543.207 239.037 0.999993
000127 374 1238 1 549.026 164.577 587.696 201.351 0.999993
000127 374 1238 1 220.328 186.163 490.086 354.885 0.999982
000128 374 1238 1 590.752 166.661 641.448 212.745 0.999998
000128 374 1238 1 459.138 174.385 541.898 240.264 0.999981
000128 374 1238 1 548.092 165.946 586.003 201.417 0.999977
000128 374 1238 1 208.662 183.07 493.838 357.781 0.999952
000129 374 1238 1 454.884 175.165 541.521 240.819 0.999994
000129 374 1238 1 546.696 166.033 587.777 203.373 0.999992
000129 374 1238 1 206.855 186.315 491.065 362.605 0.999988
000129 374 1238 1 589.765 166.362 641.945 214.079 0.999982
000130 374 1238 1 589.544 167.202 641.951 215.691 0.999998
000130 374 1238 1 546.07 167.11 585.986 204.074 0.999991
000130 374 1238 1 196.089 189.923 492.923 364.432 0.99999
000130 374 1238 1 450.451 176.456 539.718 243.503 0.999978
000131 374 1238 1 588.434 169.417 640.637 215.028 0.999995
000131 374 1238 1 453.274 177.758 539.135 243.166 0.999993
000131 374 1238 1 194.115 190.625 484.791 367.071 0.999988
000131 374 1238 1 544.596 166.851 586.213 205.503 0.999982
000132 374 1238 1 543.961 168.781 584.912 205.205 0.999997
000132 374 1238 1 588.925 171.543 640.907 216.18 0.999996
000132 374 1238 1 450.208 178.437 537.7 245.196 0.999995
000132 374 1238 1 185.378 191.86 487.518 369.471 0.999965
000133 374 1238 1 179.857 191.148 483.11 369.486 0.999994
000133 374 1238 1 586.716 169.929 639.773 217.602 0.999992
000133 374 1238 1 447.542 176.757 536.062 246.651 0.999983
000133 374 1238 1 544.045 168.816 585.164 206.022 0.999959
000134 374 1238 1 586.472 170.678 639.69 217.182 0.999993
000134 374 1238 1 443.894 178.653 535.27 246.06 0.999991
000134 374 1238 1 172.287 192.402 478.858 373.532 0.999985
000134 374 1238 1 543.728 167.95 583.932 206.774 0.999948
000135 374 1238 1 442.707 177.087 534.928 246.852 0.999996
000135 374 1238 1 586.017 170.325 639.268 216.453 0.999994
000135 374 1238 1 159.027 194.458 482.069 373.525 0.999979
000135 374 1238 1 541.666 168.482 584.717 206.411 0.999923
000136 374 1238 1 442.03 178.684 534.188 244.914 0.999997
000136 374 1238 1 584.687 170.307 638.31 218.167 0.999996
000136 374 1238 1 541.846 168.2 582.031 206.418 0.999977
000136 374 1238 1 147.498 195.553 481.584 374.0 0.999966
000137 374 1238 1 438.767 178.659 533.282 247.709 0.999997
000137 374 1238 1 583.099 170.895 638.784 217.245 0.999996
000137 374 1238 1 147.51 195.721 480.378 373.621 0.999978
000137 374 1238 1 540.487 168.302 581.312 206.656 0.999974
000138 374 1238 1 583.269 168.761 638.347 221.203 0.999999
000138 374 1238 1 437.71 178.229 533.192 248.135 0.999996
000138 374 1238 1 540.182 168.443 580.87 206.788 0.999982
000138 374 1238 1 125.231 194.784 478.417 372.747 0.999982
000139 374 1238 1 582.193 170.417 637.387 217.848 0.999998
000139 374 1238 1 435.346 177.882 530.162 248.335 0.999997
000139 374 1238 1 120.814 196.932 471.259 374.0 0.999989
000139 374 1238 1 539.475 169.131 580.888 207.247 0.999987
000140 374 1238 1 435.396 179.408 530.04 250.072 0.999999
000140 374 1238 1 583.44 174.865 638.495 221.781 0.999996
000140 374 1238 1 538.941 168.895 581.369 208.708 0.999967
000140 374 1238 1 108.8 194.351 474.018 374.0 0.99995
000141 374 1238 1 583.98 172.543 638.768 220.048 0.999998
000141 374 1238 1 433.373 179.123 528.467 252.396 0.999997
000141 374 1238 1 538.848 170.673 579.758 207.526 0.999993
000141 374 1238 1 103.875 195.319 470.512 374.0 0.999874
000142 374 1238 1 432.405 179.347 527.648 252.913 0.999999
000142 374 1238 1 583.162 170.559 637.888 221.214 0.999996
000142 374 1238 1 537.863 170.727 579.501 208.323 0.999982
000142 374 1238 1 92.5597 192.869 467.402 374.0 0.999901
000143 374 1238 1 580.992 170.896 637.177 219.984 0.999998
000143 374 1238 1 428.864 180.29 525.662 253.667 0.999997
000143 374 1238 1 536.355 169.921 579.296 209.815 0.999957
000143 374 1238 1 85.8928 193.177 469.532 374.0 0.999921
000144 374 1238 1 428.205 179.559 524.385 253.592 0.999998
000144 374 1238 1 580.649 170.478 635.764 220.031 0.999998
000144 374 1238 1 69.7265 195.544 473.952 374.0 0.999942
000144 374 1238 1 536.968 170.69 577.693 208.426 0.999926
000144 374 1238 1 517.123 174.56 545.418 194.281 0.644784
000145 374 1238 1 426.743 178.779 522.678 253.884 0.999999
000145 374 1238 1 581.015 168.971 635.85 220.384 0.999998
000145 374 1238 1 536.541 170.116 577.591 207.607 0.999951
000145 374 1238 1 54.2978 196.824 471.497 374.0 0.999945
000145 374 1238 1 513.488 175.347 536.603 193.883 0.92469
000146 374 1238 1 425.876 180.237 522.302 254.274 0.999999
000146 374 1238 1 580.096 169.301 635.533 221.725 0.999999
000146 374 1238 1 536.408 170.577 578.016 208.476 0.999961
000146 374 1238 1 27.8367 200.662 474.382 374.0 0.999736
000146 374 1238 1 505.37 175.476 533.832 194.954 0.990425
000147 374 1238 1 578.655 169.765 636.319 223.24 0.999999
000147 374 1238 1 424.624 180.526 521.304 253.606 0.999998
000147 374 1238 1 534.671 168.803 577.468 208.879 0.999956
000147 374 1238 1 34.2241 204.612 468.11 372.319 0.999824
000147 374 1238 1 499.973 173.608 532.236 197.087 0.997765
000148 374 1238 1 421.866 183.296 520.912 253.577 0.999997
000148 374 1238 1 579.0 169.527 636.713 223.223 0.999996
000148 374 1238 1 535.158 170.185 578.626 209.069 0.999911
000148 374 1238 1 20.7666 202.687 465.577 374.0 0.998974
000148 374 1238 1 497.371 172.954 526.614 198.892 0.978446
000149 374 1238 1 580.158 170.923 635.96 224.292 0.999999
000149 374 1238 1 419.175 182.048 520.209 255.809 0.999992
000149 374 1238 1 534.904 169.652 576.699 208.897 0.999934
000149 374 1238 1 19.3096 201.565 469.185 374.0 0.996572
000149 374 1238 1 483.06 174.782 524.989 202.543 0.911408
000150 374 1238 1 579.81 169.904 637.242 223.78 0.999999
000150 374 1238 1 420.479 182.442 518.011 255.578 0.999986
000150 374 1238 1 534.786 168.996 576.873 208.862 0.999907
000150 374 1238 1 8.6072 201.076 445.604 374.0 0.999409
000151 374 1238 1 581.045 171.471 637.455 222.611 1.0
000151 374 1238 1 533.27 169.756 575.68 207.981 0.999916
000151 374 1238 1 418.101 183.424 519.691 253.417 0.999908
000151 374 1238 1 1.11276 203.601 446.655 374.0 0.99898
000152 374 1238 1 579.623 169.606 637.599 222.619 1.0
000152 374 1238 1 417.323 180.671 520.562 254.493 0.999967
000152 374 1238 1 535.099 169.119 576.719 208.526 0.9998
000152 374 1238 1 0.0 210.939 488.114 374.0 0.99749
000153 374 1238 1 579.344 170.32 637.057 222.494 1.0
000153 374 1238 1 415.308 180.453 516.621 257.233 0.999986
000153 374 1238 1 534.237 169.475 576.017 208.556 0.999898
000153 374 1238 1 0.0 212.687 518.567 374.0 0.994768
000154 374 1238 1 581.939 172.359 638.469 222.689 1.0
000154 374 1238 1 414.474 180.549 516.012 257.753 0.999939
000154 374 1238 1 532.516 169.208 577.601 209.778 0.999926
000154 374 1238 1 0.0 205.267 482.375 374.0 0.984952
000155 374 1238 1 580.736 171.878 638.832 223.545 0.999999
000155 374 1238 1 412.471 180.215 518.132 258.251 0.999992
000155 374 1238 1 533.975 169.777 576.656 209.113 0.999929
000155 374 1238 1 0.0 211.272 480.538 374.0 0.984248
000156 374 1238 1 580.961 171.983 639.26 223.612 0.999999
000156 374 1238 1 412.247 180.306 517.176 256.401 0.999997
000156 374 1238 1 533.929 169.627 575.879 210.533 0.999978
000156 374 1238 1 0.0 203.645 483.716 374.0 0.973824
000157 374 1238 1 410.386 182.03 522.112 255.926 0.999999
000157 374 1238 1 582.531 173.312 639.398 223.378 0.999997
000157 374 1238 1 534.458 171.932 576.931 211.993 0.999993
000157 374 1238 1 0.0 204.458 482.912 373.679 0.820843
000158 374 1238 1 412.924 181.829 524.063 257.407 0.999998
000158 374 1238 1 583.406 172.641 639.962 224.806 0.999998
000158 374 1238 1 534.4 172.686 577.375 212.793 0.999996
000158 374 1238 1 0.0 202.744 496.74 374.0 0.9689
000159 374 1238 1 415.467 180.944 520.295 259.349 0.999996
000159 374 1238 1 582.149 172.975 639.337 221.38 0.999991
000159 374 1238 1 532.946 172.881 577.896 212.252 0.999986
000159 374 1238 1 371.347 180.819 444.733 229.419 0.974659
000159 374 1238 1 0.0 206.307 490.236 374.0 0.966597
000160 374 1238 1 534.829 172.441 579.099 213.035 0.999995
000160 374 1238 1 416.191 180.211 519.152 259.381 0.999993
000160 374 1238 1 584.91 172.95 642.343 225.486 0.999984
000160 374 1238 1 346.047 180.56 442.228 239.249 0.996939
000160 374 1238 1 509.402 170.931 540.184 196.592 0.940193
000160 374 1238 1 0.0 205.583 427.898 374.0 0.82978
000161 374 1238 1 415.659 180.381 519.457 259.478 0.999995
000161 374 1238 1 534.125 171.955 578.625 213.302 0.99999
000161 374 1238 1 584.012 173.083 639.73 224.68 0.999966
000161 374 1238 1 314.305 182.732 430.828 244.428 0.997949
000161 374 1238 1 504.794 170.451 538.324 199.257 0.990292
000161 374 1238 1 0.0 206.024 406.072 374.0 0.753208
000162 374 1238 1 535.262 172.247 579.628 213.655 0.999991
000162 374 1238 1 412.452 181.557 520.931 260.568 0.99999
000162 374 1238 1 585.315 175.161 643.055 225.119 0.999983
000162 374 1238 1 496.393 171.684 535.939 200.203 0.998496
000162 374 1238 1 293.922 182.777 402.882 254.371 0.996803
000162 374 1238 1 0.0 199.73 427.571 374.0 0.590854
000163 374 1238 1 412.209 182.958 522.293 262.391 1.0
000163 374 1238 1 535.438 174.386 578.779 215.531 0.999986
000163 374 1238 1 585.271 174.921 641.059 225.94 0.999978
000163 374 1238 1 493.789 173.043 531.41 203.571 0.9948
000163 374 1238 1 40.0697 203.412 427.696 373.023 0.680985
000164 374 1238 1 412.505 184.008 524.114 262.109 1.0
000164 374 1238 1 533.69 174.395 580.492 214.309 0.999996
000164 374 1238 1 585.998 175.451 642.454 225.327 0.999979
000164 374 1238 1 484.302 173.319 526.221 205.564 0.964907
000164 374 1238 1 64.4687 199.319 424.703 370.004 0.939701
000165 374 1238 1 412.545 181.856 523.349 260.692 0.999999
000165 374 1238 1 534.589 175.063 577.911 216.306 0.999998
000165 374 1238 1 585.909 176.307 644.14 224.948 0.999956
000165 374 1238 1 475.144 172.512 522.096 208.717 0.928576
000165 374 1238 1 0.0 205.462 453.778 366.906 0.685478
000166 374 1238 1 415.391 183.994 521.472 262.941 0.999998
000166 374 1238 1 534.576 175.169 580.781 214.661 0.999997
000166 374 1238 1 587.894 175.734 643.263 226.601 0.999978
000166 374 1238 1 473.564 176.059 516.398 206.598 0.941619
000166 374 1238 1 0.0 208.533 461.516 368.775 0.769932
000167 374 1238 1 412.636 182.021 524.109 262.383 0.999999
000167 374 1238 1 533.024 174.802 579.525 216.464 0.999993
000167 374 1238 1 587.886 176.627 645.248 226.902 0.999982
000167 374 1238 1 506.085 177.544 535.601 199.083 0.953466
000167 374 1238 1 0.0 208.821 432.263 369.498 0.653974
000168 374 1238 1 414.61 181.64 524.537 260.908 0.999998
000168 374 1238 1 533.234 174.342 579.273 216.257 0.99997
000168 374 1238 1 588.217 176.235 645.489 227.714 0.999954
000168 374 1238 1 497.994 178.568 529.362 200.148 0.977258
000168 374 1238 1 0.0 214.336 438.088 365.838 0.615683
000169 374 1238 1 586.615 174.158 645.633 228.42 0.999995
000169 374 1238 1 532.478 173.888 581.258 216.545 0.999978
000169 374 1238 1 414.203 178.754 523.439 263.859 0.999968
000169 374 1238 1 492.48 176.321 528.82 201.897 0.996383
000170 374 1238 1 588.689 173.694 645.388 229.393 0.999999
000170 374 1238 1 411.864 182.057 527.406 263.731 0.999998
000170 374 1238 1 531.874 173.295 582.042 217.33 0.999919
000170 374 1238 1 484.082 178.889 526.149 206.521 0.93264
000171 374 1238 1 411.939 181.272 524.678 265.355 1.0
000171 374 1238 1 587.859 173.202 645.62 229.225 1.0
000171 374 1238 1 530.84 173.095 582.046 216.023 0.999959
000172 374 1238 1 411.503 181.639 523.094 264.508 0.999999
000172 374 1238 1 588.477 171.5 646.084 227.422 0.999999
000172 374 1238 1 530.964 172.471 582.084 215.849 0.999979
000172 374 1238 1 29.4876 216.35 413.739 368.093 0.758518
000173 374 1238 1 586.901 173.341 646.119 229.458 1.0
000173 374 1238 1 404.527 180.381 522.004 264.641 0.999969
000173 374 1238 1 530.594 170.765 580.289 217.515 0.999964
000173 374 1238 1 0.0 212.988 417.044 366.411 0.757725
000174 374 1238 1 587.593 173.604 647.768 228.531 0.999999
000174 374 1238 1 529.582 170.087 580.816 217.522 0.999977
000174 374 1238 1 405.906 180.794 518.899 265.852 0.999976
000174 374 1238 1 323.777 172.138 440.523 244.396 0.993436
000174 374 1238 1 8.18565 216.726 439.447 370.233 0.772997
000175 374 1238 1 588.251 172.004 648.862 228.688 0.999999
000175 374 1238 1 407.194 182.38 523.348 266.826 0.999999
000175 374 1238 1 529.989 172.324 580.696 218.33 0.999992
000175 374 1238 1 290.422 168.106 421.479 252.579 0.977902
000175 374 1238 1 0.0 211.328 420.005 373.495 0.772766
000176 374 1238 1 590.258 172.842 648.018 229.234 0.999999
000176 374 1238 1 530.175 171.56 580.985 217.697 0.999996
000176 374 1238 1 401.867 179.562 522.931 266.233 0.999993
000176 374 1238 1 227.356 167.312 399.207 265.313 0.921085
000177 374 1238 1 589.475 171.467 648.105 228.153 1.0
000177 374 1238 1 528.904 171.554 582.475 217.01 0.999993
000177 374 1238 1 407.087 181.845 523.087 267.559 0.999991
000177 374 1238 1 149.241 167.408 385.698 273.852 0.620866
000178 374 1238 1 588.839 172.541 648.583 228.995 1.0
000178 374 1238 1 399.893 181.541 521.557 267.917 0.999993
000178 374 1238 1 528.406 172.661 581.487 218.294 0.99999
000178 374 1238 1 0.0 206.64 435.189 363.908 0.562228
000179 374 1238 1 588.683 173.449 650.092 228.734 0.999999
000179 374 1238 1 395.704 183.732 518.207 269.375 0.999981
000179 374 1238 1 528.045 173.184 580.37 219.589 0.999923
000179 374 1238 1 0.0 173.61 338.562 354.475 0.671192
000179 374 1238 1 504.627 168.035 543.403 196.964 0.567903
000180 374 1238 1 589.148 173.401 650.215 228.555 1.0
000180 374 1238 1 397.373 181.565 518.968 269.852 0.999984
000180 374 1238 1 526.642 172.565 580.199 216.963 0.999973
000180 374 1238 1 321.122 182.414 429.014 245.415 0.722596
000181 374 1238 1 590.567 174.011 649.052 230.315 1.0
000181 374 1238 1 395.932 182.616 517.11 274.009 0.999983
000181 374 1238 1 526.18 172.038 578.486 217.158 0.999934
000181 374 1238 1 283.653 185.068 405.413 249.601 0.983881
000182 374 1238 1 587.789 174.924 648.126 231.438 1.0
000182 374 1238 1 390.122 186.029 516.019 274.639 0.999977
000182 374 1238 1 528.816 175.07 575.449 220.613 0.999959
000182 374 1238 1 220.346 186.253 393.301 268.722 0.980588
000183 374 1238 1 587.868 176.662 648.224 233.157 1.0
000183 374 1238 1 525.284 175.893 577.791 221.923 0.999977
000183 374 1238 1 389.762 186.962 512.939 278.9 0.999976
000183 374 1238 1 168.563 191.263 367.894 274.151 0.826764
000184 374 1238 1 588.591 177.934 648.498 233.189 1.0
000184 374 1238 1 525.216 177.164 577.584 222.689 0.999979
000184 374 1238 1 389.054 188.484 513.487 278.684 0.999938
000184 374 1238 1 58.9493 206.987 371.352 359.5 0.523986
000185 374 1238 1 587.411 177.697 648.701 232.394 0.999995
000185 374 1238 1 524.253 177.378 577.358 221.446 0.999993
000185 374 1238 1 390.733 187.359 510.056 276.264 0.999865
000186 374 1238 1 589.483 176.545 646.187 230.872 0.999985
000186 374 1238 1 523.096 176.738 576.098 222.162 0.999982
000186 374 1238 1 387.483 186.259 507.063 280.038 0.999894
000186 374 1238 1 36.7861 211.359 414.328 364.581 0.639946
000187 374 1238 1 523.608 173.256 573.219 219.702 0.999993
000187 374 1238 1 588.837 175.143 646.244 230.208 0.999987
000187 374 1238 1 385.173 184.803 505.707 279.882 0.999941
000188 374 1238 1 520.519 172.77 575.521 220.108 0.999999
000188 374 1238 1 588.718 175.666 647.06 227.888 0.999997
000188 374 1238 1 384.467 178.458 505.623 278.889 0.999497
000189 374 1238 1 519.768 171.213 573.749 218.524 0.999998
000189 374 1238 1 587.314 173.743 644.301 224.695 0.99999
000189 374 1238 1 380.432 181.757 505.971 278.284 0.999922
000190 374 1238 1 589.791 172.251 646.424 224.484 1.0
000190 374 1238 1 372.595 184.156 508.64 277.053 0.999999
000190 374 1238 1 520.221 171.598 573.442 217.323 0.999976
000191 374 1238 1 588.728 173.233 643.942 224.576 1.0
000191 374 1238 1 370.346 181.774 507.123 276.813 0.999995
000191 374 1238 1 519.734 170.71 572.564 216.363 0.999993
000191 374 1238 1 500.315 175.689 535.682 198.141 0.905855
000192 374 1238 1 367.509 184.177 508.84 279.432 1.0
000192 374 1238 1 588.577 172.341 644.5 224.564 1.0
000192 374 1238 1 519.568 169.338 571.997 216.352 0.999997
000192 374 1238 1 493.524 174.643 534.02 199.877 0.996499
000193 374 1238 1 372.0 182.977 506.221 279.112 1.0
000193 374 1238 1 589.25 172.78 645.089 223.775 1.0
000193 374 1238 1 520.705 170.504 572.439 217.871 0.999993
000193 374 1238 1 487.629 175.474 525.056 202.773 0.999788
000194 374 1238 1 589.249 169.474 643.645 223.664 0.999999
000194 374 1238 1 367.489 183.383 505.462 281.059 0.999999
000194 374 1238 1 519.534 171.621 572.636 215.88 0.999997
000194 374 1238 1 478.083 175.457 518.842 205.463 0.999827
000194 374 1238 1 172.296 160.097 367.4 267.889 0.70817
000195 374 1238 1 589.385 172.636 645.155 222.33 0.999999
000195 374 1238 1 364.902 184.314 507.774 279.459 0.999999
000195 374 1238 1 519.42 171.13 572.655 215.984 0.999996
000195 374 1238 1 467.756 176.679 512.76 207.446 0.999322
000196 374 1238 1 588.208 169.55 644.619 222.569 1.0
000196 374 1238 1 362.009 183.708 504.872 280.04 1.0
000196 374 1238 1 518.782 171.794 573.568 215.359 0.999999
000196 374 1238 1 452.322 176.99 508.33 210.975 0.996502
000197 374 1238 1 360.081 182.405 506.684 278.628 1.0
000197 374 1238 1 587.999 168.87 643.903 221.701 0.999999
000197 374 1238 1 521.588 169.141 572.412 213.91 0.999998
000197 374 1238 1 447.887 177.698 499.744 212.057 0.989705
000198 374 1238 1 586.375 168.868 643.456 221.681 0.999999
000198 374 1238 1 360.491 181.664 507.382 278.779 0.999998
000198 374 1238 1 520.482 169.362 571.531 214.923 0.99999
000199 374 1238 1 362.406 181.48 504.181 279.767 0.999999
000199 374 1238 1 588.107 169.806 642.848 220.811 0.999997
000199 374 1238 1 519.473 169.341 571.656 214.688 0.999973
000200 374 1238 1 586.7 170.475 643.316 221.87 0.999999
000200 374 1238 1 364.975 184.509 507.155 280.746 0.999999
000200 374 1238 1 522.649 169.646 573.147 214.336 0.999997
000201 374 1238 1 364.028 183.329 507.965 281.042 0.999999
000201 374 1238 1 521.107 170.458 572.98 216.167 0.999996
000201 374 1238 1 588.385 170.921 642.104 221.616 0.999993
000201 374 1238 1 559.163 169.705 587.231 195.849 0.955308
000202 374 1238 1 588.23 171.731 641.062 221.616 0.999996
000202 374 1238 1 359.549 184.349 507.947 281.108 0.999996
000202 374 1238 1 524.272 170.848 574.271 214.018 0.999994
000202 374 1238 1 562.407 171.476 590.226 197.986 0.927552
000203 374 1238 1 589.035 171.189 642.379 221.993 0.999996
000203 374 1238 1 523.886 170.841 571.288 215.324 0.999991
000203 374 1238 1 359.352 183.678 507.27 281.69 0.999984
000203 374 1238 1 560.317 171.827 589.412 199.399 0.647486
000204 374 1238 1 587.223 171.034 640.419 219.056 0.999997
000204 374 1238 1 524.193 171.4 570.678 214.421 0.999995
000204 374 1238 1 364.714 184.318 508.427 280.418 0.999988
000204 374 1238 1 257.067 188.395 394.799 260.763 0.989307
000204 374 1238 1 559.565 171.252 588.313 197.448 0.959022
000205 374 1238 1 587.68 172.866 640.699 220.892 0.999999
000205 374 1238 1 362.976 184.216 503.682 281.329 0.999995
000205 374 1238 1 526.701 171.165 572.397 213.598 0.999972
000205 374 1238 1 207.923 182.944 379.525 278.375 0.99637
000206 374 1238 1 589.005 171.776 638.528 219.52 0.999999
000206 374 1238 1 363.336 183.83 507.433 280.056 0.999982
000206 374 1238 1 528.003 171.69 574.089 212.62 0.999967
000206 374 1238 1 133.661 187.447 359.383 286.715 0.988026
000206 374 1238 1 503.317 175.08 534.747 198.129 0.75891
000207 374 1238 1 588.813 168.977 637.759 219.386 0.999996
000207 374 1238 1 366.781 183.195 500.762 280.805 0.999994
000207 374 1238 1 528.126 170.771 573.434 210.735 0.99989
000207 374 1238 1 497.485 174.955 528.199 198.031 0.998937
000207 374 1238 1 39.1949 191.817 320.331 285.906 0.720587
000207 374 1238 1 562.909 171.519 597.801 196.37 0.56415
000208 374 1238 1 587.802 168.518 638.132 220.352 0.999999
000208 374 1238 1 369.25 184.177 502.046 279.134 0.999992
000208 374 1238 1 529.553 169.839 574.894 209.917 0.99999
000208 374 1238 1 491.572 175.242 525.364 199.518 0.999128
000208 374 1238 1 3.20404 204.831 390.144 367.972 0.674529
000209 374 1238 1 586.922 170.067 638.376 219.343 0.999996
000209 374 1238 1 370.209 182.997 501.69 275.243 0.999991
000209 374 1238 1 531.436 171.081 574.095 208.598 0.999975
000209 374 1238 1 485.355 175.699 520.407 201.167 0.999915
000210 374 1238 1 587.935 171.842 637.977 218.35 0.999997
000210 374 1238 1 374.85 181.893 501.891 275.131 0.999995
000210 374 1238 1 532.267 169.631 574.824 207.754 0.999939
000210 374 1238 1 476.912 174.527 513.779 201.747 0.999915
000210 374 1238 1 0.0 217.457 406.924 369.924 0.668656
000211 374 1238 1 586.368 169.501 636.856 215.709 0.999991
000211 374 1238 1 533.721 170.062 575.067 207.412 0.999975
000211 374 1238 1 375.43 183.018 498.816 275.41 0.999928
000211 374 1238 1 468.224 176.214 508.554 205.472 0.981673
000212 374 1238 1 587.516 171.362 637.24 218.398 0.999996
000212 374 1238 1 533.881 172.633 575.374 208.761 0.999989
000212 374 1238 1 379.967 184.097 501.683 274.911 0.999981
000212 374 1238 1 458.81 179.385 501.509 207.406 0.860727
000212 374 1238 1 0.0 220.931 439.903 365.242 0.62175
000213 374 1238 1 588.52 173.668 633.231 220.35 0.999998
000213 374 1238 1 382.443 184.456 501.491 275.318 0.999985
000213 374 1238 1 535.091 173.078 575.014 209.389 0.999956
000213 374 1238 1 445.124 178.204 498.584 209.754 0.587613
000213 374 1238 1 0.0 223.114 420.527 364.449 0.521374
000214 374 1238 1 586.186 174.613 633.969 219.92 0.999999
000214 374 1238 1 385.447 185.829 506.788 271.774 0.999995
000214 374 1238 1 534.419 173.705 574.373 211.038 0.999992
000214 374 1238 1 0.0 224.371 410.167 365.663 0.563727
000215 374 1238 1 386.889 185.712 509.799 271.394 1.0
000215 374 1238 1 587.327 174.443 632.746 220.388 0.999998
000215 374 1238 1 535.611 174.429 574.577 209.656 0.999989
000215 374 1238 1 0.0 221.656 405.171 365.956 0.656181
000216 374 1238 1 389.557 185.124 510.005 270.703 1.0
000216 374 1238 1 586.875 174.271 631.829 218.645 0.999999
000216 374 1238 1 537.608 174.174 576.776 209.257 0.999951
000216 374 1238 1 0.0 220.545 401.036 364.749 0.675541
000217 374 1238 1 391.459 183.954 512.661 269.929 1.0
000217 374 1238 1 586.675 174.555 631.648 219.637 0.999998
000217 374 1238 1 538.254 175.38 576.812 208.767 0.999964
000217 374 1238 1 0.0 218.322 407.55 362.172 0.671375
000218 374 1238 1 393.069 186.525 512.678 269.821 1.0
000218 374 1238 1 585.081 174.392 630.418 217.652 0.999996
000218 374 1238 1 538.195 174.293 576.953 209.388 0.999789
000218 374 1238 1 0.0 216.537 428.686 366.055 0.85492
000219 374 1238 1 585.558 176.786 629.177 218.535 0.999999
000219 374 1238 1 393.718 185.023 510.258 268.057 0.999995
000219 374 1238 1 538.957 175.545 577.423 208.293 0.999959
000219 374 1238 1 325.349 183.147 420.973 240.625 0.998869
000219 374 1238 1 0.0 217.968 416.73 365.423 0.76
000220 374 1238 1 396.87 185.465 506.995 268.316 1.0
000220 374 1238 1 585.059 176.872 629.525 218.864 0.999999
000220 374 1238 1 539.289 175.078 577.183 210.051 0.999986
000220 374 1238 1 285.627 187.329 404.312 251.182 0.99611
000220 374 1238 1 0.0 219.237 448.716 362.167 0.60893
000221 374 1238 1 585.98 177.447 628.653 219.566 1.0
000221 374 1238 1 393.485 185.171 512.627 263.922 0.999999
000221 374 1238 1 538.939 175.285 577.704 208.365 0.999984
000221 374 1238 1 247.331 185.224 359.835 267.241 0.994213
000222 374 1238 1 582.326 177.253 629.353 219.245 1.0
000222 374 1238 1 394.437 186.155 512.22 263.958 0.999999
000222 374 1238 1 540.637 175.501 578.131 209.185 0.999962
000222 374 1238 1 161.835 190.113 347.597 271.189 0.997103
000222 374 1238 1 512.071 177.87 541.771 200.362 0.949823
000223 374 1238 1 581.991 176.605 628.583 219.625 1.0
000223 374 1238 1 397.724 186.427 512.467 263.446 0.999999
000223 374 1238 1 541.767 175.005 577.872 208.787 0.999943
000223 374 1238 1 509.116 180.232 539.839 201.865 0.995045
000223 374 1238 1 0.0 203.207 360.861 342.671 0.674828
000224 374 1238 1 580.96 177.664 627.332 219.215 1.0
000224 374 1238 1 398.786 185.317 510.698 263.362 0.999999
000224 374 1238 1 541.664 175.427 576.658 208.069 0.999743
000224 374 1238 1 500.307 179.51 535.965 203.093 0.999605
000225 374 1238 1 401.519 184.638 505.804 262.797 1.0
000225 374 1238 1 581.909 176.855 625.643 218.465 0.999999
000225 374 1238 1 541.129 175.651 578.724 208.495 0.99994
000225 374 1238 1 495.368 178.253 531.082 205.913 0.99967
000226 374 1238 1 581.362 176.802 626.1 217.166 1.0
000226 374 1238 1 400.018 182.978 508.779 261.954 0.999999
000226 374 1238 1 540.473 176.991 578.144 207.756 0.999915
000226 374 1238 1 491.058 178.87 525.405 207.288 0.999449
000227 374 1238 1 579.601 175.62 625.739 217.481 1.0
000227 374 1238 1 400.23 184.961 507.686 261.078 0.999992
000227 374 1238 1 540.678 174.809 580.061 208.037 0.999985
000227 374 1238 1 483.849 177.431 520.19 208.23 0.982073
000228 374 1238 1 579.876 176.538 626.023 219.682 1.0
000228 374 1238 1 402.174 184.782 504.943 262.907 0.999992
000228 374 1238 1 541.316 174.242 582.628 208.397 0.999968
000228 374 1238 1 478.149 180.048 515.354 211.044 0.988286
000229 374 1238 1 578.893 175.535 625.541 217.789 0.999999
000229 374 1238 1 402.121 183.442 504.9 261.553 0.999985
000229 374 1238 1 541.508 173.981 582.068 207.443 0.999956
000229 374 1238 1 470.177 180.064 509.455 210.534 0.578907
000230 374 1238 1 577.831 176.789 624.642 218.347 0.999999
000230 374 1238 1 402.982 183.48 506.842 260.484 0.999995
000230 374 1238 1 542.081 174.634 581.749 207.392 0.999148
000231 374 1238 1 579.183 175.89 624.262 217.888 0.999997
000231 374 1238 1 401.68 183.785 511.628 259.193 0.999997
000231 374 1238 1 541.974 174.904 582.718 206.54 0.99982
000232 374 1238 1 400.694 183.256 514.779 258.419 1.0
000232 374 1238 1 578.251 175.799 622.12 218.103 0.999995
000232 374 1238 1 541.472 172.984 582.824 207.818 0.999235
000233 374 1238 1 401.681 184.897 513.892 260.677 0.999999
000233 374 1238 1 575.201 175.722 623.681 217.832 0.999993
000233 374 1238 1 542.052 174.519 582.201 205.592 0.999819
000234 374 1238 1 400.385 185.011 515.047 260.018 1.0
000234 374 1238 1 576.046 176.418 623.214 219.032 0.999996
000234 374 1238 1 543.438 174.82 581.649 206.346 0.999876
000235 374 1238 1 400.158 184.748 515.531 259.064 0.999999
000235 374 1238 1 575.537 176.316 620.779 220.286 0.999995
000235 374 1238 1 542.764 174.464 580.62 206.795 0.999826
000236 374 1238 1 400.477 184.386 514.889 261.15 0.999999
000236 374 1238 1 575.197 176.355 620.61 218.685 0.999998
000236 374 1238 1 543.453 175.782 580.981 208.074 0.99995
000237 374 1238 1 398.586 185.068 513.206 262.302 0.999999
000237 374 1238 1 575.31 175.136 620.617 219.546 0.999997
000237 374 1238 1 317.682 182.207 426.069 248.7 0.999446
000237 374 1238 1 543.636 176.221 580.514 208.038 0.997986
000238 374 1238 1 397.549 184.811 511.904 261.07 0.999998
000238 374 1238 1 571.895 176.854 620.27 220.365 0.999992
000238 374 1238 1 275.423 185.041 401.672 260.942 0.999942
000238 374 1238 1 543.767 177.425 582.179 207.841 0.999086
000239 374 1238 1 393.636 185.262 512.627 261.531 0.999999
000239 374 1238 1 571.709 178.12 620.536 220.372 0.999992
000239 374 1238 1 217.895 186.854 377.808 277.952 0.99913
000239 374 1238 1 542.415 178.35 578.187 209.224 0.996146
000240 374 1238 1 392.565 189.031 514.552 265.609 0.999999
000240 374 1238 1 571.643 176.881 617.913 222.057 0.999999
000240 374 1238 1 542.763 177.1 581.646 207.895 0.998355
000240 374 1238 1 149.998 189.364 337.68 286.715 0.979742
000241 374 1238 1 386.259 187.963 513.649 267.451 1.0
000241 374 1238 1 569.057 178.381 619.347 224.007 0.999999
000241 374 1238 1 542.467 177.226 579.698 208.923 0.998707
000241 374 1238 1 36.9523 193.058 287.212 292.542 0.849329
000242 374 1238 1 382.075 186.92 512.086 267.531 1.0
000242 374 1238 1 567.872 179.988 617.089 223.207 0.999999
000242 374 1238 1 540.582 178.531 578.701 209.726 0.998558
000242 374 1238 1 0.0 214.957 376.933 369.175 0.557336
000243 374 1238 1 566.987 178.824 616.134 223.788 0.999999
000243 374 1238 1 379.137 188.82 511.69 269.22 0.999997
000243 374 1238 1 539.938 177.984 577.747 209.338 0.988558
000244 374 1238 1 377.142 186.944 509.446 271.667 1.0
000244 374 1238 1 562.169 178.759 614.926 222.268 1.0
000244 374 1238 1 539.115 177.14 574.997 206.506 0.874397
000244 374 1238 1 0.0 230.29 325.953 374.0 0.666516
000245 374 1238 1 375.389 187.974 500.399 271.179 1.0
000245 374 1238 1 561.726 177.953 614.782 222.085 0.999992
000245 374 1238 1 538.073 174.993 575.776 209.244 0.99578
000246 374 1238 1 371.324 185.881 499.898 271.309 0.999999
000246 374 1238 1 558.704 176.328 612.874 221.815 0.999993
000247 374 1238 1 367.395 183.152 496.933 272.567 0.999999
000247 374 1238 1 558.969 175.452 613.861 223.295 0.999988
000247 374 1238 1 536.656 173.602 574.134 207.012 0.99876
000248 374 1238 1 556.845 173.333 610.296 220.974 0.999997
000248 374 1238 1 358.486 184.34 492.873 275.774 0.999988
000248 374 1238 1 535.347 171.54 568.153 203.681 0.731669
000249 374 1238 1 354.812 183.823 489.871 275.241 0.999999
000249 374 1238 1 554.467 172.911 608.632 221.327 0.999986
000250 374 1238 1 345.028 183.219 486.566 280.734 0.999997
000250 374 1238 1 552.527 172.582 608.75 221.047 0.999969
000250 374 1238 1 506.078 175.279 535.134 195.487 0.992479
000251 374 1238 1 341.251 185.714 482.506 280.616 0.999998
000251 374 1238 1 549.675 172.444 606.114 222.08 0.999955
000251 374 1238 1 591.494 171.958 623.325 203.026 0.995918
000251 374 1238 1 504.288 175.86 527.655 193.886 0.994142
000252 374 1238 1 335.614 184.24 477.381 283.843 1.0
000252 374 1238 1 549.2 172.745 605.368 221.678 0.999993
000252 374 1238 1 497.482 175.689 523.67 197.438 0.998403
000253 374 1238 1 332.842 183.766 474.277 285.381 0.999999
000253 374 1238 1 546.776 174.657 602.94 223.192 0.999998
000253 374 1238 1 588.94 173.576 622.247 204.887 0.999575
000253 374 1238 1 490.143 176.558 518.86 198.883 0.99944
000254 374 1238 1 320.333 185.758 471.675 287.496 0.999999
000254 374 1238 1 545.974 174.465 603.027 224.294 0.999999
000254 374 1238 1 481.336 177.385 513.469 200.199 0.999794
000254 374 1238 1 589.82 175.036 622.68 204.843 0.999026
000255 374 1238 1 311.523 183.522 470.311 290.08 0.999996
000255 374 1238 1 542.3 173.911 600.93 223.277 0.999981
000255 374 1238 1 476.06 177.864 509.001 201.192 0.999921
000255 374 1238 1 586.56 173.076 621.918 203.323 0.999058
000256 374 1238 1 301.309 188.173 466.874 295.331 0.999994
000256 374 1238 1 540.398 173.322 599.897 225.071 0.999987
000256 374 1238 1 467.379 177.154 502.758 202.251 0.999956
000256 374 1238 1 585.611 171.102 621.727 204.7 0.999877
000257 374 1238 1 538.204 171.522 597.618 225.957 0.999998
000257 374 1238 1 296.839 184.327 463.539 297.445 0.999997
000257 374 1238 1 458.066 176.45 496.713 204.602 0.999847
000257 374 1238 1 586.742 170.41 621.115 204.126 0.999617
000258 374 1238 1 536.812 170.803 596.761 226.813 0.999997
000258 374 1238 1 289.262 184.218 459.286 300.941 0.999997
000258 374 1238 1 445.16 175.833 488.589 203.591 0.999419
000258 374 1238 1 586.895 170.718 621.021 203.533 0.996385
000259 374 1238 1 277.193 184.443 463.548 301.286 0.999999
000259 374 1238 1 535.674 171.75 594.723 225.273 0.999999
000259 374 1238 1 436.608 176.24 481.637 207.822 0.999744
000259 374 1238 1 585.424 172.022 621.599 204.78 0.998185
000260 374 1238 1 272.131 186.927 453.043 304.436 1.0
000260 374 1238 1 533.831 170.622 593.647 227.069 0.999996
000260 374 1238 1 425.3 175.798 475.507 210.082 0.999901
000260 374 1238 1 589.093 170.769 621.768 201.576 0.998223
000261 374 1238 1 532.8 169.162 593.239 226.995 0.999998
000261 374 1238 1 262.359 182.432 459.038 306.322 0.999998
000261 374 1238 1 588.129 169.806 619.861 201.756 0.999914
000261 374 1238 1 409.364 176.882 464.605 212.386 0.999633
000262 374 1238 1 530.459 171.993 592.613 228.452 0.999999
000262 374 1238 1 251.934 185.273 455.128 310.824 0.999992
000262 374 1238 1 587.417 170.5 620.833 202.851 0.999733
000262 374 1238 1 392.352 179.325 453.954 217.567 0.998321
000263 374 1238 1 525.924 171.808 592.186 230.437 1.0
000263 374 1238 1 234.518 184.945 457.053 313.908 0.999981
000263 374 1238 1 586.788 172.36 621.566 204.784 0.999751
000263 374 1238 1 375.271 180.654 443.201 219.824 0.97246
000264 374 1238 1 526.518 173.228 589.857 230.31 1.0
000264 374 1238 1 239.576 189.345 446.093 317.625 0.999997
000264 374 1238 1 587.787 172.54 622.019 206.05 0.999946
000264 374 1238 1 349.228 183.017 429.9 218.676 0.807972
000265 374 1238 1 523.851 174.109 589.364 233.271 1.0
000265 374 1238 1 222.488 191.053 439.365 324.947 0.999985
000265 374 1238 1 586.632 173.809 622.111 207.516 0.99997
000266 374 1238 1 523.235 175.246 589.087 233.548 1.0
000266 374 1238 1 206.1 191.491 432.484 336.466 0.99997
000266 374 1238 1 587.498 174.476 622.872 208.167 0.999967
000267 374 1238 1 519.156 174.432 586.745 234.283 1.0
000267 374 1238 1 586.48 172.23 622.268 207.718 0.999988
000267 374 1238 1 190.826 192.905 441.344 338.591 0.999978
000268 374 1238 1 518.112 173.143 586.409 234.101 1.0
000268 374 1238 1 188.388 190.282 433.152 340.488 0.999998
000268 374 1238 1 587.852 170.841 620.961 206.958 0.999861
000269 374 1238 1 515.326 172.661 586.664 233.997 1.0
000269 374 1238 1 162.27 189.496 431.447 342.63 0.999999
000269 374 1238 1 586.036 169.714 621.44 207.349 0.999913
000270 374 1238 1 513.198 171.855 587.696 233.822 1.0
000270 374 1238 1 156.279 191.369 416.208 348.887 0.999975
000270 374 1238 1 586.031 169.977 622.179 207.343 0.999858
000271 374 1238 1 510.988 170.857 584.507 235.827 1.0
000271 374 1238 1 147.278 191.089 412.922 355.626 0.999999
000271 374 1238 1 585.372 169.304 622.955 207.518 0.999849
000272 374 1238 1 511.331 171.539 585.474 236.478 1.0
000272 374 1238 1 127.299 191.644 416.059 357.94 0.999989
000272 374 1238 1 586.479 169.482 623.793 207.449 0.99931
000273 374 1238 1 510.697 170.517 584.603 237.35 1.0
000273 374 1238 1 119.207 192.262 411.202 362.053 0.999985
000273 374 1238 1 588.527 168.798 624.336 207.102 0.999913
000274 374 1238 1 508.797 169.192 585.428 236.719 1.0
000274 374 1238 1 121.217 193.472 421.204 361.924 0.999963
000274 374 1238 1 588.189 168.197 625.916 206.846 0.999783
000275 374 1238 1 507.85 169.038 586.787 236.995 1.0
000275 374 1238 1 122.161 194.112 418.217 363.626 0.999976
000275 374 1238 1 588.665 167.346 626.025 205.995 0.999855
000276 374 1238 1 509.845 169.418 585.674 236.719 1.0
000276 374 1238 1 106.547 187.405 411.681 370.921 0.99999
000276 374 1238 1 590.595 167.174 627.648 205.709 0.999976
000277 374 1238 1 508.586 169.357 587.505 237.546 0.999999
000277 374 1238 1 119.157 186.224 418.1 369.464 0.999979
000277 374 1238 1 591.772 166.843 628.562 205.848 0.999906
000278 374 1238 1 508.778 168.373 586.12 236.96 0.999995
000278 374 1238 1 117.588 187.121 413.45 370.001 0.999979
000278 374 1238 1 592.099 166.918 630.12 205.947 0.999831
000279 374 1238 1 510.698 167.874 585.271 237.284 0.999999
000279 374 1238 1 116.931 185.141 412.376 371.275 0.99998
000279 374 1238 1 592.382 165.827 629.734 204.976 0.999949
000280 374 1238 1 509.435 166.318 583.986 235.908 0.999999
000280 374 1238 1 593.53 165.844 631.459 204.948 0.999952
000280 374 1238 1 125.306 182.758 417.714 368.597 0.999939
000281 374 1238 1 508.317 166.139 585.34 236.907 1.0
000281 374 1238 1 108.492 184.236 409.287 371.28 0.999965
000281 374 1238 1 593.863 165.921 631.418 204.813 0.999942
000282 374 1238 1 509.731 165.207 586.558 236.896 1.0
000282 374 1238 1 593.762 166.013 632.024 204.899 0.999963
000282 374 1238 1 118.877 181.12 410.11 369.466 0.999908
000283 374 1238 1 508.889 167.035 586.951 239.871 0.999999
000283 374 1238 1 595.664 165.542 632.743 206.262 0.999918
000283 374 1238 1 114.621 188.531 417.75 373.374 0.999791
000283 374 1238 1 488.352 171.911 522.932 195.914 0.950471
000284 374 1238 1 510.901 170.406 588.162 241.771 1.0
000284 374 1238 1 595.94 168.833 632.993 207.561 0.99997
000284 374 1238 1 124.781 189.065 416.219 371.766 0.999769
000284 374 1238 1 480.91 173.695 522.432 198.105 0.994409
000285 374 1238 1 508.33 171.745 586.827 242.091 1.0
000285 374 1238 1 596.072 170.166 636.086 209.349 0.999979
000285 374 1238 1 131.768 170.762 428.038 364.402 0.998494
000285 374 1238 1 475.192 175.244 514.79 200.767 0.998107
000286 374 1238 1 508.811 171.532 587.242 244.951 1.0
000286 374 1238 1 597.915 170.314 636.366 209.696 0.999987
000286 374 1238 1 469.381 175.601 509.039 204.415 0.999906
000286 374 1238 1 127.648 172.136 420.676 367.374 0.997381
000287 374 1238 1 507.406 172.85 587.979 243.793 0.999998
000287 374 1238 1 597.928 169.238 637.639 209.973 0.999967
000287 374 1238 1 129.69 186.98 420.854 366.727 0.999816
000287 374 1238 1 460.943 175.318 502.152 204.823 0.999719
000288 374 1238 1 509.394 172.5 587.903 243.488 0.999997
000288 374 1238 1 119.955 186.282 425.789 361.668 0.999986
000288 374 1238 1 597.818 171.003 638.019 210.363 0.999942
000288 374 1238 1 452.286 176.861 495.567 205.853 0.999805
000289 374 1238 1 509.153 171.464 589.633 245.097 0.999995
000289 374 1238 1 132.704 189.152 423.593 365.379 0.99998
000289 374 1238 1 443.802 177.559 489.725 209.032 0.999949
000289 374 1238 1 598.343 170.522 637.162 209.524 0.99994
000290 374 1238 1 136.399 187.642 431.078 366.84 0.999981
000290 374 1238 1 431.56 178.036 480.448 212.485 0.999977
000290 374 1238 1 506.665 172.668 588.95 246.23 0.999938
000290 374 1238 1 598.465 171.916 637.227 210.973 0.999816
000291 374 1238 1 419.999 178.902 473.785 215.772 0.999972
000291 374 1238 1 507.571 172.857 588.76 247.446 0.999964
000291 374 1238 1 139.802 189.213 439.94 363.062 0.999961
000291 374 1238 1 598.757 171.768 638.249 211.302 0.999852
000292 374 1238 1 141.848 189.374 425.909 359.549 0.999997
000292 374 1238 1 403.398 178.843 465.039 218.02 0.999988
000292 374 1238 1 507.312 172.462 588.083 245.874 0.999967
000292 374 1238 1 599.768 172.442 639.815 212.495 0.999936
000293 374 1238 1 389.947 178.916 455.575 221.215 0.999996
000293 374 1238 1 140.412 190.828 437.13 362.903 0.999995
000293 374 1238 1 506.887 173.113 587.698 246.911 0.999992
000293 374 1238 1 600.902 170.251 639.869 210.694 0.999947
000293 374 1238 1 487.134 175.654 524.224 201.362 0.801609
000294 374 1238 1 143.305 190.107 435.421 361.964 0.999998
000294 374 1238 1 508.01 172.644 588.613 247.015 0.999991
000294 374 1238 1 370.809 181.238 443.784 225.168 0.999974
000294 374 1238 1 600.501 170.233 638.668 210.799 0.999939
000294 374 1238 1 480.513 174.732 519.808 202.486 0.985761
000295 374 1238 1 150.326 192.556 426.875 361.594 1.0
000295 374 1238 1 505.019 172.345 588.002 246.359 0.999971
000295 374 1238 1 601.138 172.262 640.381 213.218 0.999944
000295 374 1238 1 349.888 181.771 433.156 229.461 0.999859
000295 374 1238 1 473.094 175.313 517.35 204.143 0.999695
000296 374 1238 1 151.007 188.975 434.572 361.044 0.999999
000296 374 1238 1 505.799 170.124 587.223 244.517 0.999986
000296 374 1238 1 599.82 172.399 640.745 212.669 0.999931
000296 374 1238 1 463.653 175.261 509.985 204.674 0.99985
000296 374 1238 1 310.189 181.265 422.8 228.665 0.877484
000297 374 1238 1 161.532 192.36 441.345 357.708 0.999998
000297 374 1238 1 503.95 174.341 585.866 245.245 0.999992
000297 374 1238 1 599.506 172.209 639.566 210.955 0.999963
000297 374 1238 1 452.639 176.486 504.57 206.484 0.99985
000298 374 1238 1 158.407 187.218 440.049 358.807 0.999996
000298 374 1238 1 502.399 172.657 586.088 247.862 0.999981
000298 374 1238 1 443.501 176.106 497.896 208.885 0.999904
000298 374 1238 1 599.847 172.925 640.617 212.675 0.999655
000299 374 1238 1 157.942 186.166 436.542 359.445 0.999998
000299 374 1238 1 504.881 174.727 585.504 247.457 0.99999
000299 374 1238 1 429.566 177.208 490.064 213.145 0.999988
000299 374 1238 1 600.849 173.704 642.152 213.574 0.999895
000300 374 1238 1 164.188 189.938 432.476 359.577 1.0
000300 374 1238 1 416.486 178.045 482.408 215.691 0.999999
000300 374 1238 1 504.677 172.879 585.474 248.019 0.999992
000300 374 1238 1 598.414 173.915 642.567 214.065 0.999972
000301 374 1238 1 402.179 178.054 468.333 220.147 0.999997
000301 374 1238 1 158.242 188.581 435.026 357.564 0.999997
000301 374 1238 1 504.815 174.886 587.111 248.185 0.999997
000301 374 1238 1 599.616 174.406 643.076 214.404 0.99996
000302 374 1238 1 160.14 190.387 434.744 358.46 0.999999
000302 374 1238 1 384.269 177.924 460.115 224.227 0.999998
000302 374 1238 1 501.301 174.359 584.098 249.202 0.999996
000302 374 1238 1 599.614 174.481 643.022 214.968 0.999949
000303 374 1238 1 164.087 190.821 434.105 358.112 0.999998
000303 374 1238 1 502.598 173.352 585.826 248.696 0.999988
000303 374 1238 1 363.037 178.462 446.729 227.356 0.99997
000303 374 1238 1 597.93 172.08 640.171 213.571 0.999936
000304 374 1238 1 170.272 191.975 431.763 356.89 0.999999
000304 374 1238 1 502.273 172.89 584.869 249.86 0.999992
000304 374 1238 1 600.268 171.888 641.602 214.348 0.999904
000304 374 1238 1 343.113 179.563 435.413 231.089 0.999368
000305 374 1238 1 502.123 174.152 584.513 249.87 0.999991
000305 374 1238 1 599.243 172.381 641.039 213.402 0.999986
000305 374 1238 1 170.634 193.123 436.064 353.089 0.999974
000305 374 1238 1 310.707 183.449 424.793 236.025 0.950227
000306 374 1238 1 498.207 173.818 584.489 250.046 0.999996
000306 374 1238 1 172.315 192.891 438.744 353.937 0.999989
000306 374 1238 1 599.349 172.397 641.899 214.397 0.999965
000307 374 1238 1 493.458 173.425 580.925 251.585 0.999997
000307 374 1238 1 179.914 188.537 439.262 350.74 0.999993
000307 374 1238 1 600.088 172.18 642.275 214.166 0.999984
000308 374 1238 1 179.943 188.671 437.529 354.59 0.999999
000308 374 1238 1 498.897 173.273 583.398 250.514 0.999989
000308 374 1238 1 600.183 173.418 641.424 214.171 0.999987
000308 374 1238 1 480.024 175.968 519.111 205.253 0.832997
000309 374 1238 1 497.172 172.376 582.79 253.21 0.999997
000309 374 1238 1 177.771 187.971 437.707 353.806 0.999995
000309 374 1238 1 599.829 174.039 641.079 216.141 0.999958
000309 374 1238 1 471.528 176.163 518.201 204.907 0.996978
000310 374 1238 1 496.707 173.52 583.501 252.576 0.999997
000310 374 1238 1 187.657 188.446 439.85 354.16 0.999995
000310 374 1238 1 598.439 174.748 642.885 217.289 0.999946
000310 374 1238 1 463.901 177.91 510.149 207.568 0.999592
000310 374 1238 1 21.42 187.921 261.862 307.605 0.989611
000311 374 1238 1 492.128 173.607 581.64 252.488 0.999998
000311 374 1238 1 181.874 189.21 441.529 353.657 0.999995
000311 374 1238 1 599.268 174.162 641.707 215.4 0.999972
000311 374 1238 1 455.563 177.329 503.28 211.628 0.999915
000312 374 1238 1 491.626 173.783 580.725 254.586 0.999998
000312 374 1238 1 442.529 177.523 499.934 212.444 0.999982
000312 374 1238 1 599.167 174.2 641.025 216.542 0.999982
000312 374 1238 1 169.982 191.868 441.899 354.665 0.999953
000313 374 1238 1 491.938 173.729 580.33 255.24 0.999995
000313 374 1238 1 598.654 174.561 641.286 217.361 0.999983
000313 374 1238 1 163.964 190.044 440.36 356.706 0.99996
000313 374 1238 1 435.082 177.6 488.038 214.378 0.999438
000314 374 1238 1 490.912 173.554 579.378 256.792 0.999987
000314 374 1238 1 165.237 192.193 438.549 354.968 0.999982
000314 374 1238 1 598.971 173.923 641.376 215.585 0.99997
000314 374 1238 1 423.254 179.114 484.025 217.288 0.999911
000315 374 1238 1 490.633 173.732 581.18 257.61 0.999994
000315 374 1238 1 408.294 179.775 475.118 221.058 0.999974
000315 374 1238 1 163.057 192.493 440.519 357.287 0.999955
000315 374 1238 1 597.529 174.406 643.72 218.418 0.999935
000316 374 1238 1 488.596 176.688 579.128 256.327 0.999995
000316 374 1238 1 153.232 190.062 440.218 360.315 0.99999
000316 374 1238 1 391.226 179.835 465.052 222.708 0.999975
000316 374 1238 1 598.775 174.624 642.604 217.251 0.999936
000317 374 1238 1 489.696 176.027 580.721 259.541 0.999999
000317 374 1238 1 153.784 191.214 438.16 363.543 0.999978
000317 374 1238 1 599.354 175.335 643.057 218.33 0.999948
000317 374 1238 1 369.649 182.597 454.205 228.997 0.999664
000318 374 1238 1 487.113 175.93 580.878 259.737 0.999996
000318 374 1238 1 344.919 182.095 445.338 235.939 0.999959
000318 374 1238 1 150.849 193.172 431.684 361.222 0.999949
000318 374 1238 1 598.748 175.275 643.908 218.756 0.999909
000319 374 1238 1 483.264 176.416 580.623 259.509 0.999994
000319 374 1238 1 597.408 172.662 643.151 217.2 0.99996
000319 374 1238 1 145.015 189.987 440.659 362.119 0.999928
000319 374 1238 1 329.396 181.869 427.848 237.424 0.998451
000320 374 1238 1 482.341 175.888 580.64 258.973 0.999987
000320 374 1238 1 598.847 173.092 644.767 217.423 0.999951
000320 374 1238 1 141.257 188.616 434.687 362.834 0.999924
000320 374 1238 1 287.695 181.784 417.08 239.091 0.989113
000321 374 1238 1 479.722 173.669 578.552 259.633 0.999995
000321 374 1238 1 598.629 172.955 643.899 217.101 0.999968
000321 374 1238 1 146.819 185.249 435.119 365.557 0.99996
000322 374 1238 1 480.526 172.703 576.221 259.609 0.999995
000322 374 1238 1 132.265 185.363 429.293 365.787 0.999985
000322 374 1238 1 598.131 172.001 642.987 216.365 0.999968
000323 374 1238 1 478.851 172.668 575.893 260.295 0.999996
000323 374 1238 1 126.463 187.41 433.093 368.338 0.999992
000323 374 1238 1 598.603 172.378 642.911 217.077 0.999948
000324 374 1238 1 476.896 172.263 574.803 259.738 0.999997
000324 374 1238 1 104.097 185.03 435.255 366.509 0.999965
000324 374 1238 1 598.308 171.221 642.713 215.859 0.999859
000325 374 1238 1 477.889 172.355 574.196 259.481 0.999995
000325 374 1238 1 132.889 187.549 430.51 373.589 0.999966
000325 374 1238 1 598.597 171.411 643.071 215.809 0.999746
000326 374 1238 1 476.359 170.321 572.599 258.291 0.999988
000326 374 1238 1 125.666 187.238 430.507 367.665 0.999957
000326 374 1238 1 598.544 170.17 643.127 216.275 0.999773
000327 374 1238 1 477.598 171.05 574.885 259.098 0.999993
000327 374 1238 1 133.146 186.419 431.246 372.214 0.999985
000327 374 1238 1 598.636 168.884 643.833 216.895 0.999682
000328 374 1238 1 477.971 171.904 573.865 258.937 0.999998
000328 374 1238 1 133.669 185.547 429.78 373.298 0.999986
000328 374 1238 1 598.462 171.312 645.481 215.216 0.999588
000329 374 1238 1 478.314 170.889 574.478 257.081 0.999995
000329 374 1238 1 128.891 187.208 434.929 369.996 0.999972
000329 374 1238 1 600.123 171.886 644.835 216.648 0.999923
000329 374 1238 1 569.072 173.804 610.238 202.871 0.678134
000330 374 1238 1 480.375 170.268 574.7 257.232 0.999995
000330 374 1238 1 137.683 186.221 434.096 371.431 0.999974
000330 374 1238 1 599.861 172.087 644.58 217.166 0.99997
000331 374 1238 1 480.306 169.605 574.673 257.387 0.999998
000331 374 1238 1 141.698 184.728 433.976 369.927 0.999971
000331 374 1238 1 599.595 172.537 645.113 216.769 0.999954
000332 374 1238 1 481.797 169.329 573.892 257.06 0.999998
000332 374 1238 1 153.495 186.727 435.745 364.768 0.999982
000332 374 1238 1 597.404 171.314 645.116 216.945 0.999951
000333 374 1238 1 482.514 169.138 574.427 255.352 0.999994
000333 374 1238 1 155.839 183.851 437.181 365.931 0.999958
000333 374 1238 1 600.223 171.462 645.516 217.003 0.99994
000333 374 1238 1 570.564 171.916 611.313 203.66 0.567667
000334 374 1238 1 481.754 170.206 575.384 254.457 0.999992
000334 374 1238 1 153.636 185.614 437.863 362.358 0.99998
000334 374 1238 1 599.859 172.409 644.287 215.078 0.999959
000335 374 1238 1 483.087 170.812 576.766 254.738 0.999993
000335 374 1238 1 161.042 187.477 436.251 356.922 0.999982
000335 374 1238 1 599.622 171.077 644.647 215.869 0.999932
000336 374 1238 1 165.852 186.299 440.986 354.107 0.999994
000336 374 1238 1 484.141 168.988 574.218 252.399 0.999993
000336 374 1238 1 600.433 170.993 645.467 214.511 0.999979
000337 374 1238 1 481.284 173.005 574.877 253.875 0.999997
000337 374 1238 1 178.316 184.463 447.541 355.143 0.999982
000337 374 1238 1 600.503 172.795 644.366 214.83 0.999979
000337 374 1238 1 570.248 172.607 608.952 203.12 0.748915
000338 374 1238 1 486.318 170.805 574.56 255.463 0.999995
000338 374 1238 1 183.458 187.879 447.255 356.027 0.999994
000338 374 1238 1 600.406 172.71 643.347 215.941 0.999973
