000000 375 1242 1 457.804 180.358 568.912 216.104 0.999876
000000 375 1242 1 655.692 180.493 689.031 206.279 0.999813
000001 375 1242 1 471.462 178.853 579.516 214.201 0.999654
000001 375 1242 1 656.578 180.502 689.407 206.334 0.999562
000002 375 1242 1 480.047 181.242 590.908 215.304 0.999991
000002 375 1242 1 657.118 179.619 689.376 207.236 0.968736
000003 375 1242 1 492.61 180.076 603.666 214.951 0.999999
000003 375 1242 1 648.596 180.995 696.125 213.384 0.92055
000004 375 1242 1 507.332 181.176 614.985 214.872 0.999999
000005 375 1242 1 520.493 180.503 627.273 214.734 0.999998
000005 375 1242 1 653.459 181.404 700.467 220.95 0.544463
000006 375 1242 1 534.951 180.821 637.533 215.027 0.999999
000006 375 1242 1 655.88 180.254 688.694 208.209 0.996352
000007 375 1242 1 545.463 180.025 647.885 213.037 0.999999
000007 375 1242 1 657.838 180.091 688.504 206.347 0.999625
000008 375 1242 1 558.867 181.044 660.306 213.629 0.999999
000008 375 1242 1 654.683 180.332 690.387 206.546 0.997829
000009 375 1242 1 572.302 179.879 673.297 213.13 0.999977
000009 375 1242 1 650.598 181.684 699.887 205.61 0.786701
000010 375 1242 1 584.994 180.322 683.592 214.086 0.999979
000011 375 1242 1 597.877 178.808 693.169 213.509 0.999996
000012 375 1242 1 609.28 180.864 703.656 213.38 0.999993
000013 375 1242 1 622.802 178.586 710.324 214.363 0.999976
000014 375 1242 1 627.114 180.099 716.532 213.101 0.999761
000015 375 1242 1 637.891 180.355 724.885 211.987 0.999826
000016 375 1242 1 653.434 179.676 732.714 211.451 0.999989
000017 375 1242 1 658.029 180.586 739.387 212.32 0.999646
000018 375 1242 1 667.026 179.576 743.746 211.106 0.999437
000019 375 1242 1 677.551 181.198 748.82 210.19 0.999894
000019 375 1242 1 654.63 180.037 691.597 206.961 0.934168
000020 375 1242 1 686.513 181.127 754.364 209.206 0.99969
000020 375 1242 1 656.993 179.932 688.681 206.08 0.99926
000021 375 1242 1 692.16 180.157 757.519 208.69 0.999992
000021 375 1242 1 658.025 180.187 688.475 206.34 0.999812
000022 375 1242 1 657.504 180.356 689.465 206.875 0.999902
000022 375 1242 1 699.021 179.268 762.246 210.009 0.999052
000023 375 1242 1 657.363 180.264 689.733 206.905 0.999919
000023 375 1242 1 706.696 178.678 763.412 206.693 0.999771
000024 375 1242 1 655.874 180.236 690.136 206.216 0.99986
000024 375 1242 1 711.659 181.93 765.941 210.498 0.999109
000025 375 1242 1 719.768 181.672 766.683 207.877 0.999989
000025 375 1242 1 655.985 179.928 689.878 206.148 0.999877
000026 375 1242 1 657.211 180.063 689.675 206.589 0.999875
000026 375 1242 1 722.201 181.913 771.321 208.083 0.99868
000027 375 1242 1 657.409 179.953 689.705 206.474 0.999884
000027 375 1242 1 728.148 181.985 771.158 207.27 0.997999
000028 375 1242 1 655.429 179.977 690.143 206.386 0.999853
000028 375 1242 1 732.227 181.273 772.472 207.415 0.996453
000029 375 1242 1 656.193 180.228 689.672 206.414 0.999901
000029 375 1242 1 735.038 182.507 772.365 206.291 0.998169
000030 375 1242 1 655.808 180.414 690.237 206.397 0.999842
000030 375 1242 1 737.822 181.789 774.747 206.494 0.999245
000031 375 1242 1 655.961 180.175 690.144 206.311 0.999845
000031 375 1242 1 740.445 180.697 774.259 206.061 0.999672
000032 375 1242 1 656.483 180.007 689.777 206.067 0.999909
000032 375 1242 1 742.676 181.846 772.782 205.87 0.999777
000033 375 1242 1 655.181 179.399 689.654 206.281 0.99987
000033 375 1242 1 743.887 181.024 773.104 205.636 0.998632
000034 375 1242 1 655.942 179.444 689.55 206.411 0.999871
000034 375 1242 1 746.495 182.216 774.265 205.165 0.999821
000035 375 1242 1 655.738 180.119 690.081 206.434 0.999849
000035 375 1242 1 745.87 182.877 774.036 205.406 0.99753
000036 375 1242 1 655.879 180.182 689.936 206.313 0.999871
000036 375 1242 1 745.921 181.729 773.915 204.98 0.998192
000037 375 1242 1 655.593 179.997 690.206 206.342 0.999876
000037 375 1242 1 747.777 182.592 776.682 203.394 0.996293
000038 375 1242 1 656.478 180.172 689.746 206.931 0.999929
000038 375 1242 1 748.596 183.218 776.411 203.79 0.997818
000039 375 1242 1 655.634 179.412 689.72 206.317 0.999885
000039 375 1242 1 748.549 184.333 776.273 203.7 0.9967
000040 375 1242 1 655.593 179.483 690.018 206.13 0.999854
000040 375 1242 1 751.309 182.548 776.16 202.145 0.973731
000041 375 1242 1 656.326 180.062 689.728 206.823 0.999926
000041 375 1242 1 748.585 182.472 775.541 203.458 0.995276
000042 375 1242 1 655.663 179.889 690.088 206.316 0.999837
000042 375 1242 1 749.178 183.037 775.697 204.366 0.991613
000043 375 1242 1 655.549 179.993 690.193 206.296 0.999791
000043 375 1242 1 749.284 182.781 773.211 202.615 0.97671
000044 375 1242 1 656.473 180.165 689.786 206.11 0.99991
000044 375 1242 1 749.801 183.135 773.087 202.865 0.978305
000045 375 1242 1 656.024 179.927 689.044 206.552 0.999817
000045 375 1242 1 749.385 182.929 772.293 202.294 0.908101
000046 375 1242 1 656.503 180.243 689.007 206.45 0.999781
000046 375 1242 1 749.613 182.981 772.328 201.929 0.85479
000047 375 1242 1 656.243 180.122 689.129 206.295 0.999828
000047 375 1242 1 749.028 183.635 770.405 203.351 0.965174
000048 375 1242 1 655.993 180.216 688.923 206.375 0.999837
000048 375 1242 1 747.776 183.398 772.035 203.688 0.909962
000049 375 1242 1 655.872 180.16 689.197 206.374 0.99984
000049 375 1242 1 747.679 183.823 769.787 202.618 0.50938
000050 375 1242 1 655.543 180.185 689.256 206.521 0.999822
000051 375 1242 1 655.844 180.033 689.204 206.422 0.999764
000052 375 1242 1 655.797 179.979 689.011 206.23 0.999842
000053 375 1242 1 655.771 180.037 690.046 206.367 0.999882
000054 375 1242 1 655.806 180.078 689.61 206.288 0.999879
000055 375 1242 1 655.801 180.149 689.507 206.922 0.999905
000056 375 1242 1 655.968 179.645 689.831 206.343 0.999872
000057 375 1242 1 657.128 180.023 689.061 206.796 0.99993
000058 375 1242 1 657.253 180.0 689.201 206.727 0.999903
000059 375 1242 1 657.287 179.986 689.123 206.527 0.9999
000060 375 1242 1 656.782 180.191 689.385 206.312 0.99992
000061 375 1242 1 657.897 180.35 688.953 206.59 0.999912
000062 375 1242 1 655.991 179.426 689.389 206.206 0.999825
000063 375 1242 1 655.958 179.291 689.415 206.239 0.999798
000064 375 1242 1 656.351 179.292 689.146 206.17 0.999762
000065 375 1242 1 656.237 179.353 689.088 206.193 0.999774
000066 375 1242 1 656.236 179.248 689.446 205.989 0.999741
000067 375 1242 1 656.285 179.249 688.855 205.992 0.999683
000068 375 1242 1 656.172 179.38 689.163 206.496 0.999379
000069 375 1242 1 656.214 179.413 689.054 206.043 0.999763
000070 375 1242 1 657.99 180.035 688.737 206.391 0.999831
000071 375 1242 1 655.985 179.501 688.906 206.171 0.999794
000072 375 1242 1 656.418 179.429 688.883 206.134 0.999713
000073 375 1242 1 657.607 180.524 688.86 206.575 0.999845
000074 375 1242 1 657.444 180.484 688.677 206.333 0.999852
000075 375 1242 1 656.007 179.181 689.043 206.172 0.999781
000076 375 1242 1 657.789 179.99 688.867 206.534 0.999849
000077 375 1242 1 657.18 180.522 688.852 206.661 0.999887
