000000 375 1242 1 290.739 164.087 456.94 289.446 0.896761
000001 375 1242 1 292.912 162.001 454.134 284.159 0.869373
000002 375 1242 1 295.126 154.974 449.975 274.022 0.822502
000003 375 1242 1 290.264 148.456 446.415 265.52 0.674837
000004 375 1242 1 284.171 150.851 447.75 267.521 0.941339
000005 375 1242 1 285.786 152.753 445.07 267.255 0.987616
000006 375 1242 1 281.303 155.174 441.028 267.347 0.995212
000007 375 1242 1 283.891 155.338 434.459 268.953 0.971697
000008 375 1242 1 279.694 156.226 434.198 269.491 0.996423
000009 375 1242 1 278.377 159.827 432.37 269.277 0.996503
000009 375 1242 1 402.71 167.939 472.734 207.855 0.50137
000010 375 1242 1 273.384 164.257 431.229 270.085 0.975078
000011 375 1242 1 284.039 158.894 424.715 271.866 0.967269
000011 375 1242 1 419.119 172.565 489.048 213.74 0.559746
000012 375 1242 1 269.004 158.423 426.425 269.491 0.998703
000013 375 1242 1 283.753 154.444 420.848 264.187 0.993817
000014 375 1242 1 280.805 158.485 416.661 263.242 0.982668
000015 375 1242 1 282.761 157.378 417.93 263.335 0.944306
000015 375 1242 1 452.175 169.338 519.819 208.741 0.604631
000016 375 1242 1 270.407 157.039 413.077 261.18 0.939115
000016 375 1242 1 458.823 166.373 525.82 206.712 0.865099
000017 375 1242 1 274.289 159.275 412.956 263.806 0.55008
000017 375 1242 1 466.557 168.751 535.75 210.567 0.53927
000018 375 1242 1 274.374 166.971 412.652 265.545 0.748871
000018 375 1242 1 475.825 176.359 537.781 215.293 0.509846
000019 375 1242 1 286.742 173.081 412.423 270.8 0.805621
000019 375 1242 1 479.279 181.023 545.001 222.541 0.646114
000020 375 1242 1 280.057 179.03 414.879 277.301 0.965883
000021 375 1242 1 281.152 176.84 413.448 274.411 0.963559
000022 375 1242 1 297.555 171.087 409.898 268.739 0.888563
000022 375 1242 1 500.361 179.651 575.199 220.37 0.841486
000023 375 1242 1 294.383 168.885 409.011 267.374 0.989202
000023 375 1242 1 512.356 177.604 585.515 216.935 0.595868
000024 375 1242 1 302.917 169.549 408.556 268.046 0.977966
000025 375 1242 1 305.171 169.676 411.792 265.222 0.960801
000026 375 1242 1 312.94 163.478 415.404 254.948 0.982794
000027 375 1242 1 320.066 158.552 418.648 250.053 0.987501
000028 375 1242 1 324.814 158.816 420.532 244.736 0.92331
000029 375 1242 1 332.973 160.894 420.089 250.76 0.98885
000030 375 1242 1 335.98 164.999 427.508 250.493 0.990484
000031 375 1242 1 342.763 162.318 430.366 248.282 0.986842
000032 375 1242 1 349.777 162.064 441.765 249.081 0.984555
000033 375 1242 1 362.62 159.744 458.927 248.468 0.996003
000033 375 1242 1 600.539 166.207 690.592 213.913 0.900314
000034 375 1242 1 369.322 162.308 461.823 249.308 0.999548
000034 375 1242 1 611.339 165.8 671.449 205.083 0.535008
000035 375 1242 1 377.713 160.471 475.726 243.905 0.996415
000036 375 1242 1 390.202 154.162 485.495 241.44 0.999242
000037 375 1242 1 400.076 154.708 500.234 240.2 0.989705
000038 375 1242 1 409.719 160.465 515.127 244.181 0.963233
000038 375 1242 1 652.606 160.706 735.031 210.595 0.643175
000039 375 1242 1 424.23 159.753 528.455 245.226 0.993639
000039 375 1242 1 665.845 164.105 749.551 213.259 0.839029
000040 375 1242 1 437.069 160.79 544.773 245.765 0.97238
000041 375 1242 1 451.078 160.126 564.369 249.436 0.979128
000041 375 1242 1 693.217 161.344 774.01 215.247 0.547076
000042 375 1242 1 470.305 162.299 580.594 251.814 0.991915
000042 375 1242 1 708.407 160.217 788.416 222.809 0.669343
000043 375 1242 1 487.737 164.249 601.018 252.044 0.984981
000043 375 1242 1 722.727 165.228 816.802 222.226 0.749244
000044 375 1242 1 501.731 163.948 631.753 254.33 0.967279
000044 375 1242 1 738.816 166.826 811.56 222.997 0.715501
000045 375 1242 1 524.413 165.14 646.379 251.91 0.983397
000045 375 1242 1 757.435 167.789 845.367 220.32 0.838964
000046 375 1242 1 545.322 162.221 652.895 250.362 0.917871
000046 375 1242 1 774.474 165.604 870.641 222.77 0.830317
000047 375 1242 1 792.944 162.334 893.721 224.234 0.743653
000047 375 1242 1 567.701 164.189 677.085 243.435 0.71591
000048 375 1242 1 813.414 161.485 895.237 221.468 0.935549
000048 375 1242 1 584.291 161.437 700.937 244.093 0.890233
000049 375 1242 1 830.056 159.861 920.037 225.777 0.967259
000049 375 1242 1 610.575 160.006 719.929 240.766 0.941788
000050 375 1242 1 850.055 159.731 941.888 224.001 0.989428
000050 375 1242 1 622.478 156.149 735.292 241.739 0.970645
000051 375 1242 1 870.393 160.318 982.046 225.465 0.985766
000051 375 1242 1 643.305 153.696 764.755 247.924 0.869931
000052 375 1242 1 893.19 157.373 1010.34 231.311 0.991427
000052 375 1242 1 661.463 155.47 792.264 239.488 0.882419
000053 375 1242 1 907.526 156.445 1034.02 234.438 0.985299
000053 375 1242 1 670.81 150.993 816.597 246.589 0.860189
000054 375 1242 1 932.599 153.68 1072.93 233.748 0.982926
000054 375 1242 1 695.842 150.944 831.907 243.46 0.506112
000055 375 1242 1 947.688 155.037 1084.48 232.619 0.97797
000055 375 1242 1 724.368 152.838 860.161 241.091 0.656203
000056 375 1242 1 972.316 152.988 1105.66 237.95 0.924822
000056 375 1242 1 764.96 149.664 883.144 238.125 0.635482
000057 375 1242 1 990.766 152.77 1128.02 237.005 0.970787
000058 375 1242 1 1011.42 150.569 1148.89 240.044 0.988232
000059 375 1242 1 1029.51 149.242 1188.43 239.374 0.925949
000060 375 1242 1 1046.94 151.753 1199.98 241.551 0.963174
000061 375 1242 1 1060.41 149.176 1224.73 245.543 0.896812
000062 375 1242 1 1081.0 147.921 1242.0 247.598 0.978629
000063 375 1242 1 1095.48 151.193 1242.0 249.393 0.991599
000064 375 1242 1 1110.64 146.507 1242.0 251.431 0.990403
000065 375 1242 1 1124.67 145.39 1242.0 256.97 0.998366
000065 375 1242 1 951.648 148.054 1121.74 246.406 0.586717
000066 375 1242 1 1135.34 145.725 1242.0 259.765 0.907576
000067 375 1242 1 1140.36 149.097 1242.0 266.081 0.666105
000068 375 1242 1 1002.98 155.354 1185.0 248.272 0.505574
000069 375 1242 1 645.749 183.439 697.069 209.186 0.809496
000070 375 1242 1 638.084 183.571 686.374 208.873 0.958442
000071 375 1242 1 631.636 180.32 678.044 207.045 0.82318
000072 375 1242 1 622.567 179.613 674.297 208.004 0.848164
000072 375 1242 1 1068.48 147.754 1242.0 251.293 0.736819
000073 375 1242 1 609.869 180.519 668.327 210.149 0.939555
000074 375 1242 1 600.79 178.14 652.552 209.272 0.734668
000075 375 1242 1 588.738 182.974 650.539 212.186 0.878039
000077 375 1242 1 563.383 183.418 621.498 211.863 0.6794
000078 375 1242 1 551.012 185.646 606.262 211.643 0.843716
000079 375 1242 1 539.004 184.951 590.753 213.883 0.686319
000079 375 1242 1 1127.29 163.276 1242.0 298.09 0.624821
000080 375 1242 1 1127.29 158.479 1242.0 304.114 0.696109
000081 375 1242 1 1121.15 157.177 1242.0 312.141 0.92061
000082 375 1242 1 1110.41 157.218 1242.0 317.051 0.923559
000083 375 1242 1 1103.64 155.133 1242.0 316.224 0.956317
000084 375 1242 1 1089.93 152.937 1242.0 318.935 0.960526
000085 375 1242 1 1081.68 152.095 1242.0 316.03 0.926725
000085 375 1242 1 1038.12 183.244 1100.02 222.393 0.892038
000086 375 1242 1 1073.44 152.458 1242.0 318.547 0.969046
000086 375 1242 1 1015.74 187.187 1082.64 220.318 0.882577
000086 375 1242 1 350.086 187.167 391.296 211.297 0.667386
000087 375 1242 1 1055.47 151.949 1242.0 329.436 0.970323
000087 375 1242 1 997.593 182.567 1064.51 221.639 0.95396
000088 375 1242 1 1050.24 148.985 1242.0 331.682 0.944065
000088 375 1242 1 978.37 187.503 1038.5 220.642 0.92049
000089 375 1242 1 950.297 184.815 1021.05 217.379 0.975584
000089 375 1242 1 1037.99 143.945 1242.0 336.901 0.927134
000090 375 1242 1 938.93 182.356 1000.81 218.063 0.978624
000090 375 1242 1 1021.12 146.141 1242.0 339.806 0.774136
000091 375 1242 1 1025.04 146.564 1242.0 335.793 0.865132
000091 375 1242 1 1009.65 168.955 1088.78 233.335 0.593877
000092 375 1242 1 1011.49 141.571 1242.0 351.525 0.950051
000093 375 1242 1 149.816 187.262 210.603 212.942 0.967948
000093 375 1242 1 1010.66 140.894 1242.0 352.836 0.886733
000093 375 1242 1 981.006 173.879 1064.02 231.049 0.628889
000093 375 1242 1 896.873 180.258 946.747 210.55 0.579073
000094 375 1242 1 118.309 185.377 191.879 211.607 0.995223
000094 375 1242 1 1003.94 135.785 1242.0 359.298 0.897463
000094 375 1242 1 867.155 178.829 930.183 212.883 0.756351
000094 375 1242 1 970.47 170.083 1046.58 227.867 0.578862
000095 375 1242 1 87.8856 184.107 159.924 208.35 0.995616
000095 375 1242 1 1002.64 134.881 1242.0 368.602 0.840837
000095 375 1242 1 853.397 184.678 907.459 216.339 0.642169
000096 375 1242 1 50.6629 182.534 126.21 208.554 0.996938
000096 375 1242 1 838.365 185.206 887.138 218.899 0.944116
000096 375 1242 1 992.233 137.75 1242.0 372.649 0.941191
000096 375 1242 1 943.054 172.607 1000.38 226.969 0.538042
000097 375 1242 1 823.078 187.709 866.218 219.254 0.997577
000097 375 1242 1 11.23 179.797 98.9146 208.159 0.997338
000097 375 1242 1 993.849 137.72 1242.0 371.314 0.776517
000097 375 1242 1 928.863 174.642 979.716 222.072 0.573761
000098 375 1242 1 804.816 186.951 848.546 219.549 0.998108
000098 375 1242 1 0.0 180.619 67.2332 209.759 0.985021
000098 375 1242 1 989.747 141.38 1242.0 375.0 0.769807
000099 375 1242 1 786.19 184.722 831.977 218.465 0.997446
000100 375 1242 1 766.099 185.595 813.325 216.769 0.997688
000100 375 1242 1 946.443 185.239 990.558 220.766 0.811373
000101 375 1242 1 749.916 182.314 796.287 215.135 0.99906
000101 375 1242 1 926.797 183.519 975.15 219.047 0.937858
000102 375 1242 1 733.584 181.449 782.481 216.432 0.997931
000102 375 1242 1 909.924 185.092 957.896 214.574 0.934565
000103 375 1242 1 717.893 181.316 764.197 215.868 0.999418
000103 375 1242 1 918.83 187.665 984.429 227.285 0.977876
000104 375 1242 1 700.603 181.226 748.846 216.744 0.999262
000104 375 1242 1 882.947 183.837 926.791 216.068 0.939239
000104 375 1242 1 914.972 188.68 998.112 229.918 0.839085
000104 375 1242 1 811.225 174.527 873.607 222.46 0.745386
000105 375 1242 1 682.566 181.469 731.829 215.262 0.999082
000105 375 1242 1 927.927 186.675 997.406 239.141 0.985891
000105 375 1242 1 860.144 182.805 910.498 217.442 0.804909
000106 375 1242 1 665.199 181.437 713.311 218.936 0.999801
000106 375 1242 1 910.027 186.984 1002.97 241.675 0.999208
000106 375 1242 1 839.289 184.196 897.88 218.391 0.67779
000107 375 1242 1 896.922 186.04 1010.8 245.006 0.999925
000107 375 1242 1 648.814 182.19 699.102 219.59 0.998709
000108 375 1242 1 886.802 186.866 1000.89 245.697 0.99988
000108 375 1242 1 634.948 183.341 682.669 220.994 0.999578
000108 375 1242 1 848.215 190.448 912.579 232.175 0.846868
000109 375 1242 1 875.28 188.142 981.049 245.025 0.999942
000109 375 1242 1 619.065 181.871 667.237 220.681 0.998064
000110 375 1242 1 862.716 185.823 968.805 244.081 0.99998
000110 375 1242 1 599.703 180.889 652.651 220.077 0.999399
000110 375 1242 1 785.821 181.307 835.45 219.579 0.960722
000111 375 1242 1 853.032 186.027 959.184 244.005 0.999992
000111 375 1242 1 583.227 180.444 638.343 218.884 0.999273
000111 375 1242 1 770.427 181.378 828.741 221.033 0.976424
000112 375 1242 1 842.035 184.452 945.231 245.12 0.999993
000112 375 1242 1 567.254 178.07 620.447 218.966 0.999677
000112 375 1242 1 756.306 180.8 812.087 219.083 0.999604
000112 375 1242 1 52.4521 183.061 267.415 272.321 0.817132
000113 375 1242 1 831.509 182.991 935.071 246.388 0.999997
000113 375 1242 1 550.439 178.833 608.543 219.765 0.999897
000113 375 1242 1 744.593 178.827 797.9 219.233 0.999801
000113 375 1242 1 14.9358 182.995 257.414 276.301 0.774485
000113 375 1242 1 785.258 186.709 850.856 234.214 0.673967
000114 375 1242 1 819.675 183.765 930.94 246.176 0.999996
000114 375 1242 1 533.289 178.532 594.909 220.462 0.999941
000114 375 1242 1 732.145 178.687 785.82 219.386 0.999853
000114 375 1242 1 0.0 178.051 286.821 289.387 0.69275
000115 375 1242 1 812.949 183.172 920.244 248.132 0.999993
000115 375 1242 1 520.065 178.33 579.676 223.208 0.999933
000115 375 1242 1 718.683 178.424 774.538 220.084 0.999829
000116 375 1242 1 803.47 184.675 915.674 251.341 0.999999
000116 375 1242 1 707.704 180.559 764.416 221.122 0.999896
000116 375 1242 1 501.832 179.374 565.995 222.597 0.999871
000116 375 1242 1 744.793 187.802 824.105 235.519 0.651691
000116 375 1242 1 679.067 182.482 719.205 211.7 0.531689
000117 375 1242 1 792.115 185.668 909.204 254.237 0.999996
000117 375 1242 1 483.553 180.75 550.501 226.102 0.999783
000117 375 1242 1 695.096 181.476 754.906 222.776 0.999709
000117 375 1242 1 660.315 183.883 701.278 213.213 0.918454
000117 375 1242 1 737.2 191.025 811.492 238.21 0.536151
000118 375 1242 1 785.636 187.315 899.98 257.093 0.999999
000118 375 1242 1 468.559 181.998 534.484 228.62 0.999944
000118 375 1242 1 684.611 181.994 745.538 224.617 0.999643
000118 375 1242 1 641.791 181.39 689.904 212.69 0.732987
000119 375 1242 1 780.125 188.341 892.484 259.892 0.999999
000119 375 1242 1 451.729 181.699 517.13 228.603 0.999928
000119 375 1242 1 671.294 181.482 735.379 224.871 0.999716
000119 375 1242 1 718.328 189.302 807.842 238.656 0.835154
000119 375 1242 1 627.504 183.043 672.788 213.296 0.777759
000120 375 1242 1 768.318 187.957 885.826 263.997 1.0
000120 375 1242 1 432.873 180.778 503.112 231.049 0.999955
000120 375 1242 1 658.025 182.186 721.962 226.272 0.999797
000120 375 1242 1 616.371 183.715 659.33 215.146 0.944284
000120 375 1242 1 700.862 190.193 797.015 242.315 0.778582
000121 375 1242 1 759.738 187.165 879.965 265.531 1.0
000121 375 1242 1 410.796 180.599 488.681 232.487 0.999899
000121 375 1242 1 644.079 181.656 713.89 227.831 0.999662
000121 375 1242 1 692.454 189.474 787.724 244.604 0.99819
000121 375 1242 1 600.483 183.312 645.568 213.934 0.750728
000122 375 1242 1 753.383 185.54 871.141 269.512 1.0
000122 375 1242 1 387.651 180.587 471.092 229.861 0.999966
000122 375 1242 1 679.504 189.412 777.543 246.471 0.999802
000122 375 1242 1 630.746 181.089 703.484 228.625 0.999481
000122 375 1242 1 585.226 181.379 637.395 215.734 0.945566
000123 375 1242 1 746.215 184.785 864.125 269.277 1.0
000123 375 1242 1 370.191 180.036 454.552 234.671 0.999997
000123 375 1242 1 618.724 181.769 691.971 229.171 0.999868
000123 375 1242 1 663.691 187.486 776.18 247.136 0.998947
000123 375 1242 1 573.274 180.779 626.447 216.064 0.655211
000124 375 1242 1 734.981 184.664 859.826 272.765 0.999998
000124 375 1242 1 347.278 180.369 433.074 239.024 0.999991
000124 375 1242 1 654.82 186.692 761.947 248.252 0.999971
000124 375 1242 1 604.175 182.037 679.216 229.702 0.999959
000124 375 1242 1 557.874 181.567 609.977 214.49 0.629546
000125 375 1242 1 726.847 187.313 851.799 275.721 1.0
000125 375 1242 1 324.487 178.474 414.74 241.595 0.999989
000125 375 1242 1 642.774 187.37 755.729 251.524 0.999982
000125 375 1242 1 592.999 179.149 668.311 232.19 0.999904
000126 375 1242 1 718.352 184.57 846.833 278.547 1.0
000126 375 1242 1 298.873 183.762 392.47 246.341 0.999998
000126 375 1242 1 627.696 186.409 746.98 253.426 0.999966
000126 375 1242 1 578.982 179.743 656.579 230.4 0.999603
000127 375 1242 1 711.657 184.205 843.696 281.969 1.0
000127 375 1242 1 616.081 185.431 743.08 254.173 0.999997
000127 375 1242 1 274.008 182.063 375.485 249.553 0.999992
000127 375 1242 1 563.845 178.973 652.024 233.18 0.995966
000128 375 1242 1 709.832 182.531 844.912 285.164 1.0
000128 375 1242 1 249.985 185.267 359.321 253.235 0.999996
000128 375 1242 1 603.279 185.08 742.117 256.83 0.999995
000128 375 1242 1 556.496 179.985 635.206 235.964 0.973983
000128 375 1242 1 511.407 181.231 571.442 219.797 0.668116
000129 375 1242 1 710.745 181.395 848.959 291.72 1.0
000129 375 1242 1 231.785 187.252 341.311 259.111 0.999998
000129 375 1242 1 600.97 184.502 734.939 260.612 0.999998
000129 375 1242 1 552.548 178.501 631.685 234.666 0.968815
000130 375 1242 1 600.068 184.263 733.639 266.813 1.0
000130 375 1242 1 208.511 188.287 327.934 266.75 0.999999
000130 375 1242 1 712.513 183.148 853.702 296.391 0.999998
000130 375 1242 1 544.101 177.239 634.437 239.722 0.971197
000131 375 1242 1 189.268 194.235 317.898 274.322 1.0
000131 375 1242 1 715.313 182.541 866.622 303.839 0.999998
000131 375 1242 1 595.539 187.95 736.684 270.647 0.999998
000131 375 1242 1 537.599 180.815 627.923 240.813 0.998969
000131 375 1242 1 854.03 178.782 889.63 204.5 0.661799
000132 375 1242 1 597.439 190.068 737.873 275.493 0.999999
000132 375 1242 1 723.849 184.462 878.519 313.103 0.999999
000132 375 1242 1 169.713 198.322 308.317 281.889 0.999998
000132 375 1242 1 531.437 181.34 630.458 244.192 0.999698
000133 375 1242 1 153.301 201.052 296.564 288.754 0.999999
000133 375 1242 1 599.527 190.519 742.945 282.791 0.999999
000133 375 1242 1 730.355 181.93 898.201 325.7 0.999998
000133 375 1242 1 528.655 180.388 630.159 245.331 0.998715
000134 375 1242 1 140.812 198.588 293.964 290.359 0.999999
000134 375 1242 1 746.78 181.173 928.441 333.522 0.999999
000134 375 1242 1 600.642 187.658 754.583 285.909 0.999996
000134 375 1242 1 532.239 180.739 635.043 247.219 0.999865
000135 375 1242 1 608.372 187.023 771.053 286.55 0.999999
000135 375 1242 1 118.159 195.712 290.548 293.926 0.999999
000135 375 1242 1 763.693 179.599 966.811 343.126 0.999995
000135 375 1242 1 539.309 177.565 638.239 247.104 0.999949
000135 375 1242 1 240.8 186.096 326.643 253.487 0.924571
000136 375 1242 1 104.21 195.06 291.733 297.073 0.999999
000136 375 1242 1 612.24 181.486 791.832 290.178 0.999997
000136 375 1242 1 788.027 172.754 1011.07 353.757 0.999987
000136 375 1242 1 552.172 170.777 646.263 245.89 0.999987
000137 375 1242 1 560.181 171.081 653.608 245.041 0.999998
000137 375 1242 1 627.853 178.25 810.818 295.387 0.999998
000137 375 1242 1 93.3673 193.505 280.27 303.339 0.999997
000137 375 1242 1 817.515 171.686 1058.46 369.983 0.999996
000137 375 1242 1 226.405 181.31 330.18 256.609 0.999702
000138 375 1242 1 641.412 178.314 837.156 304.141 0.999999
000138 375 1242 1 858.783 169.945 1140.62 375.0 0.999996
000138 375 1242 1 72.0261 193.351 280.873 308.184 0.999995
000138 375 1242 1 567.291 170.474 669.536 245.958 0.999973
000138 375 1242 1 221.202 179.903 335.681 258.574 0.9993
000139 375 1242 1 60.0968 195.458 278.906 311.998 0.999994
000139 375 1242 1 575.51 170.124 684.772 249.494 0.999986
000139 375 1242 1 654.926 175.973 867.922 315.542 0.999985
000139 375 1242 1 890.192 176.948 1234.67 375.0 0.999948
000139 375 1242 1 216.652 178.03 340.294 259.093 0.999604
000140 375 1242 1 587.263 171.034 698.446 254.209 0.999998
000140 375 1242 1 50.9158 196.768 274.64 321.639 0.999998
000140 375 1242 1 664.544 176.163 908.582 327.888 0.999973
000140 375 1242 1 215.844 180.056 342.798 265.002 0.999888
000140 375 1242 1 948.107 174.404 1242.0 374.578 0.770571
000140 375 1242 1 317.725 185.833 371.326 228.572 0.522128
000141 375 1242 1 595.633 170.862 718.47 258.558 0.999997
000141 375 1242 1 34.3363 197.141 274.055 333.606 0.999981
000141 375 1242 1 212.293 181.425 344.375 272.835 0.999929
000141 375 1242 1 684.148 184.614 949.169 345.27 0.999864
000141 375 1242 1 319.162 187.699 379.406 232.198 0.6879
000142 375 1242 1 604.974 169.844 732.666 264.208 0.999997
000142 375 1242 1 3.9973 198.184 274.633 344.385 0.999977
000142 375 1242 1 699.035 184.791 1006.15 357.219 0.999962
000142 375 1242 1 209.903 184.1 345.667 275.757 0.999954
000142 375 1242 1 323.72 189.613 386.218 233.047 0.605118
000143 375 1242 1 616.277 171.81 750.212 268.88 0.999994
000143 375 1242 1 0.0 199.722 288.503 350.276 0.999978
000143 375 1242 1 207.161 182.93 347.535 277.016 0.999951
000143 375 1242 1 712.932 177.051 1082.21 375.0 0.999745
000143 375 1242 1 337.452 187.862 394.52 233.023 0.767389
000144 375 1242 1 629.294 172.078 770.738 275.698 0.999987
000144 375 1242 1 195.984 180.32 352.97 281.418 0.999956
000144 375 1242 1 733.045 174.848 1141.82 375.0 0.996066
000144 375 1242 1 337.313 188.659 400.186 234.464 0.875741
000145 375 1242 1 642.108 169.03 787.984 279.952 0.999995
000145 375 1242 1 185.515 179.949 354.958 288.384 0.999978
000145 375 1242 1 771.374 174.558 1232.79 375.0 0.996912
000145 375 1242 1 341.954 185.16 404.588 232.357 0.885508
000145 375 1242 1 580.477 180.362 646.75 225.737 0.551525
000146 375 1242 1 657.534 167.752 814.092 286.466 0.999996
000146 375 1242 1 174.889 178.361 353.011 295.31 0.999985
000146 375 1242 1 786.566 187.58 1242.0 375.0 0.982976
000146 375 1242 1 344.302 184.996 411.831 232.403 0.930462
000146 375 1242 1 590.5 179.188 658.287 228.053 0.54272
000147 375 1242 1 663.154 165.631 841.961 292.78 0.999998
000147 375 1242 1 156.705 177.577 355.663 294.652 0.999715
000147 375 1242 1 342.975 182.091 416.839 233.276 0.971867
000147 375 1242 1 600.29 175.396 662.675 221.718 0.738722
000147 375 1242 1 802.283 192.176 1226.98 375.0 0.662907
000148 375 1242 1 678.233 166.455 870.688 298.573 0.999997
000148 375 1242 1 148.896 171.455 347.064 300.301 0.999906
000148 375 1242 1 348.308 180.794 421.972 235.029 0.996753
000148 375 1242 1 610.112 174.688 681.402 227.929 0.834888
000149 375 1242 1 691.063 163.225 901.827 310.906 0.999983
000149 375 1242 1 130.762 169.11 349.345 306.42 0.999764
000149 375 1242 1 348.874 180.263 425.647 235.692 0.996262
000149 375 1242 1 618.568 174.128 689.973 230.999 0.954939
000150 375 1242 1 707.773 167.342 938.476 322.016 0.999996
000150 375 1242 1 90.8381 171.435 339.808 320.309 0.999659
000150 375 1242 1 350.897 180.296 428.668 240.671 0.999119
000150 375 1242 1 626.543 176.744 705.243 231.237 0.895537
000151 375 1242 1 721.895 168.217 970.56 337.343 0.999988
000151 375 1242 1 70.6032 174.25 335.148 327.082 0.999872
000151 375 1242 1 354.166 183.567 429.231 243.922 0.998901
000151 375 1242 1 631.352 177.306 710.736 232.878 0.86957
000152 375 1242 1 738.125 171.379 1015.68 352.927 0.999962
000152 375 1242 1 670.919 181.394 818.226 278.805 0.999891
000152 375 1242 1 350.962 186.079 430.098 250.702 0.999642
000152 375 1242 1 33.0875 177.114 313.95 342.711 0.999042
000153 375 1242 1 345.451 186.95 432.404 252.854 0.9999
000153 375 1242 1 749.925 169.654 1078.81 374.672 0.999896
000153 375 1242 1 678.851 180.459 837.68 288.176 0.999735
000153 375 1242 1 0.0 181.112 336.626 350.821 0.999468
