000000 370 1224 1 384.383 146.092 494.784 352.958 0.999104
000000 370 1224 1 563.814 144.509 581.226 193.007 0.977771
000000 370 1224 1 545.33 144.815 560.369 190.15 0.962726
000000 370 1224 1 472.055 132.367 546.832 330.439 0.941492
000000 370 1224 1 485.433 139.503 503.677 211.559 0.929225
000000 370 1224 1 531.104 137.764 545.023 190.983 0.786129
000001 370 1224 1 479.627 134.706 562.233 340.754 0.997061
000001 370 1224 1 485.316 141.446 503.509 202.571 0.990338
000001 370 1224 1 546.547 141.819 560.335 191.173 0.955222
000001 370 1224 1 394.349 137.674 498.066 356.923 0.924104
000001 370 1224 1 565.514 141.202 581.584 191.818 0.793364
000002 370 1224 1 413.323 143.887 507.884 354.151 0.99808
000002 370 1224 1 486.761 146.718 504.806 199.576 0.994922
000002 370 1224 1 494.512 135.609 567.134 333.069 0.992805
000002 370 1224 1 564.215 142.607 581.175 191.096 0.901978
000003 370 1224 1 438.315 135.233 521.29 359.811 0.997384
000003 370 1224 1 506.306 137.871 589.573 342.602 0.996904
000003 370 1224 1 509.796 140.001 524.826 182.01 0.81991
000004 370 1224 1 507.4 133.496 605.532 348.761 0.993624
000004 370 1224 1 522.982 137.018 541.353 194.38 0.879386
000004 370 1224 1 507.159 140.737 521.893 183.138 0.855682
000004 370 1224 1 445.35 146.258 529.406 357.512 0.823152
000005 370 1224 1 443.568 145.128 559.917 355.24 0.99418
000005 370 1224 1 522.988 137.276 539.337 195.351 0.953725
000006 370 1224 1 456.664 134.106 551.859 367.191 0.998067
000006 370 1224 1 533.755 130.727 610.682 358.93 0.991542
000006 370 1224 1 545.113 142.72 556.014 195.447 0.840308
000006 370 1224 1 489.885 144.684 510.187 196.57 0.762081
000007 370 1224 1 475.731 135.699 579.275 363.967 0.988376
000007 370 1224 1 558.833 140.01 624.73 336.98 0.988223
000007 370 1224 1 493.134 143.817 508.786 198.393 0.938652
000007 370 1224 1 546.026 143.293 559.445 191.133 0.938278
000008 370 1224 1 563.395 144.338 651.335 352.001 0.988807
000008 370 1224 1 498.76 139.577 582.639 343.424 0.965142
000008 370 1224 1 495.96 142.194 512.191 204.994 0.947268
000008 370 1224 1 521.042 136.963 541.353 199.589 0.913409
000008 370 1224 1 569.86 148.689 583.03 191.379 0.873202
000009 370 1224 1 510.742 144.858 595.94 361.957 0.998905
000009 370 1224 1 496.114 139.775 516.078 206.89 0.996703
000009 370 1224 1 518.433 135.751 535.003 195.586 0.96923
000009 370 1224 1 226.1 124.385 280.53 321.011 0.806322
000010 370 1224 1 497.856 141.964 516.346 205.149 0.997765
000010 370 1224 1 521.155 133.913 621.004 367.54 0.995273
000010 370 1224 1 517.74 136.628 536.931 197.788 0.993094
000011 370 1224 1 536.048 140.801 639.885 370.0 0.995567
000011 370 1224 1 516.888 136.568 536.39 197.699 0.994637
000011 370 1224 1 498.297 142.828 516.448 203.925 0.99058
000011 370 1224 1 542.944 144.825 558.708 194.688 0.986788
000011 370 1224 1 225.796 124.712 301.209 330.38 0.747957
000011 370 1224 2 475.599 140.769 504.07 187.669 0.884307
000012 370 1224 1 540.054 142.69 669.978 368.376 0.996048
000012 370 1224 1 542.421 146.415 559.673 197.634 0.995306
000012 370 1224 1 499.463 141.439 518.859 206.695 0.987101
000012 370 1224 1 516.575 136.65 535.289 196.895 0.986551
000012 370 1224 1 253.093 128.106 319.662 327.015 0.966142
000012 370 1224 1 570.824 145.716 588.721 195.599 0.936222
000012 370 1224 2 471.364 140.59 501.701 188.152 0.992583
000013 370 1224 1 548.438 141.121 696.87 370.0 0.998099
000013 370 1224 1 541.131 144.822 560.376 198.458 0.994234
000013 370 1224 1 570.023 147.727 587.727 194.343 0.99412
000013 370 1224 1 500.435 143.359 519.916 210.011 0.989015
000013 370 1224 1 255.91 128.426 339.225 323.002 0.983014
000013 370 1224 1 517.543 135.565 533.643 196.129 0.876454
000013 370 1224 2 470.08 140.131 499.299 188.283 0.931582
000014 370 1224 1 570.11 147.172 587.442 194.423 0.996991
000014 370 1224 1 541.133 146.032 560.113 196.766 0.994314
000014 370 1224 1 588.897 143.77 662.309 345.951 0.990776
000014 370 1224 1 278.477 137.086 348.517 323.963 0.980229
000014 370 1224 1 503.361 143.579 522.751 205.911 0.962905
000014 370 1224 2 470.121 143.362 495.38 189.507 0.995987
000015 370 1224 1 575.225 142.163 753.461 370.0 0.999091
000015 370 1224 1 503.102 142.806 527.903 209.131 0.998126
000015 370 1224 1 540.509 145.807 559.917 198.629 0.991087
000015 370 1224 1 281.17 128.863 359.351 338.723 0.988665
000015 370 1224 1 568.922 142.124 588.872 196.809 0.988507
000015 370 1224 1 235.102 120.229 298.468 328.734 0.896638
000015 370 1224 2 466.313 141.139 494.274 191.951 0.998306
000016 370 1224 1 599.015 138.921 758.531 370.0 0.998622
000016 370 1224 1 506.234 142.491 528.775 208.894 0.998258
000016 370 1224 1 570.911 146.5 589.925 196.336 0.993551
000016 370 1224 1 541.106 143.134 559.649 199.018 0.992402
000016 370 1224 1 299.014 128.709 384.596 331.627 0.981727
000016 370 1224 1 254.549 127.011 312.974 313.234 0.838445
000016 370 1224 2 462.914 140.587 491.586 194.25 0.9968
000017 370 1224 1 506.032 143.137 530.914 208.897 0.998005
000017 370 1224 1 543.437 143.843 561.42 198.621 0.996439
000017 370 1224 1 595.464 144.034 725.717 368.116 0.994883
000017 370 1224 1 570.545 145.122 588.445 197.236 0.98764
000017 370 1224 1 313.856 126.832 389.109 322.88 0.985052
000017 370 1224 1 256.668 123.682 329.03 335.834 0.892237
000017 370 1224 2 461.064 140.301 489.457 193.213 0.979393
000018 370 1224 1 507.667 140.921 532.537 211.032 0.997516
000018 370 1224 1 572.058 145.939 590.592 197.857 0.997061
000018 370 1224 1 318.703 132.67 409.156 327.506 0.992649
000018 370 1224 1 604.286 145.35 787.881 361.292 0.990031
000018 370 1224 1 543.333 145.167 560.941 197.846 0.978275
000018 370 1224 1 487.71 142.657 503.435 179.888 0.9693
000018 370 1224 1 259.704 121.716 331.026 347.193 0.94627
000018 370 1224 1 1120.84 140.09 1224.0 370.0 0.928013
000018 370 1224 2 460.305 145.048 487.725 193.567 0.988407
000019 370 1224 1 572.91 148.661 591.946 196.7 0.998304
000019 370 1224 1 1105.02 138.189 1203.15 370.0 0.996753
000019 370 1224 1 656.862 143.613 763.883 370.0 0.995064
000019 370 1224 1 507.789 139.215 535.784 209.942 0.994129
000019 370 1224 1 543.519 142.986 563.988 199.364 0.990112
000019 370 1224 1 330.751 134.28 419.136 331.367 0.986362
000019 370 1224 1 267.051 125.107 346.477 349.455 0.985486
000019 370 1224 1 486.935 140.976 501.698 181.605 0.912878
000019 370 1224 2 449.054 142.035 484.331 191.093 0.984474
000020 370 1224 1 572.354 150.393 593.516 197.305 0.999395
000020 370 1224 1 511.613 139.356 537.184 208.923 0.997851
000020 370 1224 1 1065.62 139.915 1177.94 370.0 0.997127
000020 370 1224 1 542.642 143.731 561.399 198.121 0.996491
000020 370 1224 1 646.353 133.487 810.434 370.0 0.995681
000020 370 1224 1 273.837 130.831 358.991 343.849 0.988792
000020 370 1224 1 350.321 134.174 430.272 328.377 0.971478
000020 370 1224 1 484.302 142.028 500.527 182.273 0.942339
000020 370 1224 2 442.581 143.476 481.689 195.479 0.995334
000021 370 1224 1 572.911 148.249 594.065 198.883 0.998473
000021 370 1224 1 669.026 144.53 777.642 370.0 0.997983
000021 370 1224 1 513.586 140.507 538.696 211.272 0.997596
000021 370 1224 1 1017.08 144.22 1154.17 370.0 0.99702
000021 370 1224 1 367.133 132.577 441.726 330.331 0.996945
000021 370 1224 1 544.989 142.452 563.28 200.067 0.996288
000021 370 1224 1 286.445 129.197 367.616 346.518 0.967944
000021 370 1224 1 484.654 142.823 499.905 183.128 0.8733
000021 370 1224 2 436.482 141.905 479.772 194.534 0.984694
000022 370 1224 1 573.053 147.702 593.256 196.849 0.998198
000022 370 1224 1 982.396 151.949 1121.94 370.0 0.998144
000022 370 1224 1 673.637 146.101 836.806 370.0 0.997845
000022 370 1224 1 516.085 141.827 540.269 210.844 0.995654
000022 370 1224 1 381.335 132.747 458.249 328.692 0.994437
000022 370 1224 1 299.404 122.5 378.766 340.484 0.953475
000022 370 1224 1 545.919 143.882 562.957 198.459 0.944579
000022 370 1224 1 484.057 143.882 498.395 182.285 0.858139
000022 370 1224 2 432.786 140.385 475.509 197.881 0.996188
000023 370 1224 1 575.79 148.737 595.761 198.585 0.999337
000023 370 1224 1 703.851 144.937 841.888 370.0 0.997434
000023 370 1224 1 392.614 120.315 470.854 340.091 0.997084
000023 370 1224 1 963.339 153.33 1072.03 370.0 0.995387
000023 370 1224 1 516.776 139.983 542.442 213.6 0.995224
000023 370 1224 1 308.309 117.667 393.833 344.887 0.98713
000023 370 1224 1 544.752 146.667 563.241 197.661 0.973949
000023 370 1224 1 482.592 141.676 498.05 182.295 0.902177
000023 370 1224 2 422.478 140.952 472.706 195.902 0.753314
000024 370 1224 1 576.792 149.551 596.205 200.062 0.999658
000024 370 1224 1 397.403 136.088 488.885 342.162 0.999222
000024 370 1224 1 943.594 141.834 1040.96 370.0 0.997416
000024 370 1224 1 519.547 140.645 543.338 210.089 0.996565
000024 370 1224 1 729.762 145.723 865.701 370.0 0.994732
000024 370 1224 1 320.155 129.885 405.871 343.866 0.991806
000024 370 1224 1 544.121 146.42 561.368 199.688 0.962231
000024 370 1224 2 479.32 143.321 500.374 182.742 0.976419
000025 370 1224 1 519.365 141.197 545.625 213.487 0.999636
000025 370 1224 1 576.144 148.787 596.927 200.373 0.998542
000025 370 1224 1 912.435 143.219 1024.25 370.0 0.998496
000025 370 1224 1 414.42 128.356 497.906 342.414 0.996622
000025 370 1224 1 329.834 129.572 419.303 345.512 0.988055
000025 370 1224 1 747.711 124.62 872.562 370.0 0.984536
000025 370 1224 1 543.438 143.974 563.894 199.482 0.927831
000025 370 1224 1 481.11 141.468 495.51 179.516 0.904793
000026 370 1224 1 435.555 135.595 508.021 337.941 0.997351
000026 370 1224 1 522.592 141.855 545.086 211.447 0.997223
000026 370 1224 1 578.426 147.243 599.033 198.905 0.996924
000026 370 1224 1 743.622 139.537 893.074 370.0 0.99299
000026 370 1224 1 336.99 129.377 424.504 346.531 0.986822
000026 370 1224 1 502.938 138.902 517.708 181.272 0.981255
000026 370 1224 1 891.516 145.643 1010.56 370.0 0.961615
000026 370 1224 1 480.719 141.63 493.218 185.352 0.836179
000026 370 1224 1 543.192 146.035 563.454 200.957 0.812349
000027 370 1224 1 452.303 139.542 519.46 345.616 0.999651
000027 370 1224 1 350.515 136.952 434.621 348.299 0.997599
000027 370 1224 1 787.341 137.121 985.357 370.0 0.996068
000027 370 1224 1 579.703 144.293 600.209 202.856 0.996029
000027 370 1224 1 524.304 142.366 549.399 216.625 0.994919
000027 370 1224 1 504.484 138.938 520.648 180.514 0.928706
000028 370 1224 1 457.228 142.9 529.18 327.713 0.997728
000028 370 1224 1 580.405 145.867 602.172 203.784 0.996591
000028 370 1224 1 753.044 135.929 961.93 370.0 0.995098
000028 370 1224 1 525.788 140.29 550.752 216.588 0.989142
000028 370 1224 1 365.663 123.461 450.218 354.88 0.983927
000028 370 1224 2 559.289 139.256 586.65 180.045 0.871314
000029 370 1224 1 791.37 138.843 980.987 370.0 0.998948
000029 370 1224 1 465.864 127.59 559.105 350.605 0.998649
000029 370 1224 1 582.188 145.623 601.673 203.307 0.992076
000029 370 1224 1 374.985 129.366 456.559 351.068 0.991583
000029 370 1224 1 528.825 140.072 552.808 214.803 0.991124
000029 370 1224 1 474.586 142.637 490.782 181.492 0.967722
000029 370 1224 2 556.283 138.761 576.675 176.633 0.789001
000030 370 1224 1 480.867 128.18 570.249 347.883 0.998857
000030 370 1224 1 801.566 144.814 992.707 370.0 0.995845
000030 370 1224 1 584.536 145.71 602.351 204.016 0.989256
000030 370 1224 1 375.782 136.01 464.441 355.826 0.984229
000030 370 1224 1 474.307 141.612 491.211 180.09 0.923688
000030 370 1224 1 537.236 138.971 558.545 212.718 0.908743
000030 370 1224 1 495.382 139.259 511.099 181.691 0.75441
000031 370 1224 1 503.106 137.2 567.831 343.288 0.998165
000031 370 1224 1 387.625 134.328 481.864 358.738 0.995685
000031 370 1224 1 826.053 135.891 1016.6 370.0 0.993647
000031 370 1224 1 764.695 163.265 869.369 353.128 0.992215
000031 370 1224 1 584.697 145.229 601.4 203.0 0.986075
000031 370 1224 1 491.588 140.626 507.36 181.751 0.779356
000031 370 1224 1 525.444 137.771 555.267 202.004 0.767961
000031 370 1224 2 469.41 143.032 491.637 181.423 0.94118
000032 370 1224 1 750.408 155.959 843.771 364.28 0.997849
000032 370 1224 1 516.557 129.029 588.478 345.944 0.997555
000032 370 1224 1 835.925 146.912 1026.24 370.0 0.991267
000032 370 1224 1 586.845 146.72 603.763 203.239 0.987537
000032 370 1224 1 405.112 128.223 501.064 362.922 0.986275
000032 370 1224 1 523.096 135.662 543.706 203.831 0.847393
000033 370 1224 1 726.765 154.88 813.331 354.127 0.99973
000033 370 1224 1 531.785 132.321 610.582 355.024 0.999219
000033 370 1224 1 876.22 139.311 1055.1 370.0 0.992791
000033 370 1224 1 523.273 135.747 545.059 202.164 0.991766
000033 370 1224 1 429.533 128.909 512.501 353.405 0.988062
000033 370 1224 1 585.126 147.403 605.864 203.373 0.961925
000033 370 1224 2 340.831 141.68 414.53 200.025 0.760573
000034 370 1224 1 542.901 133.118 624.394 355.206 0.999421
000034 370 1224 1 901.736 137.753 1071.11 370.0 0.997966
000034 370 1224 1 708.29 154.542 806.811 354.581 0.997063
000034 370 1224 1 439.597 133.6 523.447 353.313 0.993747
000034 370 1224 1 539.429 139.809 564.568 221.57 0.983066
000034 370 1224 1 525.092 133.296 545.247 205.496 0.966733
000035 370 1224 1 554.66 129.506 639.748 364.322 0.997165
000035 370 1224 1 543.586 140.9 566.499 218.954 0.99529
000035 370 1224 1 674.445 153.83 800.656 350.964 0.994696
000035 370 1224 1 936.1 146.049 1077.8 370.0 0.992752
000035 370 1224 1 522.327 135.778 545.544 204.83 0.985179
000035 370 1224 1 457.518 132.559 531.467 353.128 0.982202
000035 370 1224 1 466.666 142.68 483.772 190.155 0.750344
000036 370 1224 1 573.939 132.256 638.273 365.217 0.997522
000036 370 1224 1 542.91 143.482 568.018 221.191 0.996109
000036 370 1224 1 950.612 127.992 1120.4 370.0 0.992946
000036 370 1224 1 660.668 161.72 765.92 341.027 0.989623
000036 370 1224 1 467.906 136.34 562.893 363.234 0.98703
000036 370 1224 2 462.527 143.824 485.359 184.189 0.962841
000037 370 1224 1 592.338 137.923 668.387 358.116 0.998769
000037 370 1224 1 978.279 138.503 1123.45 370.0 0.992589
000037 370 1224 1 479.237 121.715 574.692 362.261 0.990748
000037 370 1224 1 590.993 149.281 607.816 201.88 0.969016
000037 370 1224 1 547.982 145.101 573.98 222.58 0.884928
000037 370 1224 1 487.618 138.2 504.044 183.773 0.855729
000038 370 1224 1 604.914 149.03 704.502 363.811 0.999159
000038 370 1224 1 591.37 146.48 612.166 206.859 0.998039
000038 370 1224 1 491.581 128.618 580.028 366.132 0.994131
000038 370 1224 1 1002.57 138.485 1167.67 370.0 0.974267
000038 370 1224 1 487.948 136.877 505.047 181.732 0.952181
000038 370 1224 2 455.551 141.559 482.265 186.375 0.915107
000038 370 1224 2 507.636 141.087 528.187 179.779 0.889329
000039 370 1224 1 597.777 137.054 698.303 361.835 0.998322
000039 370 1224 1 594.935 147.413 614.2 208.099 0.997761
000039 370 1224 1 507.384 124.806 587.972 342.731 0.97844
000039 370 1224 1 1031.96 119.77 1224.0 370.0 0.971134
000039 370 1224 1 486.879 138.989 502.043 182.936 0.896263
000039 370 1224 1 522.626 133.313 549.225 212.104 0.8662
000039 370 1224 2 503.002 139.646 522.51 181.584 0.971516
000039 370 1224 2 440.707 144.151 465.16 181.096 0.85374
000040 370 1224 1 613.238 140.705 709.574 364.964 0.997322
000040 370 1224 1 519.775 124.593 605.58 359.529 0.992394
000040 370 1224 1 521.966 135.044 549.167 206.619 0.991076
000040 370 1224 1 1062.56 135.499 1224.0 370.0 0.981524
000040 370 1224 1 485.818 140.594 503.578 184.157 0.922547
000041 370 1224 1 523.059 137.016 548.911 207.964 0.999444
000041 370 1224 1 641.57 133.247 724.852 370.0 0.998111
000041 370 1224 1 532.343 127.875 651.307 365.839 0.995551
000041 370 1224 1 488.586 140.302 506.916 182.618 0.894198
000041 370 1224 1 478.84 141.538 489.582 180.461 0.791072
000041 370 1224 1 1094.17 127.526 1224.0 370.0 0.775778
000041 370 1224 1 435.567 142.687 452.714 183.179 0.7303
000042 370 1224 1 524.358 136.156 548.92 211.125 0.999531
000042 370 1224 1 661.942 130.536 741.274 370.0 0.998086
000042 370 1224 1 544.11 123.174 658.787 368.429 0.978343
000042 370 1224 1 483.833 138.749 504.129 183.601 0.907441
000043 370 1224 1 666.589 137.362 758.109 370.0 0.999338
000043 370 1224 1 524.81 136.667 550.863 210.583 0.998955
000043 370 1224 1 579.822 134.605 663.947 366.321 0.989985
000043 370 1224 1 474.794 141.322 485.9 185.696 0.921291
000043 370 1224 1 483.686 138.066 501.101 180.283 0.910026
000043 370 1224 1 457.115 142.536 470.84 183.528 0.867468
000043 370 1224 1 548.648 138.27 594.302 285.407 0.845908
000044 370 1224 1 678.155 140.601 789.831 370.0 0.99929
000044 370 1224 1 559.936 140.842 590.745 223.21 0.999011
000044 370 1224 1 503.834 137.518 589.044 343.85 0.991824
000044 370 1224 1 597.311 124.727 682.212 362.833 0.987527
000044 370 1224 1 453.959 143.066 469.738 185.29 0.984881
000044 370 1224 1 602.382 145.687 619.108 213.732 0.897032
000044 370 1224 1 419.49 142.275 436.363 186.337 0.830617
000044 370 1224 1 473.866 140.451 490.471 183.87 0.754064
000044 370 1224 2 503.749 144.96 530.528 184.858 0.963786
000044 370 1224 2 468.023 139.788 508.987 184.454 0.762041
000045 370 1224 1 563.487 142.056 592.175 226.299 0.99944
000045 370 1224 1 602.644 147.128 621.614 207.993 0.999325
000045 370 1224 1 696.724 139.132 791.802 370.0 0.998149
000045 370 1224 1 501.187 139.077 558.222 337.821 0.993236
000045 370 1224 1 452.915 142.294 467.735 185.113 0.986203
000045 370 1224 1 612.371 118.362 709.721 370.0 0.980846
000045 370 1224 1 527.218 136.652 549.945 206.17 0.970308
000045 370 1224 1 481.722 136.869 499.694 182.72 0.840804
000046 370 1224 1 526.401 138.214 552.451 208.558 0.99885
000046 370 1224 1 603.112 147.192 623.739 208.644 0.998821
000046 370 1224 1 562.128 143.63 595.379 227.191 0.996614
000046 370 1224 1 712.795 135.279 816.416 370.0 0.99498
000046 370 1224 1 450.918 146.206 466.721 185.772 0.975754
000046 370 1224 1 617.364 118.223 734.344 370.0 0.955549
000046 370 1224 1 480.564 147.612 538.952 334.617 0.935438
000046 370 1224 1 470.21 140.274 481.97 184.256 0.924576
000047 370 1224 1 525.463 135.644 554.732 210.922 0.999313
000047 370 1224 1 606.381 148.721 627.066 211.755 0.999013
000047 370 1224 1 451.032 125.337 524.997 348.159 0.997957
000047 370 1224 1 733.441 133.989 831.115 370.0 0.995248
000047 370 1224 1 567.752 143.97 599.458 228.996 0.995189
000047 370 1224 1 631.505 122.361 757.887 370.0 0.982307
000047 370 1224 1 448.959 142.134 463.374 185.588 0.912006
000047 370 1224 1 399.55 144.026 421.932 195.342 0.830709
000047 370 1224 2 499.056 145.483 524.547 186.473 0.98053
000048 370 1224 1 749.71 135.876 848.627 370.0 0.999026
000048 370 1224 1 527.342 135.49 554.534 213.588 0.998061
000048 370 1224 1 572.44 144.3 600.357 228.856 0.997319
000048 370 1224 1 425.319 143.024 515.935 340.654 0.996254
000048 370 1224 1 608.167 145.811 628.658 211.12 0.994293
000048 370 1224 1 651.642 133.514 761.806 370.0 0.984291
000048 370 1224 1 478.895 139.398 494.722 184.624 0.930116
000048 370 1224 2 495.436 146.344 521.196 186.606 0.979631
000049 370 1224 1 526.699 133.592 556.321 210.938 0.999792
000049 370 1224 1 609.654 146.66 631.703 211.49 0.996826
000049 370 1224 1 576.361 142.14 605.273 229.574 0.995991
000049 370 1224 1 412.112 130.0 495.48 340.198 0.993995
000049 370 1224 1 560.294 143.783 582.416 211.318 0.991808
000049 370 1224 1 762.042 144.082 873.796 370.0 0.984244
000049 370 1224 1 681.441 120.098 784.556 367.16 0.955774
000049 370 1224 1 477.884 139.481 491.584 185.091 0.931312
000049 370 1224 1 467.957 144.042 479.62 181.391 0.816294
000049 370 1224 1 392.655 144.895 409.286 186.059 0.702724
000049 370 1224 2 493.44 144.465 520.699 186.556 0.99442
000050 370 1224 1 526.732 133.986 556.449 211.841 0.999601
000050 370 1224 1 610.983 148.515 632.377 210.436 0.999594
000050 370 1224 1 579.491 140.794 606.461 232.9 0.998153
000050 370 1224 1 778.132 132.778 892.376 370.0 0.997437
000050 370 1224 1 562.527 144.127 582.771 212.892 0.996196
000050 370 1224 1 397.449 142.951 470.063 341.749 0.995947
000050 370 1224 1 696.148 128.384 805.778 370.0 0.995316
000050 370 1224 1 472.463 138.786 491.175 187.219 0.964385
000050 370 1224 2 488.586 145.961 516.989 185.771 0.980428
000050 370 1224 2 439.56 142.611 468.851 186.329 0.769376
000051 370 1224 1 526.397 134.404 556.919 213.505 0.999742
000051 370 1224 1 579.832 142.074 610.511 234.186 0.999526
000051 370 1224 1 562.602 145.919 583.74 215.641 0.997678
000051 370 1224 1 610.742 147.492 636.406 211.716 0.997457
000051 370 1224 1 381.103 139.603 446.558 338.366 0.997214
000051 370 1224 1 815.662 130.786 910.638 370.0 0.996846
000051 370 1224 1 703.469 121.106 831.298 370.0 0.995633
000051 370 1224 1 473.659 136.874 490.994 188.255 0.971189
000051 370 1224 2 489.739 147.177 514.031 187.391 0.938419
000051 370 1224 2 434.739 146.09 464.795 187.857 0.927536
000052 370 1224 1 529.123 134.99 556.657 215.563 0.999764
000052 370 1224 1 581.107 143.789 614.473 234.225 0.99976
000052 370 1224 1 562.454 148.198 584.534 214.34 0.998986
000052 370 1224 1 612.934 147.521 636.332 213.07 0.998434
000052 370 1224 1 836.803 139.475 931.657 370.0 0.997241
000052 370 1224 1 349.366 140.265 439.838 332.147 0.996161
000052 370 1224 1 717.627 131.898 854.659 370.0 0.99588
000052 370 1224 1 472.355 139.448 487.836 187.768 0.942823
000052 370 1224 2 484.279 147.373 512.741 188.12 0.96419
000052 370 1224 2 430.086 142.837 462.972 189.505 0.904427
000053 370 1224 1 583.932 142.652 616.042 236.023 0.999505
000053 370 1224 1 529.08 133.711 558.591 215.077 0.999405
000053 370 1224 1 561.193 144.943 586.581 218.396 0.998956
000053 370 1224 1 615.688 147.82 639.891 212.827 0.997527
000053 370 1224 1 853.553 136.729 964.13 370.0 0.996492
000053 370 1224 1 335.203 140.785 427.707 332.625 0.993915
000053 370 1224 1 733.395 124.936 873.788 370.0 0.992746
000053 370 1224 1 471.457 139.079 487.348 187.569 0.943404
000053 370 1224 1 432.801 139.913 453.755 194.349 0.725161
000053 370 1224 2 482.184 144.884 508.226 186.492 0.871437
000054 370 1224 1 586.579 139.901 620.057 237.585 0.999879
000054 370 1224 1 529.655 132.231 560.811 216.622 0.999757
000054 370 1224 1 562.331 144.842 586.76 217.48 0.999692
000054 370 1224 1 616.27 148.984 640.481 213.44 0.995121
000054 370 1224 1 870.02 126.459 991.011 370.0 0.992488
000054 370 1224 1 326.152 139.817 399.546 339.092 0.99188
000054 370 1224 1 759.526 117.015 890.778 370.0 0.973499
000054 370 1224 1 435.086 142.445 449.868 187.477 0.896429
000054 370 1224 2 470.372 143.621 505.912 185.966 0.885252
000055 370 1224 1 592.068 142.175 624.738 237.352 0.999555
000055 370 1224 1 562.835 144.695 589.102 216.883 0.999309
000055 370 1224 1 532.751 135.435 560.13 216.599 0.999058
000055 370 1224 1 306.369 135.301 385.447 334.73 0.988694
000055 370 1224 1 879.682 143.635 1033.93 370.0 0.982655
000055 370 1224 1 620.19 147.884 643.774 214.231 0.975748
000055 370 1224 1 784.603 117.432 915.852 370.0 0.962809
000055 370 1224 1 459.431 144.819 472.416 188.55 0.934096
000055 370 1224 1 434.915 142.338 449.905 189.236 0.923563
000056 370 1224 1 532.723 134.672 561.325 217.321 0.999555
000056 370 1224 1 564.345 145.722 589.495 219.298 0.999499
000056 370 1224 1 591.549 139.125 628.624 239.517 0.99909
000056 370 1224 1 287.054 129.836 372.41 332.726 0.997785
000056 370 1224 1 620.451 148.203 646.581 216.471 0.993844
000056 370 1224 1 919.338 136.487 1059.96 370.0 0.984428
000056 370 1224 1 808.236 114.616 941.444 370.0 0.974961
000056 370 1224 1 463.159 139.934 484.063 186.961 0.754361
000056 370 1224 1 433.747 141.029 449.077 185.57 0.727059
000056 370 1224 2 453.794 139.327 502.592 187.947 0.707384
000057 370 1224 1 533.723 135.859 562.447 217.808 0.999835
000057 370 1224 1 565.391 146.204 592.396 217.881 0.999593
000057 370 1224 1 597.308 143.253 636.139 238.471 0.999239
000057 370 1224 1 948.641 130.987 1085.74 370.0 0.996518
000057 370 1224 1 278.288 142.549 348.515 327.538 0.986431
000057 370 1224 1 824.557 115.938 965.197 370.0 0.962946
000057 370 1224 1 428.483 142.095 448.004 190.668 0.899174
000057 370 1224 1 417.01 142.795 430.819 182.671 0.859736
000057 370 1224 1 528.031 141.225 541.568 177.84 0.728726
000057 370 1224 2 456.761 140.765 495.946 190.426 0.945483
000058 370 1224 1 566.223 143.71 593.378 218.825 0.999377
000058 370 1224 1 536.105 135.022 566.388 218.04 0.999225
000058 370 1224 1 601.095 143.266 638.133 240.254 0.998012
000058 370 1224 1 984.821 134.823 1106.8 370.0 0.996458
000058 370 1224 1 850.417 125.27 999.815 370.0 0.99163
000058 370 1224 1 255.929 132.335 334.337 330.477 0.975929
000058 370 1224 1 526.845 142.919 539.411 177.636 0.939416
000058 370 1224 1 430.829 143.027 445.595 187.761 0.803853
000058 370 1224 2 451.133 140.107 490.408 189.685 0.895266
000059 370 1224 1 567.988 144.909 594.485 218.222 0.999515
000059 370 1224 1 539.966 136.329 567.277 218.724 0.999496
000059 370 1224 1 606.487 141.135 637.823 242.296 0.999349
000059 370 1224 1 1002.46 139.522 1139.5 370.0 0.996443
000059 370 1224 1 887.919 124.899 1038.37 370.0 0.97311
000059 370 1224 1 244.41 135.364 317.794 318.823 0.929896
000059 370 1224 1 427.26 142.589 445.102 188.179 0.916085
000059 370 1224 1 524.046 142.122 536.057 175.994 0.895249
000059 370 1224 2 449.59 141.322 492.634 191.983 0.952808
000060 370 1224 1 539.033 133.891 567.264 220.03 0.999774
000060 370 1224 1 605.963 140.222 641.549 242.988 0.999037
000060 370 1224 1 570.016 142.938 594.358 218.346 0.998699
000060 370 1224 1 1028.75 140.932 1181.22 370.0 0.98598
000060 370 1224 1 524.894 143.163 536.163 177.548 0.978998
000060 370 1224 1 918.542 117.824 1058.73 370.0 0.956129
000060 370 1224 1 402.514 143.169 420.175 187.64 0.752396
000060 370 1224 1 239.518 140.723 309.82 314.506 0.712039
000060 370 1224 2 450.861 139.609 490.256 192.834 0.961835
000060 370 1224 2 393.248 146.47 424.038 191.167 0.802767
000061 370 1224 1 537.987 133.693 570.593 219.645 0.999783
000061 370 1224 1 608.668 142.375 650.54 244.118 0.99954
000061 370 1224 1 570.367 142.436 593.329 221.905 0.998701
000061 370 1224 1 1067.75 137.1 1224.0 370.0 0.966464
000061 370 1224 1 927.237 114.624 1085.32 370.0 0.940185
000061 370 1224 1 522.73 141.195 534.929 177.111 0.882986
000061 370 1224 2 450.705 139.151 486.861 192.804 0.98129
000062 370 1224 1 610.967 144.513 656.99 245.562 0.9998
000062 370 1224 1 541.105 135.033 571.478 222.154 0.99968
000062 370 1224 1 571.647 146.42 595.946 222.128 0.999535
000062 370 1224 1 952.195 123.073 1118.53 370.0 0.988272
000062 370 1224 1 422.621 139.461 439.71 190.658 0.793008
000062 370 1224 1 1120.54 123.916 1224.0 370.0 0.745126
000062 370 1224 1 392.88 144.023 409.129 186.161 0.742299
000062 370 1224 2 443.44 139.834 483.382 193.892 0.9862
000063 370 1224 1 617.086 139.949 661.929 247.224 0.99985
000063 370 1224 1 569.222 143.281 599.825 222.542 0.999521
000063 370 1224 1 542.341 136.415 571.224 223.03 0.999168
000063 370 1224 1 995.079 109.054 1151.18 370.0 0.985966
000063 370 1224 1 422.694 143.323 437.466 185.158 0.903907
000063 370 1224 2 443.11 140.327 481.276 192.485 0.983852
000064 370 1224 1 573.651 143.481 600.902 223.224 0.999868
000064 370 1224 1 623.216 140.232 665.644 249.117 0.999837
000064 370 1224 1 541.946 136.108 571.548 221.628 0.998532
000064 370 1224 1 1007.88 112.365 1224.0 370.0 0.982702
000064 370 1224 1 516.478 142.586 529.33 176.486 0.952236
000064 370 1224 2 439.267 140.002 479.837 194.242 0.986949
000065 370 1224 1 541.751 132.158 573.939 222.924 0.999882
000065 370 1224 1 625.927 138.742 670.537 251.601 0.999835
000065 370 1224 1 574.513 144.934 602.532 223.8 0.999723
000065 370 1224 1 1068.88 104.43 1224.0 370.0 0.973918
000065 370 1224 1 417.645 142.268 434.417 187.404 0.964418
000065 370 1224 1 517.497 144.689 528.956 176.798 0.956539
000065 370 1224 2 438.806 141.176 473.574 195.171 0.941769
000065 370 1224 2 366.609 144.308 407.412 193.464 0.72183
000066 370 1224 1 575.909 145.077 606.538 224.721 0.999828
000066 370 1224 1 627.978 142.446 676.0 254.289 0.999752
000066 370 1224 1 547.266 133.053 575.313 226.026 0.999395
000066 370 1224 1 415.561 140.757 432.528 183.544 0.985213
000066 370 1224 1 514.536 143.433 526.074 178.927 0.946862
000066 370 1224 2 437.805 139.588 472.535 194.592 0.971089
000067 370 1224 1 577.323 145.844 608.36 223.837 0.999878
000067 370 1224 1 545.845 133.235 577.305 225.25 0.999828
000067 370 1224 1 633.914 143.47 679.98 253.07 0.99978
000067 370 1224 1 415.865 140.589 430.175 185.403 0.972548
000067 370 1224 1 512.901 140.828 525.621 179.514 0.843348
000067 370 1224 1 369.11 141.278 389.918 195.397 0.795298
000067 370 1224 2 435.332 140.284 467.339 198.405 0.971055
000067 370 1224 2 507.488 143.085 530.861 178.716 0.705506
000068 370 1224 1 641.268 140.967 684.799 259.661 0.999778
000068 370 1224 1 544.97 135.559 576.235 226.415 0.999752
000068 370 1224 1 580.875 143.761 611.196 225.435 0.999656
000068 370 1224 1 511.157 142.183 524.725 178.692 0.870456
000068 370 1224 2 430.536 139.724 468.18 191.747 0.959422
000069 370 1224 1 584.093 144.973 612.596 226.307 0.999777
000069 370 1224 1 648.169 141.856 688.736 256.917 0.999667
000069 370 1224 1 547.105 135.825 577.333 226.536 0.999283
000069 370 1224 2 432.798 138.92 464.982 192.417 0.933208
000069 370 1224 2 504.838 143.929 525.859 179.145 0.819652
000070 370 1224 1 648.774 142.02 695.092 258.468 0.99982
000070 370 1224 1 586.911 145.548 617.177 227.37 0.999683
000070 370 1224 1 548.77 132.408 578.504 224.67 0.99882
000070 370 1224 1 508.013 141.016 521.599 178.731 0.856561
000071 370 1224 1 652.189 143.975 704.464 263.213 0.999873
000071 370 1224 1 586.77 145.316 618.098 226.596 0.999845
000071 370 1224 1 548.572 129.638 580.463 226.573 0.999335
000071 370 1224 1 506.826 142.083 520.794 178.23 0.980047
000071 370 1224 1 434.685 139.945 457.561 190.898 0.799768
000071 370 1224 2 424.731 141.565 462.949 192.663 0.73666
000072 370 1224 1 659.673 145.853 707.823 265.25 0.999819
000072 370 1224 1 591.721 145.363 620.782 228.762 0.999747
000072 370 1224 1 547.951 131.992 580.556 225.933 0.998501
000072 370 1224 1 503.852 141.636 519.001 178.655 0.773769
000072 370 1224 1 431.036 140.541 453.258 190.327 0.744779
000072 370 1224 2 501.492 142.268 521.373 177.901 0.941984
000073 370 1224 1 591.901 145.35 625.231 229.567 0.999862
000073 370 1224 1 550.356 131.16 582.159 230.802 0.999234
000073 370 1224 1 668.309 143.614 711.288 262.762 0.998637
000073 370 1224 1 502.862 142.551 518.69 180.034 0.846312
000073 370 1224 1 535.117 145.804 548.049 182.359 0.743707
000073 370 1224 1 431.15 135.535 454.13 190.12 0.729325
000074 370 1224 1 596.481 143.604 629.452 230.052 0.999863
000074 370 1224 1 676.807 142.233 723.342 269.819 0.999659
000074 370 1224 1 659.392 147.871 683.985 223.848 0.997662
000074 370 1224 1 548.672 131.625 583.349 230.051 0.996437
000074 370 1224 1 500.529 143.011 515.554 180.607 0.936139
000074 370 1224 1 416.018 148.267 431.914 190.588 0.874976
000074 370 1224 1 431.245 136.717 449.971 189.756 0.81229
000075 370 1224 1 596.818 145.501 634.965 229.276 0.999796
000075 370 1224 1 677.588 142.069 731.549 271.015 0.999593
000075 370 1224 1 548.387 130.071 583.975 230.277 0.999524
000075 370 1224 1 664.043 149.069 686.432 223.771 0.996808
000075 370 1224 1 498.431 144.966 513.599 180.298 0.966254
000075 370 1224 1 528.765 149.296 538.002 179.399 0.848962
000075 370 1224 1 428.362 140.056 447.422 189.542 0.731299
000076 370 1224 1 598.404 143.774 638.1 231.899 0.999967
000076 370 1224 1 680.628 145.189 739.018 274.18 0.999829
000076 370 1224 1 550.953 129.411 586.014 232.442 0.999662
000076 370 1224 1 664.152 148.536 693.246 228.826 0.999075
000076 370 1224 1 496.731 143.641 511.55 177.955 0.984106
000076 370 1224 1 526.391 149.628 536.336 180.161 0.872201
000076 370 1224 1 428.355 137.077 447.622 190.227 0.767558
000077 370 1224 1 604.121 146.037 639.814 230.385 0.999947
000077 370 1224 1 691.323 145.713 746.168 277.699 0.999723
000077 370 1224 1 666.425 147.202 696.349 229.533 0.998951
000077 370 1224 1 552.64 130.582 587.48 233.359 0.998943
000077 370 1224 1 495.276 143.07 509.495 181.668 0.924282
000077 370 1224 1 519.644 144.956 536.736 181.491 0.902505
000077 370 1224 1 423.162 139.238 449.18 195.629 0.840302
000078 370 1224 1 699.456 143.548 749.437 277.543 0.999932
000078 370 1224 1 552.054 132.355 591.321 234.25 0.999882
000078 370 1224 1 608.672 143.523 639.679 231.241 0.999563
000078 370 1224 1 669.845 147.02 696.707 229.664 0.999019
000078 370 1224 1 518.023 148.614 534.079 181.142 0.960399
000078 370 1224 1 421.658 138.348 448.222 191.089 0.925006
000079 370 1224 1 709.413 143.069 755.435 281.111 0.999849
000079 370 1224 1 610.42 144.923 644.575 229.776 0.999781
000079 370 1224 1 554.906 132.091 589.846 239.093 0.999681
000079 370 1224 1 671.042 149.863 698.601 230.334 0.999002
000079 370 1224 1 516.906 149.06 529.18 181.844 0.952129
000079 370 1224 1 490.975 142.763 506.777 180.28 0.916715
000079 370 1224 1 421.049 138.451 442.853 193.723 0.915517
000079 370 1224 1 391.771 144.196 413.858 190.152 0.779241
000080 370 1224 1 712.772 144.601 763.657 284.644 0.999912
000080 370 1224 1 555.807 129.136 592.272 239.416 0.999778
000080 370 1224 1 613.213 144.527 646.009 235.492 0.999768
000080 370 1224 1 672.296 150.832 701.594 231.789 0.999653
000080 370 1224 1 419.367 139.976 440.768 190.03 0.938194
000080 370 1224 1 515.099 145.978 528.183 181.224 0.91898
000080 370 1224 1 395.574 147.512 411.713 187.602 0.914301
000080 370 1224 1 489.5 144.751 504.392 181.796 0.776016
000080 370 1224 2 487.101 144.525 507.139 182.33 0.785194
000081 370 1224 1 713.349 147.405 774.228 286.436 0.999948
000081 370 1224 1 675.765 150.201 705.53 231.003 0.999763
000081 370 1224 1 613.523 145.659 648.776 237.319 0.999567
000081 370 1224 1 556.617 130.032 595.538 237.914 0.999141
000081 370 1224 1 418.215 136.536 440.198 190.188 0.93262
000081 370 1224 1 511.736 149.295 523.288 181.222 0.927679
000081 370 1224 1 489.097 143.038 503.759 182.073 0.917379
000082 370 1224 1 678.353 148.774 708.899 232.876 0.999935
000082 370 1224 1 721.197 147.995 782.023 289.471 0.999908
000082 370 1224 1 614.796 145.003 653.566 238.588 0.999301
000082 370 1224 1 558.311 129.012 598.362 239.958 0.998806
000082 370 1224 1 506.481 147.205 522.329 181.516 0.96865
000082 370 1224 1 417.23 141.181 433.372 191.891 0.960651
000082 370 1224 1 488.939 140.97 501.498 180.592 0.840249
000082 370 1224 1 385.948 144.891 404.835 193.981 0.778931
000083 370 1224 1 679.569 150.557 712.708 233.235 0.999825
000083 370 1224 1 734.361 145.517 789.227 286.434 0.999779
000083 370 1224 1 618.328 145.302 655.551 234.181 0.999496
000083 370 1224 1 559.926 129.179 599.369 240.999 0.998573
000083 370 1224 1 485.598 143.405 498.862 182.407 0.973747
000083 370 1224 1 413.397 136.804 433.012 196.233 0.959946
000083 370 1224 1 506.174 148.742 522.268 180.994 0.942667
000084 370 1224 1 739.801 141.919 800.1 294.735 0.999876
000084 370 1224 1 621.163 144.455 661.134 239.206 0.999678
000084 370 1224 1 683.144 146.631 714.687 236.529 0.999532
000084 370 1224 1 560.72 130.435 601.094 245.012 0.996707
000084 370 1224 1 412.548 138.678 433.088 192.661 0.946029
000084 370 1224 1 482.608 143.27 496.649 181.238 0.944437
000084 370 1224 1 506.484 150.797 516.343 180.847 0.90769
000085 370 1224 1 743.987 145.565 810.269 296.55 0.99992
000085 370 1224 1 687.113 148.499 718.71 235.434 0.99983
000085 370 1224 1 624.403 141.701 662.693 242.774 0.999784
000085 370 1224 1 564.649 131.548 604.31 244.142 0.997418
000085 370 1224 1 478.806 145.568 493.108 181.963 0.972917
000086 370 1224 1 688.9 148.03 723.954 236.388 0.999922
000086 370 1224 1 625.751 148.27 662.178 240.36 0.999912
000086 370 1224 1 748.393 148.489 818.862 303.3 0.999904
000086 370 1224 1 564.825 127.684 607.599 245.407 0.99879
000086 370 1224 1 477.651 143.505 491.356 182.625 0.994488
000086 370 1224 1 501.295 146.497 513.928 182.774 0.94186
000086 370 1224 1 408.043 138.05 431.209 197.759 0.906874
000087 370 1224 1 761.229 147.956 826.007 304.726 0.999724
000087 370 1224 1 571.125 126.212 611.069 247.321 0.999667
000087 370 1224 1 629.678 146.723 669.815 242.251 0.99957
000087 370 1224 1 693.473 147.712 725.806 236.538 0.99954
000087 370 1224 1 497.776 147.855 510.512 182.529 0.948082
000087 370 1224 1 473.669 142.637 489.556 182.746 0.859066
000087 370 1224 1 408.614 139.427 428.301 195.443 0.759834
000088 370 1224 1 773.563 143.815 829.979 310.769 0.999564
000088 370 1224 1 695.561 149.123 731.054 239.201 0.999545
000088 370 1224 1 574.017 128.563 612.67 249.384 0.999451
000088 370 1224 1 631.411 146.238 670.389 242.617 0.998274
000088 370 1224 1 494.403 149.579 510.47 183.59 0.973176
000088 370 1224 1 473.218 142.855 485.86 181.826 0.949182
000088 370 1224 1 403.385 140.182 422.446 197.227 0.87629
000088 370 1224 1 370.123 140.58 393.097 198.754 0.779304
000088 370 1224 2 467.829 145.02 490.812 183.403 0.745431
000089 370 1224 1 779.92 141.739 842.142 316.748 0.999943
000089 370 1224 1 697.411 149.207 734.588 240.018 0.999487
000089 370 1224 1 576.116 131.013 616.006 251.89 0.999289
000089 370 1224 1 633.315 146.281 672.403 244.946 0.999106
000089 370 1224 1 494.429 147.646 507.099 182.104 0.879642
000089 370 1224 1 369.182 146.324 388.252 188.539 0.878754
000089 370 1224 2 467.645 144.029 488.152 181.786 0.941633
000090 370 1224 1 784.813 149.169 855.722 312.416 0.999864
000090 370 1224 1 702.461 150.424 738.07 240.027 0.99948
000090 370 1224 1 577.211 131.874 617.473 255.151 0.999295
000090 370 1224 1 633.542 147.839 673.316 247.198 0.998735
000090 370 1224 1 469.224 144.738 483.704 181.883 0.980121
000090 370 1224 1 489.785 145.543 503.811 181.875 0.884675
000090 370 1224 1 399.427 139.115 418.524 196.324 0.776896
000091 370 1224 1 791.809 144.364 873.256 320.533 0.999861
000091 370 1224 1 706.345 151.512 740.907 239.719 0.99983
000091 370 1224 1 635.5 147.91 673.838 249.138 0.999134
000091 370 1224 1 579.329 131.13 622.387 251.388 0.999109
000091 370 1224 1 488.596 147.221 502.406 182.321 0.967263
000091 370 1224 1 466.363 147.07 480.82 182.939 0.918078
000091 370 1224 1 397.208 137.58 417.609 193.299 0.743915
000092 370 1224 1 709.759 150.039 748.934 241.342 0.999916
000092 370 1224 1 807.208 147.345 881.392 323.511 0.999846
000092 370 1224 1 634.47 148.292 674.874 249.65 0.998823
000092 370 1224 1 582.8 127.011 628.317 257.092 0.998366
000092 370 1224 1 395.532 139.155 412.609 185.215 0.948427
000092 370 1224 1 487.799 148.154 499.436 183.184 0.941931
000092 370 1224 1 463.667 148.014 478.08 183.459 0.922455
000093 370 1224 1 713.297 150.728 752.697 244.783 0.99985
000093 370 1224 1 828.589 144.891 896.69 323.538 0.999787
000093 370 1224 1 638.105 146.252 679.191 254.745 0.999657
000093 370 1224 1 583.889 128.726 627.909 257.015 0.998972
000093 370 1224 1 485.672 149.48 499.267 184.036 0.995889
000093 370 1224 1 462.5 143.953 475.878 183.816 0.980984
000093 370 1224 1 391.6 139.467 412.918 190.392 0.92306
000093 370 1224 1 438.223 145.953 453.371 187.632 0.712228
000093 370 1224 2 542.736 138.355 573.698 178.42 0.776516
000094 370 1224 1 835.743 146.037 911.748 335.311 0.999733
000094 370 1224 1 718.866 148.591 755.472 243.473 0.999649
000094 370 1224 1 638.58 146.03 679.992 252.775 0.999548
000094 370 1224 1 585.923 131.763 635.802 255.564 0.998429
000094 370 1224 1 483.846 149.467 494.926 183.262 0.976461
000094 370 1224 1 461.533 144.512 474.552 182.637 0.931084
000094 370 1224 2 538.752 141.678 569.609 178.043 0.990522
000094 370 1224 2 436.313 146.72 457.787 193.312 0.764356
000095 370 1224 1 836.38 150.784 930.186 334.718 0.999836
000095 370 1224 1 723.526 149.123 761.427 246.636 0.999835
000095 370 1224 1 642.609 145.92 681.76 257.905 0.999805
000095 370 1224 1 588.227 132.975 637.371 258.02 0.997418
000095 370 1224 1 481.828 146.915 494.106 183.683 0.93092
000095 370 1224 1 549.226 139.907 564.405 178.888 0.920695
000095 370 1224 1 444.874 146.163 459.694 184.654 0.903931
000095 370 1224 1 457.585 144.701 471.929 184.209 0.832021
000095 370 1224 2 540.723 140.642 570.916 178.409 0.784176
000096 370 1224 1 643.909 148.242 683.123 260.481 0.999956
000096 370 1224 1 726.764 148.932 765.439 247.317 0.999858
000096 370 1224 1 848.459 148.719 947.881 340.626 0.999837
000096 370 1224 1 588.883 132.742 641.086 261.67 0.996954
000096 370 1224 1 480.363 147.667 490.817 184.853 0.96628
000096 370 1224 1 548.238 139.196 564.115 178.84 0.959102
000096 370 1224 2 539.984 140.49 568.652 179.414 0.755966
000097 370 1224 1 871.418 151.358 957.146 342.1 0.999699
000097 370 1224 1 643.872 150.307 687.379 260.373 0.999537
000097 370 1224 1 596.82 128.853 640.017 257.38 0.999271
000097 370 1224 1 731.592 150.731 768.25 245.522 0.998828
000097 370 1224 1 475.59 148.7 488.58 183.017 0.985631
000097 370 1224 1 450.29 144.223 467.077 183.81 0.945659
000097 370 1224 1 547.738 139.939 564.676 179.376 0.927473
000097 370 1224 2 538.959 141.958 567.591 179.245 0.982227
000098 370 1224 1 893.011 143.028 963.036 347.498 0.99986
000098 370 1224 1 645.045 145.97 690.352 262.645 0.999745
000098 370 1224 1 732.854 151.084 775.35 249.265 0.999691
000098 370 1224 1 601.871 129.505 648.216 265.97 0.999009
000098 370 1224 1 548.653 139.145 565.212 180.353 0.992676
000098 370 1224 1 473.937 151.635 488.89 184.368 0.948385
000099 370 1224 1 902.709 146.008 986.993 358.492 0.999967
000099 370 1224 1 604.623 128.367 647.436 270.194 0.999769
000099 370 1224 1 648.738 147.112 693.444 263.52 0.99972
000099 370 1224 1 735.991 153.593 781.286 253.075 0.999514
000099 370 1224 1 549.142 138.825 564.44 181.192 0.969586
000099 370 1224 1 472.318 149.951 484.968 183.851 0.946426
000099 370 1224 1 455.309 145.595 469.941 185.66 0.920448
000100 370 1224 1 905.093 145.915 1015.58 357.794 0.999792
000100 370 1224 1 602.602 132.335 654.521 268.812 0.999726
000100 370 1224 1 649.948 147.897 693.496 265.8 0.999359
000100 370 1224 1 743.29 151.734 785.059 250.807 0.999321
000100 370 1224 1 462.59 143.847 479.535 183.069 0.954994
000100 370 1224 1 445.257 142.151 458.295 183.098 0.753789
000101 370 1224 1 921.12 150.181 1037.66 357.148 0.999929
000101 370 1224 1 747.746 149.37 790.365 256.171 0.999839
000101 370 1224 1 605.528 132.224 655.595 272.159 0.999726
000101 370 1224 1 652.174 147.16 695.148 267.879 0.99919
000101 370 1224 1 463.446 145.675 479.913 186.475 0.976645
000101 370 1224 1 443.351 145.735 457.904 183.325 0.916336
000101 370 1224 1 369.092 139.043 392.443 194.68 0.860675
000102 370 1224 1 752.651 151.832 794.728 252.147 0.99981
000102 370 1224 1 952.022 150.56 1048.52 354.036 0.999757
000102 370 1224 1 607.733 128.727 660.194 270.314 0.999701
000102 370 1224 1 659.218 148.822 702.516 270.464 0.998804
000102 370 1224 1 464.16 145.755 479.73 187.361 0.993756
000102 370 1224 1 439.641 145.837 454.827 184.641 0.961276
000103 370 1224 1 664.671 146.064 708.933 270.222 0.999899
000103 370 1224 1 982.194 141.432 1068.86 356.93 0.999787
000103 370 1224 1 757.182 151.064 802.942 256.531 0.9997
000103 370 1224 1 609.383 127.408 666.096 278.671 0.998454
000103 370 1224 1 464.481 146.244 479.624 186.671 0.984741
000103 370 1224 1 437.058 145.535 452.307 184.197 0.981169
000103 370 1224 1 368.167 140.773 388.02 190.454 0.77382
000104 370 1224 1 663.396 148.117 715.307 274.554 0.999942
000104 370 1224 1 765.135 150.932 805.271 256.725 0.999628
000104 370 1224 1 989.712 140.649 1101.64 370.0 0.999592
000104 370 1224 1 615.389 126.872 664.711 279.994 0.994716
000104 370 1224 1 435.661 144.425 451.08 184.947 0.951322
000104 370 1224 1 548.692 138.996 562.849 179.362 0.738169
000104 370 1224 1 467.18 145.327 481.141 185.752 0.701438
000105 370 1224 1 668.887 150.211 720.942 277.055 0.999902
000105 370 1224 1 768.936 150.888 811.78 262.591 0.999899
000105 370 1224 1 999.287 144.918 1130.56 365.192 0.999245
000105 370 1224 1 616.608 130.572 672.609 281.111 0.998263
000105 370 1224 1 473.522 144.72 485.265 183.798 0.931797
000105 370 1224 1 547.952 140.904 563.68 179.939 0.927578
000105 370 1224 1 458.118 148.523 469.952 184.909 0.818099
000105 370 1224 2 538.112 141.185 568.438 180.873 0.930062
000106 370 1224 1 675.962 150.657 724.032 278.498 0.999919
000106 370 1224 1 774.089 150.124 816.405 261.669 0.999877
000106 370 1224 1 1045.95 148.156 1153.19 368.337 0.999384
000106 370 1224 1 626.013 126.865 669.212 282.096 0.991957
000106 370 1224 1 546.095 139.791 564.462 181.734 0.967194
000106 370 1224 1 430.806 145.363 446.83 188.201 0.918628
000106 370 1224 1 476.02 145.335 490.533 186.089 0.876259
000106 370 1224 2 345.403 142.675 390.921 194.893 0.731755
000107 370 1224 1 678.862 148.709 729.017 279.749 0.999928
000107 370 1224 1 780.598 151.257 824.018 263.847 0.999796
000107 370 1224 1 1069.32 149.112 1178.5 370.0 0.999234
000107 370 1224 1 625.668 125.918 670.053 284.458 0.983333
000107 370 1224 1 428.315 145.479 444.501 187.203 0.972247
000107 370 1224 1 546.468 140.023 563.198 181.232 0.954822
000107 370 1224 1 476.894 145.427 493.155 186.063 0.939663
000107 370 1224 1 453.779 150.153 465.46 185.369 0.88627
000108 370 1224 1 785.365 153.148 830.977 267.945 0.99988
000108 370 1224 1 680.826 146.848 733.115 288.971 0.999631
000108 370 1224 1 1095.01 138.764 1195.84 370.0 0.999323
000108 370 1224 1 616.845 130.38 682.136 289.594 0.987267
000108 370 1224 1 424.848 145.672 441.474 185.361 0.975373
000108 370 1224 1 448.736 149.903 463.709 184.739 0.965549
000108 370 1224 1 545.475 139.092 563.062 179.295 0.912703
000108 370 1224 2 341.187 140.964 384.362 196.416 0.8016
000108 370 1224 2 537.264 141.067 573.407 181.709 0.765646
000109 370 1224 1 789.885 151.319 837.822 268.201 0.999907
000109 370 1224 1 684.485 149.335 739.7 289.964 0.999852
000109 370 1224 1 1104.67 147.755 1224.0 370.0 0.999704
000109 370 1224 1 628.724 129.707 677.803 292.028 0.999651
000109 370 1224 1 424.718 144.798 440.157 185.859 0.962188
000109 370 1224 1 547.674 141.25 562.73 181.497 0.929314
000109 370 1224 1 484.184 144.147 498.169 184.009 0.884142
000109 370 1224 1 446.639 148.595 461.092 187.13 0.737297
000110 370 1224 1 686.016 150.931 742.54 291.245 0.999883
000110 370 1224 1 796.678 152.215 841.829 268.143 0.999738
000110 370 1224 1 629.093 129.876 681.897 294.662 0.999204
000110 370 1224 1 422.927 146.006 437.502 185.382 0.988928
000110 370 1224 1 547.367 141.234 562.873 181.009 0.968995
000110 370 1224 1 1115.47 144.461 1224.0 370.0 0.927813
000110 370 1224 1 488.833 143.795 501.074 182.29 0.704834
000111 370 1224 1 800.872 149.906 850.145 270.676 0.999909
000111 370 1224 1 691.643 152.819 747.317 293.369 0.999501
000111 370 1224 1 631.908 135.614 686.789 293.95 0.998841
000111 370 1224 1 420.304 144.855 435.447 184.809 0.970087
000111 370 1224 1 489.52 144.848 503.124 186.561 0.790289
000112 370 1224 1 696.094 150.055 754.758 297.334 0.999965
000112 370 1224 1 804.849 152.802 859.005 271.168 0.999875
000112 370 1224 1 634.797 129.559 694.418 303.417 0.998732
000112 370 1224 1 418.078 144.886 433.331 187.106 0.98073
000112 370 1224 1 490.701 145.533 508.484 185.282 0.86374
000113 370 1224 1 701.083 148.685 761.278 297.85 0.999833
000113 370 1224 1 809.831 153.927 866.492 272.211 0.999714
000113 370 1224 1 638.686 129.296 695.204 304.481 0.999686
000113 370 1224 1 416.507 146.049 431.395 186.123 0.989211
000113 370 1224 1 492.56 145.281 509.535 185.818 0.816517
000114 370 1224 1 704.082 152.771 768.934 298.846 0.999762
000114 370 1224 1 822.54 153.018 872.319 275.542 0.999636
000114 370 1224 1 641.558 123.435 701.189 307.02 0.997985
000114 370 1224 1 413.642 146.581 429.613 187.343 0.981587
000115 370 1224 1 827.767 152.9 880.801 281.184 0.999957
000115 370 1224 1 709.237 153.081 773.559 303.324 0.999901
000115 370 1224 1 636.205 133.941 707.919 300.342 0.995365
000115 370 1224 1 413.305 145.336 427.215 188.903 0.974349
000115 370 1224 1 431.921 151.15 445.302 186.564 0.757677
000116 370 1224 1 718.475 155.887 780.789 307.544 0.999913
000116 370 1224 1 831.744 152.463 890.214 281.613 0.999739
000116 370 1224 1 642.053 133.544 714.143 313.076 0.999332
000116 370 1224 1 501.779 144.612 517.897 184.859 0.961113
000116 370 1224 1 409.778 147.178 424.725 188.126 0.939765
000116 370 1224 1 552.467 139.333 567.373 182.676 0.813872
000117 370 1224 1 721.31 152.769 784.303 315.369 0.999976
000117 370 1224 1 840.02 156.781 899.894 283.22 0.999746
000117 370 1224 1 645.605 133.822 717.353 318.381 0.998449
000117 370 1224 1 504.123 144.813 521.751 183.939 0.961756
000118 370 1224 1 725.084 156.596 789.331 316.35 0.999914
000118 370 1224 1 850.652 156.284 909.226 287.853 0.999899
000118 370 1224 1 657.09 133.849 724.104 320.562 0.999153
000118 370 1224 1 402.556 145.846 420.84 188.124 0.981887
000118 370 1224 1 421.309 149.148 439.576 192.367 0.807948
000118 370 1224 1 507.128 145.628 522.373 183.627 0.773672
000119 370 1224 1 858.29 157.113 914.496 287.608 0.999857
000119 370 1224 1 729.308 159.782 791.997 321.626 0.999759
000119 370 1224 1 668.987 126.566 725.86 332.841 0.999211
000119 370 1224 1 400.055 144.631 417.835 192.319 0.957886
000119 370 1224 1 418.68 150.161 435.043 188.175 0.769843
000120 370 1224 1 868.559 153.22 926.696 287.015 0.999732
000120 370 1224 1 733.561 163.648 796.521 324.266 0.999502
000120 370 1224 1 668.148 133.174 734.291 327.863 0.999467
000120 370 1224 1 398.828 146.069 416.621 186.151 0.988298
000120 370 1224 1 418.397 149.252 432.168 186.918 0.933519
000120 370 1224 1 516.731 142.302 528.325 183.034 0.877498
000120 370 1224 1 556.164 140.311 568.86 182.129 0.869643
000121 370 1224 1 878.972 154.117 938.546 287.35 0.999907
000121 370 1224 1 666.8 137.316 745.432 332.728 0.999615
000121 370 1224 1 734.282 154.466 801.599 338.675 0.999207
000121 370 1224 1 396.292 146.679 414.107 185.499 0.983125
000121 370 1224 1 416.713 149.993 429.477 187.071 0.916786
000121 370 1224 1 556.865 140.772 569.34 183.0 0.731585
000122 370 1224 1 744.49 157.735 813.583 336.35 0.999819
000122 370 1224 1 884.835 156.75 951.808 292.756 0.999628
000122 370 1224 1 673.174 134.394 748.652 336.762 0.999173
000122 370 1224 1 395.461 147.301 411.695 186.582 0.97713
000122 370 1224 1 518.293 146.12 533.218 183.149 0.718194
000123 370 1224 1 898.147 156.553 963.228 295.591 0.999554
000123 370 1224 1 746.279 159.225 821.891 338.529 0.999434
000123 370 1224 1 684.464 133.703 758.652 336.342 0.999083
000123 370 1224 1 395.064 147.252 406.94 184.749 0.956936
000124 370 1224 1 750.378 162.684 835.667 343.542 0.999676
000124 370 1224 1 691.86 128.193 766.363 338.596 0.999464
000124 370 1224 1 908.832 154.344 969.69 304.956 0.99871
000124 370 1224 1 392.724 146.525 406.681 185.213 0.922905
000124 370 1224 1 557.614 140.43 569.483 181.867 0.907044
000125 370 1224 1 763.619 160.875 840.467 350.561 0.999637
000125 370 1224 1 689.937 131.743 775.248 333.787 0.998746
000125 370 1224 1 920.379 153.178 981.617 288.714 0.998377
000125 370 1224 1 391.66 146.214 406.407 188.308 0.920014
000126 370 1224 1 772.99 161.486 849.49 353.089 0.999973
000126 370 1224 1 927.713 154.165 1002.88 312.021 0.998692
000126 370 1224 1 700.078 128.318 787.193 356.297 0.995548
000126 370 1224 1 530.883 143.557 542.832 183.376 0.863084
000126 370 1224 1 389.402 146.311 403.091 185.838 0.709037
000127 370 1224 1 780.399 153.756 857.287 354.81 0.999937
000127 370 1224 1 937.872 160.67 1016.97 314.529 0.999505
000127 370 1224 1 698.721 136.098 787.451 358.885 0.995921
000127 370 1224 1 385.901 146.267 399.948 188.892 0.714931
000128 370 1224 1 788.364 156.826 865.138 364.965 0.999762
000128 370 1224 1 958.856 159.703 1029.93 306.964 0.996268
000128 370 1224 1 713.062 131.423 797.355 344.994 0.991939
000128 370 1224 1 383.054 149.114 398.832 189.095 0.935797
000128 370 1224 1 398.05 150.414 417.4 196.097 0.723682
000129 370 1224 1 796.285 162.998 875.637 370.0 0.999868
000129 370 1224 1 721.998 130.611 803.23 356.023 0.999103
000129 370 1224 1 970.31 158.137 1034.39 314.844 0.993641
000129 370 1224 1 381.516 146.455 394.809 186.948 0.793577
000130 370 1224 1 807.921 162.242 887.809 368.986 0.999905
000130 370 1224 1 976.047 155.008 1051.56 318.173 0.998206
000130 370 1224 1 730.757 123.848 810.124 359.201 0.993794
000130 370 1224 1 539.089 142.842 553.592 181.938 0.807831
000131 370 1224 1 822.628 158.436 900.282 370.0 0.99963
000131 370 1224 1 988.486 154.271 1076.08 318.606 0.997616
000131 370 1224 1 739.265 124.391 820.635 349.569 0.985561
000131 370 1224 1 542.343 141.322 554.841 180.057 0.759071
000132 370 1224 1 820.713 148.707 922.669 370.0 0.999001
000132 370 1224 1 1006.13 153.886 1086.73 323.042 0.997778
000132 370 1224 1 742.298 128.315 836.182 359.498 0.994672
000133 370 1224 1 1026.56 155.767 1102.64 331.185 0.998126
000133 370 1224 1 821.168 154.899 946.232 370.0 0.995028
000133 370 1224 1 760.325 122.252 848.711 369.004 0.974509
000134 370 1224 1 756.938 121.542 858.648 370.0 0.999549
000134 370 1224 1 1041.34 154.87 1113.7 330.684 0.997502
000134 370 1224 1 846.45 157.721 970.939 370.0 0.997315
000135 370 1224 1 875.487 163.921 974.149 370.0 0.999841
000135 370 1224 1 775.831 121.883 870.954 370.0 0.999381
000135 370 1224 1 1043.22 153.721 1139.39 345.896 0.998905
000135 370 1224 1 555.477 140.635 569.059 182.463 0.893345
000135 370 1224 1 383.902 149.456 399.377 189.569 0.839911
000136 370 1224 1 889.578 159.613 985.404 370.0 0.999807
000136 370 1224 1 1069.49 160.605 1160.44 334.332 0.999041
000136 370 1224 1 769.043 115.696 888.966 370.0 0.998222
000136 370 1224 1 556.281 139.627 569.577 183.272 0.932067
000137 370 1224 1 895.668 158.867 1008.05 370.0 0.999768
000137 370 1224 1 1083.39 161.641 1184.79 343.153 0.989464
000137 370 1224 1 773.388 118.841 907.591 370.0 0.984228
000138 370 1224 1 895.133 166.83 1038.24 370.0 0.999698
000138 370 1224 1 1102.77 150.981 1191.95 356.691 0.996338
000138 370 1224 1 795.326 119.668 915.9 370.0 0.995928
000139 370 1224 1 924.303 165.944 1058.79 370.0 0.999776
000139 370 1224 1 1119.96 154.542 1220.67 344.033 0.999223
000139 370 1224 1 805.737 118.602 924.812 370.0 0.98494
000139 370 1224 1 368.378 144.496 392.43 195.142 0.798334
000140 370 1224 1 817.77 123.232 944.937 370.0 0.999537
000140 370 1224 1 947.488 156.051 1083.37 370.0 0.993055
000140 370 1224 1 1130.73 157.119 1224.0 350.453 0.98211
000141 370 1224 1 978.842 159.414 1109.59 370.0 0.997826
000141 370 1224 1 838.073 108.175 961.535 370.0 0.997549
000142 370 1224 1 851.428 117.501 982.427 370.0 0.996237
000142 370 1224 1 999.013 155.368 1118.9 370.0 0.99526
000143 370 1224 1 1027.24 158.024 1153.15 370.0 0.994973
000143 370 1224 1 871.744 114.253 1017.97 370.0 0.983932
000144 370 1224 1 1052.72 160.334 1215.55 370.0 0.994279
000144 370 1224 1 895.477 113.268 1034.32 370.0 0.97727
