000000 370 1224 1 479.941 164.395 517.547 192.628 0.99936
000000 370 1224 1 1037.73 156.417 1184.23 210.859 0.627555
000001 370 1224 1 479.437 164.715 516.268 192.249 0.999584
000001 370 1224 1 1050.51 156.357 1162.01 209.084 0.796282
000002 370 1224 1 479.652 165.245 515.033 192.41 0.998971
000002 370 1224 1 1049.93 157.091 1166.13 212.709 0.69405
000003 370 1224 1 479.671 165.115 515.954 192.672 0.99917
000004 370 1224 1 480.004 165.302 516.721 193.152 0.992357
000004 370 1224 1 1050.8 156.888 1179.11 212.554 0.533864
000005 370 1224 1 479.549 164.497 519.186 193.121 0.994939
000006 370 1224 1 479.344 165.646 517.121 193.632 0.99638
000007 370 1224 1 481.281 167.065 518.708 195.39 0.997368
000007 370 1224 1 1050.63 157.094 1196.77 213.176 0.711036
000008 370 1224 1 480.397 167.818 517.318 195.959 0.999665
000008 370 1224 1 514.757 169.093 560.429 188.483 0.806736
000009 370 1224 1 480.26 167.316 520.656 195.758 0.9997
000009 370 1224 1 517.914 167.396 562.455 187.38 0.799145
000009 370 1224 1 1051.45 158.089 1195.55 213.789 0.516332
000010 370 1224 1 481.772 167.373 520.078 195.111 0.999616
000010 370 1224 1 522.392 167.499 564.081 187.143 0.985668
000011 370 1224 1 482.511 167.536 519.729 196.044 0.999793
000011 370 1224 1 525.026 167.313 564.956 185.968 0.989151
000012 370 1224 1 484.679 167.723 521.874 195.765 0.999498
000012 370 1224 1 528.649 166.279 564.449 185.928 0.981751
000013 370 1224 1 486.86 167.176 523.356 195.381 0.999083
000013 370 1224 1 532.611 166.265 566.403 186.048 0.997012
000014 370 1224 1 487.561 168.131 523.856 196.399 0.999466
000014 370 1224 1 537.009 166.519 568.311 187.19 0.991594
000015 370 1224 1 490.456 167.311 526.834 196.208 0.999349
000015 370 1224 1 541.07 166.788 569.916 185.71 0.918832
000016 370 1224 1 492.888 167.328 529.903 195.895 0.999728
000016 370 1224 1 544.937 166.858 573.495 185.319 0.981866
000017 370 1224 1 496.435 167.417 531.469 197.277 0.999732
000017 370 1224 1 549.543 166.865 575.755 185.297 0.823391
000018 370 1224 1 499.499 167.537 534.405 196.914 0.999158
000019 370 1224 1 502.78 166.985 540.159 197.37 0.999223
000019 370 1224 1 558.862 165.791 582.117 185.118 0.665626
000020 370 1224 1 506.568 165.201 542.894 197.494 0.999135
000020 370 1224 1 563.578 166.63 584.482 185.737 0.629888
000021 370 1224 1 509.478 163.19 547.9 195.383 0.99903
000022 370 1224 1 513.685 162.419 550.891 195.116 0.999747
000023 370 1224 1 516.805 163.545 554.117 194.926 0.998823
000024 370 1224 1 521.012 164.26 560.202 197.694 0.999723
000025 370 1224 1 524.884 162.196 565.458 197.791 0.996804
000026 370 1224 1 526.896 161.729 568.766 195.796 0.998315
000027 370 1224 1 528.129 161.554 572.672 197.989 0.998123
000027 370 1224 1 585.149 163.395 609.353 182.848 0.671677
000028 370 1224 1 528.427 161.411 571.847 199.299 0.999571
000028 370 1224 1 585.054 163.173 609.972 182.975 0.767852
000029 370 1224 1 527.368 162.654 573.443 200.092 0.999816
000030 370 1224 1 526.574 164.311 569.456 204.327 0.99981
000031 370 1224 1 520.659 165.684 562.905 204.386 0.999908
000032 370 1224 1 511.837 165.951 558.918 205.343 0.999975
000033 370 1224 1 504.235 165.224 551.29 206.466 0.999979
000034 370 1224 1 492.019 163.825 543.013 205.865 0.999962
000035 370 1224 1 481.195 163.551 533.569 207.818 0.999968
000036 370 1224 1 467.906 164.754 520.724 210.091 0.999985
000037 370 1224 1 452.057 165.162 506.61 210.833 0.999933
000038 370 1224 1 435.707 163.949 491.023 212.455 0.99979
000039 370 1224 1 414.855 162.635 474.517 212.178 0.999871
000039 370 1224 1 473.316 164.416 506.467 184.0 0.712308
000040 370 1224 1 394.799 159.749 458.036 213.229 0.999978
000041 370 1224 1 373.487 160.012 437.429 217.181 0.999938
000042 370 1224 1 347.861 162.009 415.192 222.736 0.999979
000043 370 1224 1 314.691 164.154 390.407 226.312 0.999971
000044 370 1224 1 281.147 164.252 362.659 230.833 0.999765
000045 370 1224 1 241.891 167.271 332.52 237.033 0.998604
000046 370 1224 1 195.284 167.038 294.605 245.485 0.99828
000046 370 1224 1 281.98 172.088 317.716 192.063 0.566387
000047 370 1224 1 137.908 168.725 252.921 251.192 0.998932
000048 370 1224 1 71.0085 174.277 205.429 262.821 0.999433
000048 370 1224 1 186.511 176.15 228.824 196.992 0.593047
000049 370 1224 1 5.05819 170.411 158.406 270.297 0.999964
000049 370 1224 1 132.845 174.361 172.503 197.923 0.755283
000053 370 1224 1 42.6422 172.143 81.5671 193.591 0.7115
000055 370 1224 1 1166.92 167.768 1224.0 195.386 0.987928
000056 370 1224 1 1111.97 170.447 1158.06 199.166 0.998
000057 370 1224 1 1052.46 172.544 1101.37 200.229 0.998319
000058 370 1224 1 998.616 176.781 1044.0 203.429 0.998978
000059 370 1224 1 945.37 178.312 993.85 205.577 0.999247
000060 370 1224 1 897.562 178.111 942.787 206.131 0.999542
000060 370 1224 1 1147.39 184.245 1208.49 233.677 0.833065
000061 370 1224 1 848.916 175.165 892.699 202.575 0.999819
000061 370 1224 1 1123.47 198.201 1224.0 291.345 0.985257
000061 370 1224 1 1093.61 181.093 1155.92 225.959 0.970451
000062 370 1224 1 1076.27 192.588 1209.1 285.781 0.996064
000062 370 1224 1 803.929 172.768 845.949 202.213 0.995013
000062 370 1224 1 1044.86 181.181 1102.38 223.491 0.961668
000063 370 1224 1 1032.88 192.946 1171.59 290.0 0.999852
000063 370 1224 1 757.977 175.404 800.782 202.45 0.999421
000063 370 1224 1 998.257 183.476 1050.68 224.941 0.990409
000064 370 1224 1 953.777 183.944 1006.23 224.797 0.999885
000064 370 1224 1 994.301 192.667 1140.3 294.736 0.999884
000064 370 1224 1 712.777 176.283 756.15 203.69 0.999265
000065 370 1224 1 959.867 190.942 1107.29 297.718 0.999991
000065 370 1224 1 915.153 184.873 958.432 224.819 0.999832
000065 370 1224 1 671.65 176.033 713.782 204.445 0.998067
000066 370 1224 1 921.814 189.659 1084.71 299.559 0.999972
000066 370 1224 1 875.663 181.451 921.619 222.854 0.999909
000066 370 1224 1 629.623 174.633 672.979 203.677 0.998455
000067 370 1224 1 896.831 186.955 1056.02 297.987 0.999924
000067 370 1224 1 844.069 178.958 886.787 218.628 0.999789
000067 370 1224 1 590.534 172.222 635.149 202.014 0.998682
000068 370 1224 1 869.282 183.562 1039.04 296.611 0.999948
000068 370 1224 1 813.214 176.574 859.64 217.391 0.99987
000068 370 1224 1 556.705 170.454 602.261 200.738 0.999695
000069 370 1224 1 850.652 183.027 1024.29 300.098 0.999992
000069 370 1224 1 789.443 173.266 835.672 215.768 0.999968
000069 370 1224 1 522.876 167.196 570.008 199.068 0.999896
000070 370 1224 1 840.697 184.4 1027.37 305.071 0.999925
000070 370 1224 1 770.793 173.111 817.217 214.554 0.999835
000070 370 1224 1 495.168 166.959 546.766 199.826 0.999606
000071 370 1224 1 833.382 185.4 1023.92 312.197 0.999985
000071 370 1224 1 755.258 171.618 798.421 215.419 0.999937
000071 370 1224 1 467.371 168.005 522.983 202.661 0.993486
000072 370 1224 1 829.672 185.683 1031.73 321.161 0.999911
000072 370 1224 1 744.579 172.752 788.522 217.853 0.999705
000072 370 1224 1 439.394 170.431 500.473 205.66 0.982436
000073 370 1224 1 729.465 175.398 776.954 220.105 0.999709
000073 370 1224 1 822.233 188.701 1059.19 333.632 0.999699
000073 370 1224 1 416.183 173.466 478.418 211.685 0.997342
000074 370 1224 1 723.782 177.193 769.063 222.01 0.999957
000074 370 1224 1 778.588 178.298 913.659 270.711 0.99984
000074 370 1224 1 394.315 172.773 459.036 211.745 0.985327
000075 370 1224 1 775.14 178.351 917.779 274.996 0.999869
000075 370 1224 1 710.911 176.939 765.624 223.054 0.999862
000075 370 1224 1 823.546 189.978 1117.31 359.637 0.999815
000075 370 1224 1 371.576 172.721 440.027 213.746 0.97381
000075 370 1224 1 548.948 172.887 578.901 194.281 0.607356
000076 370 1224 1 708.906 176.28 757.864 224.202 0.999934
000076 370 1224 1 774.158 180.105 935.505 281.82 0.999736
000076 370 1224 1 829.947 188.618 1159.93 370.0 0.999534
000076 370 1224 1 344.706 173.93 422.526 215.708 0.993023
000077 370 1224 1 768.765 179.693 942.332 285.083 0.999941
000077 370 1224 1 702.084 176.729 754.206 225.811 0.999918
000077 370 1224 1 836.932 187.125 1215.38 370.0 0.998665
000077 370 1224 1 320.845 172.459 401.694 217.656 0.996309
000078 370 1224 1 698.2 177.496 751.564 226.941 0.999963
000078 370 1224 1 769.6 179.965 948.265 299.539 0.999956
000078 370 1224 1 853.669 189.708 1224.0 370.0 0.996163
000078 370 1224 1 294.11 174.765 380.666 221.74 0.979414
000079 370 1224 1 766.403 176.766 967.226 300.663 0.999994
000079 370 1224 1 694.356 176.723 750.836 228.285 0.999947
000079 370 1224 1 263.072 173.213 361.399 223.793 0.980689
000079 370 1224 1 504.317 177.042 539.923 198.411 0.779642
000080 370 1224 1 692.57 175.42 752.305 229.684 0.999968
000080 370 1224 1 776.076 176.223 991.814 313.804 0.999791
000080 370 1224 1 238.034 171.737 345.992 226.746 0.976651
000080 370 1224 1 495.314 175.944 530.855 196.454 0.924722
000081 370 1224 1 690.911 173.579 753.071 230.019 0.999985
000081 370 1224 1 782.971 179.962 1047.55 320.421 0.999474
000081 370 1224 1 486.019 173.744 521.996 196.084 0.945368
000081 370 1224 1 208.537 171.82 317.628 229.344 0.860146
000082 370 1224 1 690.385 174.342 755.717 231.8 0.999941
000082 370 1224 1 786.883 179.948 1094.58 340.568 0.999241
000082 370 1224 1 478.512 174.097 513.657 197.862 0.983625
000082 370 1224 1 175.946 174.204 293.035 231.816 0.96069
000083 370 1224 1 691.323 175.08 758.228 232.324 0.999969
000083 370 1224 1 799.771 181.995 1135.89 350.791 0.999531
000083 370 1224 1 469.829 174.746 506.311 198.144 0.996187
000083 370 1224 1 135.174 171.23 271.752 235.863 0.942404
000084 370 1224 1 692.153 173.991 763.41 235.118 0.999941
000084 370 1224 1 823.195 180.122 1172.87 370.0 0.999914
000084 370 1224 1 460.781 175.763 500.505 198.419 0.998579
000084 370 1224 1 89.7272 173.655 248.311 242.193 0.958755
000085 370 1224 1 697.981 174.555 769.204 237.625 0.999886
000085 370 1224 1 845.082 176.387 1224.0 370.0 0.999718
000085 370 1224 1 450.337 174.527 494.813 199.424 0.997849
000085 370 1224 1 50.6556 173.471 225.238 246.439 0.995249
000086 370 1224 1 700.786 174.801 775.14 240.824 0.999774
000086 370 1224 1 443.73 175.188 489.516 200.464 0.998289
000086 370 1224 1 858.073 184.138 1224.0 370.0 0.982089
000086 370 1224 1 0.0 175.237 190.348 257.984 0.915941
000086 370 1224 1 665.004 175.865 716.361 214.251 0.664869
000087 370 1224 1 698.039 174.731 783.69 242.601 0.999913
000087 370 1224 1 434.723 176.537 483.625 202.178 0.999235
000087 370 1224 1 877.025 188.417 1224.0 370.0 0.9612
000087 370 1224 1 0.0 177.456 184.197 265.127 0.785647
000087 370 1224 1 668.206 176.45 717.924 216.393 0.660744
000088 370 1224 1 704.678 175.771 794.622 249.319 0.999968
000088 370 1224 1 426.249 177.93 476.049 204.375 0.999672
000088 370 1224 1 668.196 177.376 723.326 217.247 0.695499
000089 370 1224 1 709.568 176.227 802.78 251.775 0.999948
000089 370 1224 1 416.678 178.302 470.485 205.724 0.999836
000089 370 1224 1 672.032 178.352 725.396 219.214 0.5945
000090 370 1224 1 717.709 172.83 819.53 260.062 0.999992
000090 370 1224 1 405.888 178.447 461.835 207.323 0.999778
000090 370 1224 1 675.89 175.99 736.176 220.688 0.780606
000091 370 1224 1 724.81 173.564 832.179 263.986 0.999983
000091 370 1224 1 397.447 178.888 454.494 210.218 0.999901
000091 370 1224 1 678.081 178.19 731.087 222.357 0.847748
000092 370 1224 1 727.67 175.385 847.829 271.165 0.999882
000092 370 1224 1 384.624 181.846 448.133 211.806 0.999844
000092 370 1224 1 678.91 177.4 743.617 223.138 0.803416
000093 370 1224 1 741.939 173.925 869.367 279.788 0.999939
000093 370 1224 1 373.133 180.738 435.776 211.937 0.999694
000093 370 1224 1 679.89 178.063 747.518 224.917 0.959556
000094 370 1224 1 360.436 179.538 429.074 214.141 0.999985
000094 370 1224 1 753.588 172.502 893.516 290.212 0.99996
000094 370 1224 1 683.315 178.525 753.522 227.731 0.943175
000095 370 1224 1 763.808 174.183 923.917 301.984 0.999983
000095 370 1224 1 346.289 179.983 416.39 216.773 0.999982
000095 370 1224 1 685.871 178.136 760.889 229.657 0.978844
000096 370 1224 1 330.47 180.553 406.758 218.148 0.999991
000096 370 1224 1 776.049 175.176 959.037 321.95 0.999944
000096 370 1224 1 688.71 178.443 765.064 234.624 0.98238
000097 370 1224 1 308.694 180.285 391.765 221.774 0.999996
000097 370 1224 1 797.422 173.143 1013.71 342.506 0.999882
000097 370 1224 1 732.053 176.525 863.845 270.361 0.998129
000097 370 1224 1 685.171 178.677 759.049 230.852 0.906088
000098 370 1224 1 287.082 182.57 379.186 225.253 0.999991
000098 370 1224 1 741.496 175.192 888.016 283.736 0.999841
000098 370 1224 1 811.3 173.22 1079.42 360.104 0.999724
000098 370 1224 1 695.1 179.438 778.732 241.401 0.993163
000099 370 1224 1 264.706 181.163 361.972 227.503 0.999986
000099 370 1224 1 748.772 176.494 915.389 289.832 0.99996
000099 370 1224 1 699.621 178.25 795.025 245.66 0.999598
000099 370 1224 1 835.776 175.176 1158.77 368.559 0.995202
000100 370 1224 1 234.686 179.686 348.261 230.749 0.999989
000100 370 1224 1 750.539 177.043 958.302 302.189 0.999971
000100 370 1224 1 705.911 178.717 806.135 249.847 0.999899
000100 370 1224 1 861.305 184.895 1224.0 370.0 0.946971
000101 370 1224 1 204.926 179.14 324.176 232.88 0.99996
000101 370 1224 1 768.807 178.141 990.3 318.776 0.999921
000101 370 1224 1 713.595 175.168 820.177 256.632 0.999886
000101 370 1224 1 660.164 174.102 702.367 211.059 0.539557
000102 370 1224 1 170.76 179.648 303.034 239.728 0.999975
000102 370 1224 1 722.591 176.333 834.916 260.764 0.999963
000102 370 1224 1 779.806 178.902 1043.33 335.59 0.999713
000103 370 1224 1 728.068 178.006 850.265 270.53 0.999976
000103 370 1224 1 125.717 181.587 278.567 243.882 0.999975
000103 370 1224 1 804.261 179.973 1118.46 357.249 0.999346
000103 370 1224 1 663.132 172.232 706.753 213.564 0.54044
000104 370 1224 1 73.9503 181.144 247.942 251.059 0.999994
000104 370 1224 1 735.674 178.771 871.184 279.079 0.999994
000104 370 1224 1 836.48 183.507 1193.19 368.621 0.999707
000104 370 1224 1 664.319 173.38 708.973 216.927 0.804257
000105 370 1224 1 748.199 179.449 909.555 293.206 0.999982
000105 370 1224 1 16.3569 185.465 212.611 260.409 0.999979
000105 370 1224 1 874.73 182.891 1224.0 370.0 0.963916
000105 370 1224 1 548.514 176.776 577.009 196.907 0.863989
000105 370 1224 1 665.527 174.956 714.268 219.618 0.757902
