000000 375 1242 1 252.0 175.224 307.869 202.132 0.999998
000000 375 1242 1 571.652 173.277 608.485 211.314 0.999995
000000 375 1242 1 324.757 176.097 354.284 197.193 0.970186
000001 375 1242 1 572.376 171.693 609.014 209.027 0.999995
000001 375 1242 1 238.964 174.155 295.885 201.765 0.999964
000001 375 1242 1 314.205 175.871 351.923 197.429 0.93076
000002 375 1242 1 572.968 172.727 609.926 209.775 0.999996
000002 375 1242 1 226.105 173.797 284.933 204.492 0.999995
000002 375 1242 1 304.259 174.813 342.305 197.297 0.997165
000003 375 1242 1 572.125 171.504 610.618 209.229 0.99999
000003 375 1242 1 209.07 171.295 268.485 202.004 0.999981
000003 375 1242 1 294.642 173.757 334.976 197.092 0.997677
000004 375 1242 1 572.259 170.306 609.935 209.79 0.999997
000004 375 1242 1 191.852 169.802 256.797 201.262 0.999993
000004 375 1242 1 284.733 173.012 325.903 196.453 0.999542
000005 375 1242 1 170.972 169.703 242.36 204.056 0.999993
000005 375 1242 1 572.572 169.865 608.57 208.965 0.999988
000005 375 1242 1 274.092 171.043 316.188 196.39 0.999885
000006 375 1242 1 572.954 170.107 610.407 209.932 0.99999
000006 375 1242 1 261.652 171.746 306.991 197.703 0.999975
000006 375 1242 1 146.777 168.852 226.941 204.264 0.99992
000007 375 1242 1 572.967 171.531 611.878 209.456 0.999996
000007 375 1242 1 123.93 167.717 207.874 207.462 0.999996
000007 375 1242 1 248.564 171.483 295.688 198.316 0.999983
000008 375 1242 1 98.5619 170.134 186.594 212.595 0.999999
000008 375 1242 1 575.064 172.15 611.493 211.47 0.999986
000008 375 1242 1 233.051 173.603 283.47 201.865 0.999985
000009 375 1242 1 65.1762 171.473 168.745 214.695 0.999999
000009 375 1242 1 215.917 173.698 273.282 202.441 0.999984
000009 375 1242 1 573.954 174.057 611.672 213.091 0.999983
000010 375 1242 1 35.6249 172.802 140.252 218.508 0.999999
000010 375 1242 1 199.443 173.889 259.16 204.906 0.999992
000010 375 1242 1 574.947 175.054 612.109 214.609 0.999991
000011 375 1242 1 575.371 175.654 614.203 214.502 0.999998
000011 375 1242 1 0.0 171.56 120.371 221.871 0.999997
000011 375 1242 1 180.122 175.057 244.786 208.287 0.999959
000012 375 1242 1 161.577 174.967 227.955 208.562 0.999994
000012 375 1242 1 575.742 175.212 613.513 215.192 0.999992
000012 375 1242 1 0.0 173.82 85.9605 227.118 0.999001
000013 375 1242 1 135.363 173.04 209.32 210.844 0.999998
000013 375 1242 1 576.298 175.449 614.031 214.017 0.999985
000013 375 1242 1 354.077 174.124 387.831 194.388 0.551275
000014 375 1242 1 576.092 175.172 614.484 214.741 0.999998
000014 375 1242 1 110.441 173.791 189.027 212.574 0.99999
000015 375 1242 1 83.5202 174.056 167.549 212.833 0.999999
000015 375 1242 1 575.104 174.346 614.988 214.001 0.999777
000015 375 1242 1 341.087 174.752 376.478 193.013 0.500677
000016 375 1242 1 48.4312 173.338 142.391 213.753 0.999999
000016 375 1242 1 576.357 172.375 613.925 212.63 0.999995
000016 375 1242 1 331.469 174.282 369.489 193.546 0.712768
000017 375 1242 1 11.638 173.151 115.132 216.584 0.999999
000017 375 1242 1 574.467 172.941 614.023 212.904 0.999998
000017 375 1242 1 323.324 174.263 360.349 193.685 0.895777
000018 375 1242 1 575.907 172.713 614.392 213.866 0.999987
000018 375 1242 1 0.0 171.076 89.4442 220.549 0.997455
000018 375 1242 1 315.455 174.991 355.745 194.665 0.892994
000019 375 1242 1 575.466 172.572 615.573 213.581 0.999995
000019 375 1242 1 305.631 175.008 345.662 195.365 0.986224
000020 375 1242 1 574.923 173.519 613.577 214.363 0.999997
000020 375 1242 1 294.306 174.834 336.513 196.993 0.993958
000021 375 1242 1 573.792 172.409 613.99 213.408 0.999988
000021 375 1242 1 283.937 175.727 329.124 196.951 0.997624
000022 375 1242 1 574.28 171.24 614.685 213.394 0.999999
000022 375 1242 1 270.607 174.767 319.072 197.562 0.998943
000023 375 1242 1 572.667 170.608 613.008 213.107 0.999997
000023 375 1242 1 259.23 174.712 311.949 197.744 0.999654
000023 375 1242 1 330.24 161.724 365.153 185.33 0.903776
000024 375 1242 1 571.241 170.652 613.205 212.02 0.999985
000024 375 1242 1 247.811 172.932 299.303 200.733 0.999763
000024 375 1242 1 325.539 160.454 358.075 185.15 0.967631
000025 375 1242 1 572.752 170.633 614.345 212.594 0.999992
000025 375 1242 1 231.825 173.911 289.604 200.534 0.999802
000025 375 1242 1 317.906 161.235 349.076 185.736 0.872465
000026 375 1242 1 571.41 170.716 613.052 212.706 0.999997
000026 375 1242 1 216.172 174.37 278.557 201.801 0.999822
000026 375 1242 1 312.868 160.889 348.486 186.068 0.934525
000027 375 1242 1 572.587 170.848 614.083 213.727 0.999997
000027 375 1242 1 203.596 173.409 268.714 202.367 0.999777
000027 375 1242 1 307.274 161.231 340.811 186.82 0.982822
000028 375 1242 1 572.311 170.842 614.541 213.576 0.999999
000028 375 1242 1 186.423 174.419 255.917 203.198 0.999383
000028 375 1242 1 296.813 160.852 336.77 185.169 0.901496
000029 375 1242 1 571.208 169.88 614.667 213.454 0.999996
000029 375 1242 1 167.254 174.686 242.508 205.088 0.999913
000029 375 1242 1 293.401 160.58 330.375 186.827 0.986125
000030 375 1242 1 570.671 168.985 613.374 212.975 1.0
000030 375 1242 1 147.224 172.717 227.514 205.36 0.99963
000030 375 1242 1 285.967 158.745 326.859 186.658 0.997104
000031 375 1242 1 573.211 169.311 614.873 213.258 0.999994
000031 375 1242 1 125.306 171.901 209.349 205.899 0.999707
000031 375 1242 1 281.263 157.775 319.181 185.75 0.97177
000032 375 1242 1 570.984 168.437 614.092 213.4 0.999996
000032 375 1242 1 100.1 173.73 191.49 208.998 0.999955
000032 375 1242 1 271.104 158.217 313.065 186.198 0.966639
000033 375 1242 1 571.584 169.684 613.506 214.41 0.999994
000033 375 1242 1 78.7828 175.596 176.365 210.35 0.999919
000033 375 1242 1 263.044 159.083 306.96 187.449 0.990046
000033 375 1242 1 330.231 170.039 363.108 190.611 0.851713
000034 375 1242 1 570.33 171.025 615.299 215.221 0.999998
000034 375 1242 1 49.4767 176.316 152.02 213.815 0.999934
000034 375 1242 1 254.407 158.376 300.955 188.421 0.999279
000034 375 1242 1 323.167 170.046 356.709 190.827 0.929335
000035 375 1242 1 570.228 170.535 614.99 216.729 1.0
000035 375 1242 1 18.1792 177.441 131.801 216.324 0.999863
000035 375 1242 1 246.16 158.86 294.412 188.903 0.997744
000035 375 1242 1 317.74 172.12 352.431 191.966 0.856502
000036 375 1242 1 570.901 170.918 615.723 215.916 0.999999
000036 375 1242 1 0.0 177.363 113.987 219.044 0.999903
000036 375 1242 1 237.362 158.793 289.406 189.005 0.996646
000036 375 1242 1 309.78 171.146 351.454 191.987 0.956743
000037 375 1242 1 572.144 169.031 614.833 215.095 0.999999
000037 375 1242 1 227.029 157.882 281.975 189.629 0.997468
000037 375 1242 1 302.822 169.509 345.023 192.458 0.980515
000037 375 1242 1 0.0 175.345 93.4221 219.586 0.878113
000038 375 1242 1 571.099 168.629 615.278 213.998 0.999998
000038 375 1242 1 215.759 156.645 275.212 189.117 0.998212
000038 375 1242 1 296.056 169.766 345.531 192.884 0.995924
000039 375 1242 1 572.033 169.638 614.994 215.462 0.999999
000039 375 1242 1 206.021 158.75 265.4 190.901 0.99822
000039 375 1242 1 289.362 170.453 340.597 193.081 0.980113
000040 375 1242 1 571.528 170.414 616.527 216.902 0.999999
000040 375 1242 1 197.904 158.034 259.869 193.13 0.998456
000040 375 1242 1 288.926 170.676 342.415 192.702 0.982413
000041 375 1242 1 569.798 169.865 618.0 217.214 0.999996
000041 375 1242 1 185.304 157.46 251.759 192.058 0.996054
000041 375 1242 1 275.033 172.231 329.658 194.989 0.931222
000042 375 1242 1 571.647 172.032 617.552 217.901 0.999999
000042 375 1242 1 176.027 159.057 244.916 195.885 0.995947
000042 375 1242 1 272.171 170.51 335.29 195.408 0.986363
000043 375 1242 1 572.214 170.804 618.566 218.981 0.999997
000043 375 1242 1 165.184 157.554 234.234 197.052 0.998482
000043 375 1242 1 253.928 172.069 317.185 197.514 0.984551
000044 375 1242 1 572.42 170.699 619.171 216.873 0.999995
000044 375 1242 1 149.875 155.931 223.693 196.82 0.995012
000044 375 1242 1 268.887 171.548 319.705 196.907 0.990384
000045 375 1242 1 572.474 173.142 620.721 217.988 0.999999
000045 375 1242 1 141.99 158.86 213.014 198.943 0.996278
000045 375 1242 1 231.007 175.764 286.018 201.054 0.992945
000045 375 1242 1 17.2443 171.005 65.9638 194.06 0.606527
000046 375 1242 1 571.416 171.863 620.333 219.488 0.999997
000046 375 1242 1 220.197 177.334 281.249 201.221 0.998555
000046 375 1242 1 127.521 159.097 203.737 197.84 0.995072
000046 375 1242 1 10.1943 169.011 52.7667 197.341 0.855304
000047 375 1242 1 572.869 173.361 620.672 221.565 0.999997
000047 375 1242 1 209.049 177.491 271.57 203.23 0.997312
000047 375 1242 1 111.371 162.004 193.353 200.981 0.992882
000047 375 1242 1 0.0 172.397 45.5644 197.357 0.917747
000048 375 1242 1 573.085 173.882 622.217 221.804 0.999998
000048 375 1242 1 197.686 179.125 259.557 205.076 0.999415
000048 375 1242 1 92.2407 158.667 181.476 203.662 0.983138
000049 375 1242 1 572.742 172.141 623.856 220.919 0.999999
000049 375 1242 1 229.705 172.014 289.186 201.363 0.996869
000049 375 1242 1 80.0034 160.341 167.676 203.971 0.993514
000050 375 1242 1 571.97 171.972 625.315 220.567 0.999998
000050 375 1242 1 66.0669 156.15 155.441 203.114 0.999029
000050 375 1242 1 166.725 177.758 238.228 202.984 0.998925
000051 375 1242 1 573.159 172.641 623.653 221.03 0.999998
000051 375 1242 1 40.795 154.699 145.085 206.144 0.997094
000051 375 1242 1 204.985 172.96 265.863 202.114 0.996961
000051 375 1242 1 157.05 179.814 223.573 205.984 0.568945
000052 375 1242 1 573.546 173.896 626.342 221.102 0.999999
000052 375 1242 1 135.692 177.736 210.539 207.87 0.997721
000052 375 1242 1 190.922 170.973 257.337 203.803 0.995786
000052 375 1242 1 23.2794 154.84 132.57 207.682 0.994248
000053 375 1242 1 574.457 171.479 625.943 220.941 0.999998
000053 375 1242 1 177.528 172.652 247.391 206.934 0.997622
000053 375 1242 1 2.89415 152.531 116.692 208.373 0.992096
000054 375 1242 1 574.044 171.518 626.99 221.093 0.999999
000054 375 1242 1 165.097 173.869 237.487 208.201 0.999771
000054 375 1242 1 102.609 178.261 179.27 209.379 0.88583
000054 375 1242 1 6.62167 157.467 93.6759 206.79 0.802318
000055 375 1242 1 573.693 171.122 628.006 222.788 0.999999
000055 375 1242 1 144.521 173.234 224.503 209.272 0.999861
000055 375 1242 1 0.0 161.7 90.8642 211.035 0.696748
000056 375 1242 1 575.033 170.598 629.038 222.412 0.999999
000056 375 1242 1 129.001 173.414 212.264 210.239 0.99984
000056 375 1242 1 47.9638 180.02 153.913 211.981 0.964214
000057 375 1242 1 575.009 170.412 630.143 223.106 1.0
000057 375 1242 1 112.354 173.267 198.369 212.725 0.999924
000057 375 1242 1 40.6802 182.203 131.54 215.779 0.965971
000058 375 1242 1 575.308 168.611 631.079 223.044 1.0
000058 375 1242 1 6.31363 180.087 114.706 220.515 0.999148
000058 375 1242 1 98.532 171.129 182.853 213.379 0.999006
000059 375 1242 1 576.707 168.265 630.769 223.263 1.0
000059 375 1242 1 0.0 180.513 101.233 220.395 0.998098
000059 375 1242 1 76.0225 172.395 167.899 213.222 0.997435
000060 375 1242 1 576.487 169.71 631.201 221.225 0.999998
000060 375 1242 1 50.2078 171.346 156.134 214.039 0.998159
000061 375 1242 1 576.409 168.939 631.645 221.512 0.999999
000061 375 1242 1 22.9474 170.82 138.118 215.831 0.999664
000062 375 1242 1 577.509 167.995 631.615 221.671 0.999999
000062 375 1242 1 9.25655 171.264 122.162 216.835 0.999311
000062 375 1242 1 332.262 171.781 366.61 189.831 0.596702
000063 375 1242 1 578.987 167.701 633.171 221.512 0.999997
000063 375 1242 1 0.0 169.243 117.062 217.494 0.996685
000063 375 1242 1 326.578 172.05 362.574 191.046 0.929735
000064 375 1242 1 578.94 168.516 634.38 223.961 0.999999
000064 375 1242 1 0.0 170.051 86.369 218.155 0.990318
000064 375 1242 1 318.532 172.477 367.22 193.469 0.906448
000065 375 1242 1 578.973 168.336 634.984 224.932 1.0
000065 375 1242 1 314.636 173.036 355.285 193.72 0.946373
000065 375 1242 1 45.0834 169.72 117.931 203.219 0.881527
000066 375 1242 1 578.647 168.924 635.345 226.211 1.0
000066 375 1242 1 311.79 173.381 348.919 193.069 0.947771
000066 375 1242 1 19.1063 168.619 103.003 204.679 0.883746
000067 375 1242 1 580.017 167.893 636.361 224.881 1.0
000067 375 1242 1 302.818 172.301 347.958 194.615 0.993665
000067 375 1242 1 7.09694 167.255 87.4051 205.792 0.842444
000068 375 1242 1 580.668 168.391 636.658 225.826 1.0
000068 375 1242 1 299.524 172.439 342.507 193.324 0.982914
000068 375 1242 1 0.0 168.698 81.7451 204.86 0.928096
000069 375 1242 1 580.593 167.554 636.764 225.765 1.0
000069 375 1242 1 293.521 172.212 335.526 195.671 0.997701
000069 375 1242 1 328.983 170.044 359.538 191.663 0.888327
000069 375 1242 1 1.26436 168.447 65.0077 204.436 0.535614
000070 375 1242 1 581.206 169.191 638.405 225.959 0.999999
000070 375 1242 1 287.328 172.606 331.39 195.979 0.998801
000070 375 1242 1 322.88 170.186 358.583 192.432 0.92678
000071 375 1242 1 581.906 168.228 638.301 225.41 1.0
000071 375 1242 1 280.334 172.421 325.725 196.332 0.999128
000071 375 1242 1 317.739 170.211 355.666 191.611 0.879038
000072 375 1242 1 582.281 169.292 638.795 225.48 0.999999
000072 375 1242 1 275.349 172.031 320.346 196.854 0.999583
000072 375 1242 1 313.485 169.854 352.134 191.864 0.968636
000073 375 1242 1 582.888 168.72 638.599 225.517 1.0
000073 375 1242 1 267.107 172.453 321.76 197.351 0.997299
000074 375 1242 1 583.092 170.144 638.679 225.759 0.999999
000074 375 1242 1 261.496 172.435 312.139 196.982 0.998078
000074 375 1242 1 302.153 169.679 348.35 193.761 0.989294
000075 375 1242 1 583.3 168.191 639.615 226.028 1.0
000075 375 1242 1 298.991 169.258 340.852 194.238 0.999305
000075 375 1242 1 250.319 171.973 306.147 197.436 0.993913
000076 375 1242 1 583.85 167.832 639.524 225.737 1.0
000076 375 1242 1 247.991 171.971 299.563 198.167 0.99971
000076 375 1242 1 293.118 169.584 335.44 195.952 0.999545
000076 375 1242 1 328.323 171.231 362.088 191.369 0.764036
000077 375 1242 1 583.751 167.2 639.748 226.872 1.0
000077 375 1242 1 238.809 172.321 294.265 200.069 0.999917
000077 375 1242 1 287.894 169.639 330.651 196.528 0.999724
000077 375 1242 1 324.756 171.687 360.137 192.382 0.958284
000078 375 1242 1 583.083 169.959 640.248 226.163 0.999999
000078 375 1242 1 230.72 172.973 287.997 201.771 0.999976
000078 375 1242 1 283.205 169.985 329.38 196.114 0.99937
000078 375 1242 1 323.33 172.797 355.096 193.219 0.577399
000079 375 1242 1 583.928 169.873 641.194 226.55 0.999999
000079 375 1242 1 222.068 172.764 281.309 201.592 0.999908
000079 375 1242 1 277.959 170.941 325.561 196.901 0.999485
000079 375 1242 1 314.725 170.832 354.296 192.588 0.621983
000080 375 1242 1 583.632 170.773 640.448 226.69 0.999999
000080 375 1242 1 211.429 174.069 275.571 202.518 0.999898
000080 375 1242 1 270.262 171.811 319.101 197.162 0.99971
000080 375 1242 1 311.319 170.702 348.453 194.715 0.928275
000081 375 1242 1 583.981 169.607 640.648 226.743 0.999998
000081 375 1242 1 202.771 173.781 267.96 202.257 0.999938
000081 375 1242 1 262.466 171.005 315.751 196.689 0.999768
000081 375 1242 1 307.136 171.954 345.477 194.719 0.980269
000082 375 1242 1 584.374 169.411 641.262 226.081 0.999999
000082 375 1242 1 195.724 174.032 259.952 203.066 0.999977
000082 375 1242 1 256.689 170.329 311.041 197.55 0.999953
000082 375 1242 1 302.523 173.551 341.795 194.004 0.971216
000083 375 1242 1 583.259 169.91 640.819 226.167 1.0
000083 375 1242 1 248.347 171.619 300.043 200.177 0.999978
000083 375 1242 1 185.879 173.83 251.054 203.691 0.999945
000083 375 1242 1 296.923 172.406 337.224 195.216 0.99723
000084 375 1242 1 583.641 170.393 641.137 226.336 0.999999
000084 375 1242 1 238.312 170.456 298.643 198.122 0.999861
000084 375 1242 1 172.22 173.281 243.171 204.832 0.9998
000084 375 1242 1 293.845 170.871 332.012 195.517 0.997038
000085 375 1242 1 582.347 169.414 641.27 227.13 0.999998
000085 375 1242 1 225.988 170.416 292.037 200.407 0.999983
000085 375 1242 1 159.706 173.924 234.537 203.277 0.99991
000085 375 1242 1 287.807 169.684 329.224 194.77 0.994899
000086 375 1242 1 582.686 170.164 639.994 225.523 0.999999
000086 375 1242 1 220.741 168.94 283.863 199.684 0.999981
000086 375 1242 1 145.632 173.531 231.838 205.163 0.999495
000086 375 1242 1 280.636 172.441 323.606 194.164 0.986186
000087 375 1242 1 583.534 168.878 640.959 225.889 0.999999
000087 375 1242 1 134.692 174.128 218.385 204.691 0.999951
000087 375 1242 1 212.44 169.482 283.327 199.648 0.998994
000087 375 1242 1 272.586 169.803 318.146 195.04 0.997852
000088 375 1242 1 583.924 167.905 640.032 225.899 0.999999
000088 375 1242 1 121.853 172.228 201.801 208.992 0.999979
000088 375 1242 1 207.422 169.355 271.994 200.11 0.999897
000088 375 1242 1 268.478 170.188 312.875 195.626 0.999746
000089 375 1242 1 583.427 168.519 640.621 225.649 0.999999
000089 375 1242 1 195.053 170.199 266.472 199.662 0.999961
000089 375 1242 1 106.583 172.219 187.289 206.501 0.999923
000089 375 1242 1 260.862 169.782 307.298 195.745 0.999801
000090 375 1242 1 581.981 167.966 640.137 226.183 0.999998
000090 375 1242 1 187.534 170.019 259.247 200.8 0.999996
000090 375 1242 1 91.1902 171.832 174.112 207.185 0.999858
000090 375 1242 1 253.708 169.406 303.373 195.966 0.999803
000091 375 1242 1 581.271 168.869 639.088 225.806 0.999996
000091 375 1242 1 174.511 169.209 248.949 200.719 0.999994
000091 375 1242 1 248.112 170.475 297.084 196.069 0.999908
000091 375 1242 1 73.0753 171.894 169.964 209.33 0.999807
000092 375 1242 1 164.552 169.262 243.681 202.073 0.999998
000092 375 1242 1 582.21 168.863 639.353 224.881 0.999997
000092 375 1242 1 239.787 169.993 292.08 197.496 0.999879
000092 375 1242 1 55.4187 171.776 152.432 210.972 0.999739
000093 375 1242 1 579.542 167.891 638.922 225.106 0.999992
000093 375 1242 1 36.9509 172.733 135.903 212.527 0.999944
000093 375 1242 1 156.445 170.783 230.526 205.123 0.99993
000093 375 1242 1 232.742 170.526 283.769 198.215 0.999833
000094 375 1242 1 579.527 168.51 637.49 227.106 0.999998
000094 375 1242 1 137.173 170.348 223.306 204.273 0.999995
000094 375 1242 1 17.3366 173.336 125.977 215.486 0.999932
000094 375 1242 1 221.615 170.553 276.968 200.626 0.998625
000095 375 1242 1 578.439 167.474 636.185 227.645 0.999999
000095 375 1242 1 125.327 169.781 211.092 206.571 0.999989
000095 375 1242 1 214.292 169.619 269.936 201.331 0.999821
000095 375 1242 1 4.08771 174.272 113.923 216.302 0.999633
000096 375 1242 1 579.646 167.962 636.934 226.354 0.999999
000096 375 1242 1 114.541 170.032 200.833 207.219 0.999989
000096 375 1242 1 203.192 169.128 264.324 200.049 0.999884
000096 375 1242 1 0.0 174.851 109.232 218.364 0.997532
000097 375 1242 1 578.264 167.911 635.762 225.732 0.999999
000097 375 1242 1 100.821 170.524 195.29 209.208 0.999999
000097 375 1242 1 198.125 170.702 255.855 201.921 0.999915
000097 375 1242 1 0.0 174.642 94.9096 219.585 0.980868
000098 375 1242 1 86.9451 170.88 183.389 212.09 0.999998
000098 375 1242 1 575.696 167.979 635.13 225.465 0.999997
000098 375 1242 1 188.684 172.934 247.207 203.859 0.99992
000098 375 1242 1 0.0 174.967 70.5653 219.906 0.937167
000099 375 1242 1 574.915 167.157 634.187 225.619 0.999998
000099 375 1242 1 71.5881 171.04 172.391 212.733 0.999997
000099 375 1242 1 176.78 170.548 239.629 203.485 0.999828
000100 375 1242 1 574.394 168.489 633.973 228.426 0.999999
000100 375 1242 1 54.987 172.322 161.991 213.749 0.999995
000100 375 1242 1 164.813 172.708 232.188 205.035 0.999979
000100 375 1242 1 260.188 155.36 306.473 186.604 0.649358
000101 375 1242 1 573.358 169.21 632.536 229.801 0.999999
000101 375 1242 1 38.922 172.279 148.399 215.876 0.999998
000101 375 1242 1 156.44 171.653 224.082 206.486 0.999694
000102 375 1242 1 572.362 170.052 631.479 229.383 1.0
000102 375 1242 1 25.321 173.876 138.182 217.019 0.999998
000102 375 1242 1 144.426 173.009 215.574 207.999 0.999513
000103 375 1242 1 572.341 172.831 631.31 231.134 0.999999
000103 375 1242 1 6.75863 173.825 124.012 219.938 0.999998
000103 375 1242 1 132.462 173.519 207.063 209.83 0.99992
000104 375 1242 1 572.418 170.807 630.708 231.547 1.0
000104 375 1242 1 118.359 176.112 196.526 212.292 0.99998
000104 375 1242 1 0.282091 176.155 104.948 222.711 0.999927
000104 375 1242 1 242.469 163.175 286.307 191.363 0.655022
000105 375 1242 1 568.867 170.937 631.928 232.578 1.0
000105 375 1242 1 104.838 176.169 187.288 212.034 0.999935
000105 375 1242 1 0.0 175.574 93.2542 223.232 0.996933
000106 375 1242 1 569.782 171.42 628.87 231.43 0.999995
000106 375 1242 1 92.5515 173.467 178.459 211.326 0.999758
000106 375 1242 1 0.0 171.65 90.7418 220.404 0.98721
000107 375 1242 1 569.117 171.544 629.451 232.191 0.999997
000107 375 1242 1 81.1599 174.634 166.374 212.825 0.999959
000108 375 1242 1 565.769 172.17 628.154 232.626 0.999995
000108 375 1242 1 65.3892 174.957 156.403 214.246 0.99999
000108 375 1242 1 122.326 165.856 179.566 193.389 0.646083
000109 375 1242 1 565.787 173.193 626.795 233.273 0.999998
000109 375 1242 1 52.3242 174.353 144.72 214.143 0.999945
000109 375 1242 1 206.223 165.816 251.733 191.782 0.792366
000110 375 1242 1 562.371 172.991 624.198 232.89 0.999993
000110 375 1242 1 33.5945 173.445 127.885 215.74 0.999828
000111 375 1242 1 560.859 170.698 623.361 233.767 0.999999
000111 375 1242 1 17.1455 174.124 119.427 216.37 0.999754
000111 375 1242 1 191.371 167.746 238.744 192.692 0.941924
000112 375 1242 1 559.453 171.093 620.065 234.07 0.999999
000112 375 1242 1 4.94818 174.911 105.622 217.49 0.999768
000112 375 1242 1 184.886 165.304 233.726 193.103 0.954386
000112 375 1242 1 65.7957 164.676 141.584 195.542 0.942674
000113 375 1242 1 560.33 171.234 618.547 233.319 0.999999
000113 375 1242 1 0.0 175.22 94.849 219.138 0.99955
000113 375 1242 1 175.741 164.607 225.041 192.881 0.962636
000114 375 1242 1 557.604 171.689 617.249 234.049 0.999998
000114 375 1242 1 168.167 165.357 218.045 193.9 0.927519
000114 375 1242 1 0.0 173.88 98.8795 218.431 0.878102
000115 375 1242 1 556.842 173.051 615.897 233.489 0.999998
000115 375 1242 1 18.1865 162.65 118.683 199.332 0.962086
000115 375 1242 1 159.686 164.574 211.425 191.985 0.932708
000116 375 1242 1 554.552 171.031 615.943 233.006 0.999999
000116 375 1242 1 153.721 166.454 197.103 194.411 0.956596
000116 375 1242 1 1.82798 165.851 106.596 198.99 0.937949
000117 375 1242 1 553.917 172.109 613.495 233.137 0.999999
000117 375 1242 1 0.0 164.191 102.981 200.741 0.974386
000117 375 1242 1 144.024 165.964 193.264 195.142 0.78379
000118 375 1242 1 552.749 172.341 612.242 234.617 0.999999
000118 375 1242 1 130.622 166.602 194.105 192.921 0.899067
000118 375 1242 1 0.0 164.486 84.2696 200.256 0.558115
000119 375 1242 1 551.747 171.438 610.861 234.306 0.999999
000119 375 1242 1 130.836 165.9 172.987 195.094 0.953645
000120 375 1242 1 551.32 171.242 611.575 234.693 1.0
000120 375 1242 1 121.931 165.968 169.489 195.323 0.987804
000121 375 1242 1 552.494 170.719 612.312 234.515 1.0
000121 375 1242 1 113.921 165.514 170.149 195.906 0.969875
000122 375 1242 1 550.934 170.116 614.252 232.295 1.0
000122 375 1242 1 107.69 167.184 161.235 195.563 0.976547
000123 375 1242 1 554.388 170.339 615.55 232.456 1.0
000123 375 1242 1 102.507 167.024 159.042 195.922 0.975581
000124 375 1242 1 554.15 170.894 615.522 233.719 1.0
000124 375 1242 1 96.9368 168.54 156.417 196.839 0.99168
000125 375 1242 1 556.835 170.597 615.684 233.126 1.0
000125 375 1242 1 90.9547 166.354 147.874 198.051 0.994926
000126 375 1242 1 556.178 172.439 616.523 235.884 1.0
000126 375 1242 1 81.2098 168.966 144.653 198.73 0.991664
000127 375 1242 1 557.836 173.711 617.718 236.255 0.999999
000127 375 1242 1 74.2012 171.451 139.63 199.482 0.977606
000128 375 1242 1 555.894 174.484 618.621 236.067 0.999999
000128 375 1242 1 66.7324 170.337 128.887 201.777 0.990594
000129 375 1242 1 556.19 173.294 618.511 236.183 1.0
000129 375 1242 1 55.3012 170.967 119.696 202.493 0.992117
000129 375 1242 1 7.6566 169.542 59.9527 201.754 0.713844
000130 375 1242 1 557.247 173.108 619.376 236.378 0.999999
000130 375 1242 1 46.1771 169.784 109.445 202.659 0.962046
000130 375 1242 1 4.70966 169.93 45.9668 201.587 0.880906
000131 375 1242 1 555.939 174.198 618.916 237.171 1.0
000131 375 1242 1 34.8934 169.667 98.6871 202.168 0.967766
000131 375 1242 1 0.0 169.458 45.8209 199.372 0.607975
000132 375 1242 1 556.142 174.571 618.987 236.591 1.0
000132 375 1242 1 19.0255 169.063 96.3551 201.571 0.919341
000133 375 1242 1 556.017 173.696 618.398 236.178 1.0
000133 375 1242 1 8.2926 169.912 83.0868 203.015 0.92718
000134 375 1242 1 554.248 173.692 618.335 236.958 1.0
000134 375 1242 1 4.20793 170.126 72.7363 204.468 0.831505
000135 375 1242 1 555.568 173.449 616.38 236.492 0.999999
000135 375 1242 1 0.0 170.994 73.1291 205.517 0.662653
000136 375 1242 1 554.14 173.843 618.138 236.936 1.0
000137 375 1242 1 553.944 174.353 617.661 237.076 1.0
000138 375 1242 1 554.297 172.734 616.834 237.048 1.0
000139 375 1242 1 554.813 173.097 616.39 237.084 0.999998
000140 375 1242 1 552.402 173.725 614.492 237.141 0.999999
000141 375 1242 1 552.729 173.755 615.351 237.564 0.999999
000142 375 1242 1 550.677 173.076 614.71 237.157 0.999999
000143 375 1242 1 550.138 173.888 613.653 238.637 1.0
000143 375 1242 1 306.718 176.937 345.914 198.071 0.569804
000144 375 1242 1 550.003 173.332 613.344 237.08 1.0
000144 375 1242 1 303.956 175.443 342.542 196.964 0.934483
000145 375 1242 1 549.796 173.338 613.058 237.18 0.999999
000145 375 1242 1 299.969 175.175 340.111 196.471 0.938101
000146 375 1242 1 548.133 174.258 611.116 236.27 1.0
000146 375 1242 1 295.684 175.447 333.773 197.095 0.948153
000147 375 1242 1 547.3 174.049 610.767 235.57 0.999999
000147 375 1242 1 292.496 175.096 331.318 197.881 0.949819
000148 375 1242 1 546.873 172.954 610.708 236.177 0.999999
000148 375 1242 1 288.0 175.793 329.956 198.15 0.982915
000149 375 1242 1 546.967 173.448 610.514 235.334 1.0
000149 375 1242 1 286.958 174.767 327.523 198.034 0.976885
000150 375 1242 1 546.063 173.101 609.315 235.386 0.999999
000150 375 1242 1 281.707 176.541 327.785 198.991 0.960176
000151 375 1242 1 546.642 173.472 609.367 235.136 0.999999
000151 375 1242 1 278.984 175.126 330.507 197.991 0.954045
000152 375 1242 1 547.217 174.272 609.7 235.12 0.999999
000152 375 1242 1 273.889 175.611 339.181 198.245 0.884824
000153 375 1242 1 547.648 175.079 609.89 235.468 1.0
000153 375 1242 1 273.222 176.312 327.865 198.551 0.962895
000154 375 1242 1 548.778 174.598 610.964 235.614 0.999999
000154 375 1242 1 270.216 175.645 330.856 199.736 0.987734
000155 375 1242 1 550.431 176.435 610.497 235.042 0.999999
000155 375 1242 1 267.484 177.026 312.378 200.871 0.994356
000155 375 1242 1 304.964 175.206 337.555 198.177 0.665848
000156 375 1242 1 551.658 175.069 610.017 234.817 1.0
000156 375 1242 1 265.422 177.083 308.899 201.461 0.982254
000156 375 1242 1 297.944 174.306 362.629 196.946 0.89238
000157 375 1242 1 551.75 175.456 611.601 234.719 0.999999
000157 375 1242 1 260.486 177.555 310.099 200.612 0.974435
000157 375 1242 1 293.217 174.295 359.723 196.727 0.840425
000158 375 1242 1 553.946 175.159 612.928 233.004 0.999999
000158 375 1242 1 258.532 177.341 304.158 201.386 0.993538
000158 375 1242 1 298.685 175.594 366.833 195.725 0.596083
000159 375 1242 1 554.978 174.452 613.19 233.581 0.999997
000159 375 1242 1 255.432 177.616 304.403 200.776 0.998507
000159 375 1242 1 324.933 177.333 356.549 197.119 0.703647
000159 375 1242 1 892.972 188.55 948.757 212.996 0.607433
000160 375 1242 1 555.611 175.942 612.606 233.811 0.999997
000160 375 1242 1 247.873 177.419 302.842 201.54 0.999723
000160 375 1242 1 324.128 178.033 356.661 196.844 0.901875
000160 375 1242 1 902.749 190.693 959.451 210.788 0.551403
000161 375 1242 1 556.24 174.378 612.858 232.4 0.999999
000161 375 1242 1 241.011 179.03 300.29 200.815 0.999608
000161 375 1242 1 911.502 191.383 969.859 216.956 0.881625
000161 375 1242 1 288.312 175.906 359.102 199.693 0.850829
000162 375 1242 1 555.66 174.814 613.082 233.668 0.999997
000162 375 1242 1 239.728 178.437 296.432 204.135 0.999828
000162 375 1242 1 909.335 190.647 980.195 215.948 0.964922
000162 375 1242 1 315.707 177.438 354.455 200.08 0.952195
000163 375 1242 1 556.661 175.926 613.761 233.386 0.999998
000163 375 1242 1 233.939 179.121 292.557 203.969 0.999952
000163 375 1242 1 308.561 178.302 360.829 201.374 0.952396
000163 375 1242 1 915.169 190.588 989.026 218.235 0.927366
000164 375 1242 1 555.953 176.01 614.098 234.167 0.999998
000164 375 1242 1 229.06 181.659 288.07 208.774 0.997386
000164 375 1242 1 311.418 178.08 346.961 202.491 0.957042
000164 375 1242 1 930.937 191.912 996.034 218.677 0.560543
000165 375 1242 1 557.976 177.026 613.46 234.082 0.999998
000165 375 1242 1 220.416 180.247 278.758 207.212 0.999453
000165 375 1242 1 937.982 193.181 1004.71 218.437 0.962481
000166 375 1242 1 558.591 177.597 613.974 233.43 0.999999
000166 375 1242 1 940.948 194.058 1014.5 219.967 0.912377
000167 375 1242 1 558.801 177.164 613.81 232.189 1.0
000167 375 1242 1 944.575 194.37 1022.52 219.681 0.915036
000168 375 1242 1 560.842 178.206 614.979 232.587 0.999997
000168 375 1242 1 956.18 196.543 1031.36 221.085 0.973219
000169 375 1242 1 560.632 178.037 614.977 231.395 0.999997
000169 375 1242 1 968.786 195.127 1044.51 221.915 0.96894
000169 375 1242 1 1036.98 196.081 1092.57 224.875 0.696761
000170 375 1242 1 563.841 179.509 614.885 230.76 0.99999
000170 375 1242 1 181.018 182.767 244.942 211.761 0.999128
000170 375 1242 1 285.955 181.156 326.57 204.967 0.998841
000170 375 1242 1 977.798 195.667 1054.76 222.205 0.986272
000170 375 1242 1 1051.08 195.911 1123.33 226.146 0.980001
000170 375 1242 1 535.253 180.848 556.593 200.972 0.829732
000171 375 1242 1 562.564 179.385 615.658 230.346 0.999986
000171 375 1242 1 281.226 180.474 324.569 204.516 0.997928
000171 375 1242 1 991.756 197.468 1069.87 224.822 0.994994
000171 375 1242 1 1064.63 198.532 1146.76 227.447 0.986702
000171 375 1242 1 533.432 181.579 554.105 201.121 0.9689
000171 375 1242 1 250.329 179.564 291.877 207.309 0.929818
000171 375 1242 1 189.511 180.078 244.719 210.284 0.882571
000172 375 1242 1 563.428 178.172 617.59 229.201 0.999997
000172 375 1242 1 167.473 181.939 237.607 212.558 0.998971
000172 375 1242 1 999.752 197.269 1081.58 227.404 0.998083
000172 375 1242 1 530.791 179.495 554.275 202.509 0.9975
000172 375 1242 1 276.982 179.386 321.42 204.705 0.997156
000172 375 1242 1 1075.35 197.566 1167.07 228.398 0.991275
000173 375 1242 1 566.995 176.415 617.458 227.8 0.999988
000173 375 1242 1 529.09 180.797 553.812 202.985 0.99966
000173 375 1242 1 1093.89 199.714 1177.15 229.49 0.999246
000173 375 1242 1 151.921 180.068 229.352 212.061 0.998799
000173 375 1242 1 1003.06 196.296 1104.44 226.071 0.995556
000173 375 1242 1 272.386 179.5 317.056 206.607 0.987759
000173 375 1242 1 221.042 177.528 285.785 206.733 0.784646
000174 375 1242 1 567.598 178.632 618.306 229.853 0.999984
000174 375 1242 1 1102.09 199.009 1191.14 230.399 0.999676
000174 375 1242 1 526.138 181.523 552.02 204.849 0.999581
000174 375 1242 1 264.616 180.121 314.955 205.452 0.998708
000174 375 1242 1 139.532 180.393 213.18 211.863 0.998615
000174 375 1242 1 1020.9 197.13 1115.88 229.413 0.996707
000174 375 1242 1 213.93 177.65 279.741 209.63 0.987207
000174 375 1242 1 313.534 182.295 349.616 202.93 0.951078
000175 375 1242 1 567.593 178.165 618.966 230.077 0.999992
000175 375 1242 1 523.657 181.618 551.402 205.709 0.999973
000175 375 1242 1 1125.1 198.392 1210.35 232.72 0.999918
000175 375 1242 1 210.172 177.281 273.2 209.263 0.999364
000175 375 1242 1 124.558 180.247 214.955 213.876 0.99761
000175 375 1242 1 1040.14 199.127 1127.68 230.015 0.978071
000175 375 1242 1 308.021 181.149 346.773 204.441 0.958874
000176 375 1242 1 568.077 178.02 619.798 227.998 0.999997
000176 375 1242 1 1129.66 200.018 1229.82 234.996 0.999918
000176 375 1242 1 519.881 181.43 548.185 206.527 0.999858
000176 375 1242 1 197.821 177.9 274.305 207.748 0.999804
000176 375 1242 1 117.157 179.35 202.166 216.426 0.999228
000176 375 1242 1 1064.49 198.698 1147.84 233.793 0.987596
000176 375 1242 1 302.996 181.972 342.043 203.176 0.926505
000177 375 1242 1 515.877 181.844 545.64 208.611 0.999991
000177 375 1242 1 569.799 178.81 621.172 229.169 0.999983
000177 375 1242 1 1152.42 200.393 1242.0 236.677 0.999728
000177 375 1242 1 302.365 181.39 338.795 205.133 0.998407
000177 375 1242 1 100.043 182.428 187.727 218.849 0.996711
000177 375 1242 1 189.659 176.768 255.083 210.422 0.995736
000177 375 1242 1 247.37 180.808 299.991 206.75 0.92521
000177 375 1242 1 1055.65 201.137 1165.01 234.22 0.921406
000178 375 1242 1 569.361 178.783 621.717 228.457 0.999997
000178 375 1242 1 511.228 182.025 542.348 210.625 0.999989
000178 375 1242 1 235.702 179.193 297.019 209.122 0.999326
000178 375 1242 1 292.112 182.043 335.496 206.598 0.999073
000178 375 1242 1 83.5476 180.002 170.816 220.517 0.995683
000178 375 1242 1 175.757 176.613 252.893 211.319 0.988837
000178 375 1242 1 1063.13 199.623 1162.72 235.418 0.966126
000178 375 1242 1 1165.13 201.793 1242.0 237.216 0.958634
000179 375 1242 1 571.373 178.102 621.473 225.179 0.999994
000179 375 1242 1 504.454 181.472 541.472 210.798 0.999969
000179 375 1242 1 287.308 181.45 332.11 206.108 0.999439
000179 375 1242 1 233.363 179.214 286.333 209.077 0.99881
000179 375 1242 1 165.658 174.496 240.15 211.75 0.995978
000179 375 1242 1 62.9722 179.518 160.282 220.156 0.992455
000179 375 1242 1 1078.59 201.178 1193.68 236.211 0.984103
000179 375 1242 1 1177.62 200.279 1242.0 236.966 0.981998
000180 375 1242 1 570.262 177.254 623.189 225.429 0.999999
000180 375 1242 1 497.525 179.792 537.774 212.458 0.99999
000180 375 1242 1 150.882 174.894 231.723 211.453 0.999981
000180 375 1242 1 217.511 177.352 280.982 208.296 0.999815
000180 375 1242 1 279.828 179.787 326.541 204.131 0.997521
000180 375 1242 1 1095.57 196.469 1208.37 235.591 0.99669
000180 375 1242 1 541.048 178.778 566.948 196.794 0.956746
000180 375 1242 1 50.0584 179.203 139.52 218.669 0.801405
000181 375 1242 1 489.94 179.097 533.512 214.431 0.999999
000181 375 1242 1 572.54 176.737 622.352 224.582 0.99999
000181 375 1242 1 131.852 174.194 221.847 213.104 0.999953
000181 375 1242 1 1116.39 197.295 1233.69 238.372 0.998966
000181 375 1242 1 208.189 177.06 277.465 207.835 0.998724
000181 375 1242 1 538.817 177.463 565.05 197.905 0.998619
000181 375 1242 1 273.845 180.011 319.166 203.428 0.995408
000181 375 1242 1 20.9485 180.929 115.407 219.647 0.762187
000182 375 1242 1 482.089 180.259 530.492 218.673 0.999999
000182 375 1242 1 572.679 174.892 624.305 225.495 0.999997
000182 375 1242 1 121.415 172.953 210.21 211.908 0.999966
000182 375 1242 1 198.594 179.435 268.927 207.063 0.999887
000182 375 1242 1 262.983 180.233 317.08 205.318 0.999788
000182 375 1242 1 1135.3 200.737 1242.0 239.54 0.999084
000182 375 1242 1 536.112 177.314 563.481 199.257 0.997745
000182 375 1242 1 23.3289 177.344 131.908 230.453 0.610635
000183 375 1242 1 573.193 177.364 624.473 225.594 0.999999
000183 375 1242 1 469.607 180.703 523.678 222.244 0.999999
000183 375 1242 1 255.305 180.714 308.835 206.883 0.999958
000183 375 1242 1 185.42 181.118 259.865 211.109 0.999937
000183 375 1242 1 104.722 175.444 208.766 215.245 0.999889
000183 375 1242 1 532.646 179.261 561.61 200.606 0.99973
000183 375 1242 1 1153.66 201.894 1242.0 240.734 0.99128
000183 375 1242 1 18.8063 178.355 107.089 224.346 0.917289
000184 375 1242 1 458.78 182.227 518.11 227.748 0.999999
000184 375 1242 1 573.749 177.781 624.695 224.778 0.999997
000184 375 1242 1 531.796 180.283 560.544 202.308 0.999915
000184 375 1242 1 88.0208 176.397 197.16 216.456 0.999905
000184 375 1242 1 245.224 181.171 303.981 207.079 0.999892
000184 375 1242 1 173.078 182.248 248.921 207.66 0.999131
000184 375 1242 1 1178.17 204.344 1242.0 241.858 0.865653
000184 375 1242 1 0.0 181.876 90.116 227.11 0.516387
000185 375 1242 1 445.953 179.816 510.023 232.122 0.999999
000185 375 1242 1 576.43 177.42 626.028 224.659 0.999995
000185 375 1242 1 67.5789 175.268 181.371 217.236 0.999965
000185 375 1242 1 169.712 178.635 240.323 209.971 0.999964
000185 375 1242 1 527.227 178.609 559.637 203.186 0.999948
000185 375 1242 1 236.469 180.668 296.851 208.744 0.999797
000186 375 1242 1 424.842 178.769 503.657 239.228 0.999999
000186 375 1242 1 578.246 176.675 625.779 224.172 0.999998
000186 375 1242 1 523.917 179.141 558.433 204.88 0.999984
000186 375 1242 1 227.884 181.035 289.627 209.266 0.999964
000186 375 1242 1 150.014 179.542 236.998 209.995 0.999778
000186 375 1242 1 51.5673 175.227 158.771 218.925 0.999251
000187 375 1242 1 396.791 182.068 489.482 249.88 1.0
000187 375 1242 1 520.268 178.557 555.846 206.66 0.999998
000187 375 1242 1 579.8 176.909 626.837 223.501 0.999995
000187 375 1242 1 217.388 181.104 281.081 210.635 0.999967
000187 375 1242 1 140.242 180.849 220.961 214.537 0.999867
000187 375 1242 1 31.8625 179.11 147.239 223.499 0.999345
000188 375 1242 1 360.683 182.689 474.693 264.796 1.0
000188 375 1242 1 580.242 176.708 628.065 225.044 0.999998
000188 375 1242 1 514.459 180.081 553.401 208.467 0.999987
000188 375 1242 1 123.63 180.228 209.358 216.921 0.99997
000188 375 1242 1 208.088 181.565 273.663 211.441 0.99995
000188 375 1242 1 22.9439 175.028 126.351 225.496 0.999365
000189 375 1242 1 579.219 178.076 626.476 224.067 0.999998
000189 375 1242 1 107.294 181.66 196.402 218.316 0.999998
000189 375 1242 1 305.623 184.406 451.707 283.314 0.999998
000189 375 1242 1 508.025 180.563 549.752 212.473 0.999988
000189 375 1242 1 197.172 184.316 265.635 213.548 0.999983
000189 375 1242 1 0.641746 177.909 109.056 229.263 0.999775
000190 375 1242 1 580.617 178.165 629.097 225.559 0.999998
000190 375 1242 1 220.681 184.355 416.761 318.242 0.999996
000190 375 1242 1 500.889 181.736 547.194 215.853 0.999995
000190 375 1242 1 184.364 184.167 257.327 218.255 0.999994
000190 375 1242 1 90.0397 182.46 181.589 221.212 0.999964
000190 375 1242 1 0.0 178.698 107.221 232.205 0.968783
000190 375 1242 1 552.117 178.205 570.462 196.14 0.561414
000191 375 1242 1 491.891 183.385 542.052 219.97 0.999995
000191 375 1242 1 582.623 177.972 629.532 227.307 0.999991
000191 375 1242 1 72.7534 184.859 171.421 224.004 0.999978
000191 375 1242 1 79.0198 188.257 357.243 370.093 0.999766
000191 375 1242 1 174.927 187.048 250.612 221.814 0.928164
000191 375 1242 1 551.086 178.184 570.626 198.887 0.631659
000192 375 1242 1 480.258 184.424 538.883 224.347 0.999999
000192 375 1242 1 584.478 178.391 630.786 225.028 0.999997
000192 375 1242 1 159.502 184.377 233.069 224.062 0.95057
000192 375 1242 1 548.816 178.863 570.778 198.606 0.8416
000192 375 1242 1 0.0 192.713 308.158 370.091 0.627913
000193 375 1242 1 469.511 183.784 532.538 229.39 0.999999
000193 375 1242 1 583.117 177.588 632.481 224.112 0.999997
000193 375 1242 1 146.661 186.151 224.668 221.298 0.999965
000193 375 1242 1 27.092 184.765 139.957 227.338 0.999943
000193 375 1242 1 545.976 178.073 569.952 199.759 0.978517
000194 375 1242 1 452.54 186.565 530.184 235.078 1.0
000194 375 1242 1 586.124 178.66 632.503 224.769 0.999997
000194 375 1242 1 12.943 183.934 118.869 229.371 0.999982
000194 375 1242 1 126.342 186.568 213.232 223.06 0.999891
000194 375 1242 1 544.656 179.736 570.768 202.014 0.993253
000195 375 1242 1 433.76 185.962 518.744 244.344 1.0
000195 375 1242 1 587.246 178.748 633.439 224.538 0.999997
000195 375 1242 1 107.177 188.15 198.449 222.302 0.99997
000195 375 1242 1 544.183 179.185 569.355 201.478 0.999887
000195 375 1242 1 0.0 183.053 110.322 229.907 0.999851
000196 375 1242 1 405.65 185.809 508.078 253.939 1.0
000196 375 1242 1 588.028 177.46 632.563 224.256 0.999987
000196 375 1242 1 88.8369 184.743 184.916 222.794 0.999982
000196 375 1242 1 540.518 178.86 568.353 202.103 0.999976
000196 375 1242 1 0.0 184.067 96.7517 230.884 0.925876
000197 375 1242 1 356.472 187.719 495.71 268.211 0.999999
000197 375 1242 1 587.505 177.352 632.883 222.16 0.999999
000197 375 1242 1 68.5401 183.044 171.992 222.78 0.999995
000197 375 1242 1 537.251 178.618 566.289 202.628 0.99999
000198 375 1242 1 589.108 178.942 632.793 221.826 0.999998
000198 375 1242 1 302.833 186.573 470.576 285.383 0.999998
000198 375 1242 1 40.5202 182.267 151.687 225.333 0.999994
000198 375 1242 1 533.83 177.516 564.924 202.612 0.99999
000199 375 1242 1 16.4702 182.656 133.479 226.224 0.999995
000199 375 1242 1 588.294 179.178 633.079 225.245 0.999989
000199 375 1242 1 529.152 178.145 562.767 204.87 0.999979
000199 375 1242 1 209.832 188.711 439.198 321.722 0.999979
000200 375 1242 1 524.44 178.99 559.037 207.878 0.99999
000200 375 1242 1 588.091 178.691 634.596 224.297 0.999984
000200 375 1242 1 0.0 183.239 116.285 229.195 0.999967
000200 375 1242 1 31.2576 191.976 406.588 375.0 0.998883
000201 375 1242 1 588.254 179.546 631.686 222.166 0.999998
000201 375 1242 1 517.732 177.472 556.919 209.814 0.999991
000202 375 1242 1 513.274 176.83 553.583 211.486 0.999997
000202 375 1242 1 588.642 177.665 631.989 221.045 0.999991
000202 375 1242 1 551.415 178.221 574.942 197.843 0.656778
000203 375 1242 1 588.377 175.818 634.33 219.85 0.999994
000203 375 1242 1 504.313 175.848 549.577 212.236 0.999984
000203 375 1242 1 547.139 176.681 571.881 198.29 0.947707
000204 375 1242 1 588.321 177.014 633.036 220.515 0.999995
000204 375 1242 1 497.438 175.179 543.401 215.763 0.999994
000204 375 1242 1 546.088 177.851 572.037 199.568 0.949845
000205 375 1242 1 484.221 177.668 539.475 219.588 0.999994
000205 375 1242 1 589.179 177.09 631.753 219.955 0.999978
000205 375 1242 1 542.397 178.085 568.175 201.179 0.996919
000206 375 1242 1 588.268 174.251 632.235 217.319 0.999992
000206 375 1242 1 471.804 176.506 535.26 223.682 0.999988
000206 375 1242 1 539.324 176.465 565.788 201.685 0.999801
000207 375 1242 1 456.728 173.195 525.817 229.255 0.999996
000207 375 1242 1 588.258 173.852 631.647 215.806 0.999987
000207 375 1242 1 535.829 176.116 564.577 201.461 0.999215
000208 375 1242 1 433.986 175.387 516.085 237.214 0.999998
000208 375 1242 1 589.123 174.176 632.485 216.477 0.999997
000208 375 1242 1 530.424 177.168 562.93 204.553 0.999862
000209 375 1242 1 405.14 177.357 507.52 249.172 1.0
000209 375 1242 1 590.711 176.446 631.355 220.093 0.999985
000209 375 1242 1 524.463 179.031 561.065 209.012 0.999892
000210 375 1242 1 365.425 178.244 490.153 264.063 1.0
000210 375 1242 1 590.827 179.525 630.847 221.213 0.999995
000210 375 1242 1 518.193 181.662 556.377 213.476 0.999984
000211 375 1242 1 510.954 180.973 551.529 216.211 0.999998
000211 375 1242 1 589.744 179.681 630.531 220.769 0.999997
000211 375 1242 1 302.352 177.208 469.717 287.462 0.999995
000212 375 1242 1 588.464 178.099 631.684 219.073 0.999996
000212 375 1242 1 502.448 179.771 549.251 219.457 0.99998
000212 375 1242 1 207.154 174.142 439.997 320.066 0.99989
000212 375 1242 1 551.112 179.365 572.754 199.607 0.524117
000213 375 1242 1 589.691 176.044 632.112 219.279 0.999997
000213 375 1242 1 491.382 177.879 542.043 219.914 0.99996
000213 375 1242 1 15.7103 174.5 406.156 375.0 0.988209
000213 375 1242 1 546.167 178.109 572.82 199.511 0.98649
000214 375 1242 1 588.87 177.522 631.017 217.614 0.999997
000214 375 1242 1 477.765 178.731 537.978 223.92 0.999992
000214 375 1242 1 544.457 178.995 572.269 200.431 0.994639
000214 375 1242 1 385.896 175.143 413.776 194.595 0.969511
000215 375 1242 1 589.21 176.582 629.511 217.549 0.999998
000215 375 1242 1 462.22 176.826 526.426 232.878 0.999964
000215 375 1242 1 541.821 179.981 569.967 202.272 0.998887
000215 375 1242 1 382.963 175.291 412.238 195.623 0.991776
000216 375 1242 1 589.931 177.481 629.602 218.157 0.999996
000216 375 1242 1 439.383 178.909 519.483 242.329 0.999995
000216 375 1242 1 537.716 180.615 566.491 203.38 0.999605
000216 375 1242 1 377.008 175.561 408.17 195.124 0.987799
000217 375 1242 1 589.094 177.908 630.768 218.106 0.999998
000217 375 1242 1 410.062 180.305 505.222 251.495 0.999994
000217 375 1242 1 533.848 180.887 566.429 206.216 0.999977
000217 375 1242 1 373.7 174.85 405.33 195.337 0.997224
000218 375 1242 1 590.467 178.249 630.38 218.748 0.999998
000218 375 1242 1 366.755 181.25 487.74 272.068 0.999998
000218 375 1242 1 529.045 181.322 563.939 208.959 0.999965
000218 375 1242 1 370.713 175.503 405.254 198.909 0.975575
000219 375 1242 1 590.405 179.6 629.847 220.246 0.999995
000219 375 1242 1 302.371 180.174 462.794 297.261 0.99999
000219 375 1242 1 524.177 184.145 561.672 213.181 0.999985
000219 375 1242 1 360.818 178.259 400.637 200.103 0.615645
000220 375 1242 1 590.068 181.877 629.668 222.099 0.999998
000220 375 1242 1 518.827 185.008 559.38 215.881 0.999966
000220 375 1242 1 190.641 181.571 427.609 339.024 0.99988
000220 375 1242 1 358.251 179.256 396.829 202.703 0.963078
000221 375 1242 1 510.726 183.584 555.023 218.053 0.999999
000221 375 1242 1 590.487 181.061 630.237 221.084 0.999998
000221 375 1242 1 355.149 179.746 390.53 203.311 0.999774
000221 375 1242 1 2.28042 184.915 379.679 375.0 0.998198
000222 375 1242 1 502.611 183.214 550.828 221.762 0.999999
000222 375 1242 1 590.753 180.685 630.919 221.406 0.999997
000222 375 1242 1 349.755 177.976 386.198 202.594 0.999706
000222 375 1242 1 559.623 180.509 579.145 200.992 0.880898
000223 375 1242 1 492.156 183.711 547.875 225.317 0.999999
000223 375 1242 1 591.715 179.985 631.194 220.937 0.999999
000223 375 1242 1 344.055 177.659 381.742 202.896 0.999763
000223 375 1242 1 557.488 179.856 578.229 200.484 0.94046
000224 375 1242 1 480.881 185.508 541.732 230.846 1.0
000224 375 1242 1 591.336 178.766 631.385 219.437 0.999997
000224 375 1242 1 338.032 177.579 377.702 202.836 0.999811
000224 375 1242 1 553.507 179.701 577.724 200.794 0.989456
000225 375 1242 1 464.205 184.784 535.576 236.671 1.0
000225 375 1242 1 592.461 176.761 631.265 217.818 0.999996
000225 375 1242 1 330.545 176.552 371.763 203.056 0.999717
000225 375 1242 1 550.896 179.119 577.74 202.254 0.998898
000226 375 1242 1 443.297 183.054 524.853 245.593 1.0
000226 375 1242 1 591.624 177.237 630.958 217.804 0.999998
000226 375 1242 1 324.728 176.083 365.314 202.8 0.999974
000226 375 1242 1 548.542 178.845 575.74 201.816 0.999844
000227 375 1242 1 411.987 184.852 512.522 256.249 1.0
000227 375 1242 1 591.336 176.696 630.918 217.701 0.999999
000227 375 1242 1 545.68 178.674 573.48 201.833 0.999969
000227 375 1242 1 315.759 175.489 360.584 203.552 0.999899
000228 375 1242 1 372.196 188.267 494.293 275.854 1.0
000228 375 1242 1 592.028 177.623 631.072 217.305 0.999997
000228 375 1242 1 540.453 177.933 571.454 204.115 0.999996
000228 375 1242 1 307.277 175.705 354.352 204.508 0.999882
000229 375 1242 1 298.899 187.534 472.991 306.793 1.0
000229 375 1242 1 591.958 178.647 630.831 217.771 0.999998
000229 375 1242 1 536.164 178.398 569.623 205.329 0.999988
000229 375 1242 1 296.803 176.341 347.223 204.347 0.999835
000230 375 1242 1 591.095 177.027 632.291 217.411 0.999998
000230 375 1242 1 530.384 177.429 566.585 206.179 0.999993
000230 375 1242 1 172.708 186.909 418.472 354.801 0.999952
000230 375 1242 1 285.18 175.237 338.338 209.27 0.999715
000231 375 1242 1 588.653 177.159 628.894 217.686 0.999996
000231 375 1242 1 523.071 178.021 561.884 209.437 0.999993
000231 375 1242 1 277.82 176.953 328.151 206.37 0.999983
000231 375 1242 1 12.6438 199.432 372.425 375.0 0.986007
000232 375 1242 1 515.191 179.257 558.791 213.158 0.999995
000232 375 1242 1 589.697 178.465 628.987 217.634 0.999993
000232 375 1242 1 264.812 176.413 319.025 209.568 0.999925
000233 375 1242 1 588.407 178.803 628.164 219.142 0.999998
000233 375 1242 1 506.304 180.177 551.532 215.877 0.999997
000233 375 1242 1 252.092 179.763 309.974 210.81 0.999948
000234 375 1242 1 494.184 178.624 548.765 217.647 1.0
000234 375 1242 1 587.778 178.052 625.394 215.278 0.999997
000234 375 1242 1 240.29 174.843 299.617 210.011 0.999984
000235 375 1242 1 482.215 178.932 541.796 221.301 0.999999
000235 375 1242 1 588.068 175.97 626.159 215.893 0.99999
000235 375 1242 1 227.697 173.598 288.609 210.959 0.999984
000236 375 1242 1 466.765 179.495 534.679 227.806 0.999998
000236 375 1242 1 586.209 176.776 623.355 214.742 0.999997
000236 375 1242 1 210.05 174.988 277.605 211.998 0.999909
000237 375 1242 1 450.11 179.612 521.074 237.013 1.0
000237 375 1242 1 584.476 176.514 623.723 215.329 0.999998
000237 375 1242 1 195.532 175.778 264.871 213.627 0.999933
000238 375 1242 1 419.46 178.473 513.525 247.496 1.0
000238 375 1242 1 584.367 176.868 623.714 215.391 0.999997
000238 375 1242 1 178.18 175.396 251.296 214.953 0.999976
000239 375 1242 1 382.161 178.172 500.899 260.855 1.0
000239 375 1242 1 584.721 176.292 622.561 214.257 0.999997
000239 375 1242 1 158.623 175.906 238.714 215.935 0.999979
000240 375 1242 1 335.044 179.994 482.456 278.855 1.0
000240 375 1242 1 137.91 176.621 223.138 218.312 0.999992
000240 375 1242 1 584.514 176.877 622.237 214.807 0.999987
000241 375 1242 1 583.764 177.146 621.099 215.499 0.999994
000241 375 1242 1 249.122 181.33 451.048 317.453 0.999985
000241 375 1242 1 113.962 176.287 209.313 219.831 0.999961
000242 375 1242 1 583.502 176.63 621.055 215.444 0.999995
000242 375 1242 1 89.4064 177.606 191.361 222.294 0.999965
000242 375 1242 1 77.4157 181.916 431.547 375.0 0.999732
000243 375 1242 1 583.7 176.274 621.72 215.44 0.999995
000243 375 1242 1 46.0768 176.099 185.943 238.339 0.871684
000244 375 1242 1 583.846 176.529 621.189 214.6 0.999996
000244 375 1242 1 33.6955 175.768 148.783 228.82 0.999923
000245 375 1242 1 583.503 177.098 621.869 214.592 0.999996
000245 375 1242 1 3.7481 177.699 125.259 232.142 0.999962
000245 375 1242 1 379.094 181.438 406.208 199.631 0.881751
000246 375 1242 1 584.206 175.91 619.977 213.083 0.999991
000246 375 1242 1 0.0 176.56 99.8294 233.822 0.995668
000246 375 1242 1 374.796 180.325 400.582 197.508 0.89622
000247 375 1242 1 583.571 176.268 620.699 214.645 0.999996
000247 375 1242 1 366.834 179.118 397.511 198.479 0.951492
000247 375 1242 1 549.81 178.369 572.699 197.248 0.544758
000248 375 1242 1 583.511 178.64 619.861 216.663 0.999992
000248 375 1242 1 362.636 182.263 390.39 200.342 0.977222
000248 375 1242 1 549.03 179.839 571.187 200.468 0.702454
000249 375 1242 1 584.042 179.366 620.123 216.633 0.999991
000249 375 1242 1 356.387 183.357 387.524 202.337 0.99316
000249 375 1242 1 544.875 180.819 570.046 202.753 0.984948
000250 375 1242 1 583.557 179.52 619.638 216.782 0.999991
000250 375 1242 1 349.192 182.712 382.324 202.944 0.996875
000250 375 1242 1 542.583 181.729 567.607 202.983 0.995142
000251 375 1242 1 584.518 178.045 621.474 215.807 0.999997
000251 375 1242 1 538.591 181.529 566.558 204.871 0.999619
000251 375 1242 1 344.2 182.959 371.02 203.694 0.948749
000252 375 1242 1 584.738 178.922 621.318 216.102 0.999997
000252 375 1242 1 535.637 181.405 563.9 205.04 0.999761
000253 375 1242 1 583.465 177.557 621.117 215.924 0.999994
000253 375 1242 1 531.868 180.008 560.825 205.495 0.999985
000254 375 1242 1 584.223 177.396 621.167 214.599 0.999994
000254 375 1242 1 526.994 180.815 558.341 206.575 0.999936
000255 375 1242 1 584.619 177.42 621.325 214.981 0.999995
000255 375 1242 1 520.79 181.285 557.795 209.11 0.999971
000256 375 1242 1 513.986 181.494 555.84 212.34 0.999996
000256 375 1242 1 584.943 178.851 621.79 216.498 0.999995
000257 375 1242 1 507.891 182.952 551.672 214.911 0.999998
000257 375 1242 1 585.193 178.776 621.599 213.841 0.999989
000257 375 1242 1 295.057 185.034 335.968 209.22 0.999892
000257 375 1242 1 542.615 181.774 564.506 203.031 0.970567
000258 375 1242 1 499.65 178.15 546.555 215.236 0.999998
000258 375 1242 1 585.372 174.02 623.376 211.715 0.999993
000258 375 1242 1 284.169 181.45 327.959 206.124 0.999966
000258 375 1242 1 537.708 177.183 563.745 199.33 0.992529
000259 375 1242 1 490.509 176.685 542.718 217.174 0.999997
000259 375 1242 1 585.426 172.271 623.008 210.384 0.999997
000259 375 1242 1 274.375 180.592 319.729 205.664 0.999989
000259 375 1242 1 535.932 176.033 561.179 198.646 0.999336
000260 375 1242 1 478.319 180.214 538.095 223.88 1.0
000260 375 1242 1 260.801 183.042 310.158 208.41 0.999998
000260 375 1242 1 585.34 174.955 623.156 212.859 0.999996
000260 375 1242 1 529.783 178.305 559.074 202.479 0.999956
000260 375 1242 1 362.181 178.82 391.869 199.49 0.909544
000261 375 1242 1 246.291 184.009 302.079 209.887 1.0
000261 375 1242 1 463.156 181.65 531.607 231.227 0.999999
000261 375 1242 1 585.384 176.771 622.789 214.271 0.999994
000261 375 1242 1 526.867 180.336 557.725 206.054 0.999968
000261 375 1242 1 355.509 182.073 384.863 200.106 0.762489
000262 375 1242 1 440.99 180.278 522.214 237.031 1.0
000262 375 1242 1 233.896 180.451 292.122 208.677 1.0
000262 375 1242 1 586.403 176.002 623.625 212.593 0.999994
000262 375 1242 1 520.882 177.939 555.015 206.014 0.999991
000262 375 1242 1 349.829 178.603 381.375 198.404 0.88814
000263 375 1242 1 419.857 180.335 513.622 246.82 0.999999
000263 375 1242 1 219.37 178.543 281.43 208.416 0.999997
000263 375 1242 1 585.832 174.438 624.338 211.751 0.999996
000263 375 1242 1 514.373 177.705 552.59 205.716 0.999986
000263 375 1242 1 343.231 175.423 376.696 196.64 0.990723
000263 375 1242 1 543.771 172.333 569.01 195.925 0.978706
000264 375 1242 1 377.515 180.311 503.479 257.008 1.0
000264 375 1242 1 203.485 176.578 265.444 207.364 1.0
000264 375 1242 1 507.565 175.924 548.612 207.162 0.999998
000264 375 1242 1 585.275 172.503 623.34 210.439 0.999997
000264 375 1242 1 335.436 175.974 368.492 195.723 0.996843
000264 375 1242 1 539.967 170.876 566.428 194.822 0.978403
000265 375 1242 1 325.922 179.496 483.674 279.082 1.0
000265 375 1242 1 186.526 178.004 252.829 210.801 0.999998
000265 375 1242 1 496.651 176.23 543.161 211.67 0.999998
000265 375 1242 1 584.879 172.941 621.663 210.257 0.999991
000265 375 1242 1 536.39 172.89 565.157 197.634 0.99926
000265 375 1242 1 327.58 175.865 362.746 195.908 0.995848
000266 375 1242 1 233.933 184.407 455.232 309.419 1.0
000266 375 1242 1 585.432 173.27 621.8 210.968 0.999998
000266 375 1242 1 164.313 178.092 235.911 209.831 0.999998
000266 375 1242 1 483.927 176.774 538.785 215.824 0.999992
000266 375 1242 1 532.764 173.083 561.269 199.502 0.999527
000267 375 1242 1 141.91 180.771 218.665 212.652 1.0
000267 375 1242 1 472.787 178.604 531.73 222.612 0.999997
000267 375 1242 1 583.946 174.412 621.753 210.608 0.999996
000267 375 1242 1 80.9737 172.704 428.922 372.132 0.999977
000267 375 1242 1 527.003 171.719 559.694 199.697 0.99707
000268 375 1242 1 458.867 179.089 522.869 226.033 0.999998
000268 375 1242 1 583.454 174.344 621.391 210.718 0.99999
000268 375 1242 1 523.696 173.733 556.74 203.559 0.999773
000268 375 1242 1 298.847 176.493 339.798 201.049 0.999732
000268 375 1242 1 0.0 192.553 380.544 375.0 0.923613
000268 375 1242 1 337.819 178.525 368.147 197.683 0.575147
000269 375 1242 1 93.904 180.777 180.382 219.941 1.0
000269 375 1242 1 583.969 174.567 621.293 211.687 0.999998
000269 375 1242 1 437.681 178.889 517.213 234.483 0.999998
000269 375 1242 1 289.502 177.155 331.865 200.792 0.999873
000269 375 1242 1 516.911 172.179 554.824 205.321 0.999849
000269 375 1242 1 328.846 178.114 362.557 197.259 0.81238
000270 375 1242 1 67.0412 181.975 162.077 222.339 1.0
000270 375 1242 1 585.155 174.517 623.985 211.937 0.999999
000270 375 1242 1 412.112 180.773 504.795 242.674 0.999998
000270 375 1242 1 278.663 176.828 322.972 202.097 0.999973
000270 375 1242 1 511.861 171.744 552.429 206.865 0.999867
000270 375 1242 1 317.396 176.211 356.689 198.817 0.961454
000270 375 1242 1 549.515 174.344 569.597 193.564 0.792903
000271 375 1242 1 377.357 180.546 492.454 253.588 1.0
000271 375 1242 1 585.966 175.161 622.479 211.635 0.999997
000271 375 1242 1 39.1004 183.124 139.373 225.198 0.999995
000271 375 1242 1 268.647 177.101 316.314 202.668 0.999986
000271 375 1242 1 505.255 171.867 549.271 211.379 0.999817
000271 375 1242 1 309.269 177.151 350.069 200.812 0.987884
000271 375 1242 1 545.185 174.714 571.261 195.181 0.949902
000272 375 1242 1 333.385 180.013 475.095 269.344 1.0
000272 375 1242 1 586.54 174.529 623.044 211.601 0.999995
000272 375 1242 1 4.17377 182.306 111.613 226.212 0.999988
000272 375 1242 1 255.811 177.964 308.826 203.215 0.999979
000272 375 1242 1 495.692 169.997 544.986 212.38 0.999742
000272 375 1242 1 543.77 176.313 570.081 196.731 0.997023
000272 375 1242 1 300.316 177.099 343.756 201.013 0.988433
000273 375 1242 1 264.285 183.673 446.772 300.902 0.999999
000273 375 1242 1 241.111 178.953 298.757 204.922 0.999995
000273 375 1242 1 585.599 174.467 623.434 212.652 0.999988
000273 375 1242 1 488.286 170.939 542.299 216.33 0.999926
000273 375 1242 1 540.588 176.003 570.014 197.866 0.999435
000273 375 1242 1 290.957 176.899 337.092 202.337 0.995856
000273 375 1242 1 0.0 183.868 105.665 229.033 0.9818
000274 375 1242 1 587.161 175.092 624.383 212.936 0.999994
000274 375 1242 1 475.485 173.273 537.75 223.009 0.999989
000274 375 1242 1 539.529 176.53 567.059 199.95 0.999978
000274 375 1242 1 118.622 183.6 408.095 344.376 0.999951
000274 375 1242 1 231.27 177.989 291.077 206.452 0.995405
000274 375 1242 1 277.509 178.649 336.231 207.151 0.922282
000275 375 1242 1 588.762 174.841 625.575 212.735 0.999997
000275 375 1242 1 460.726 172.582 529.294 227.913 0.99998
000275 375 1242 1 533.744 178.027 564.673 201.654 0.999975
000275 375 1242 1 268.307 177.988 318.535 205.085 0.997672
000275 375 1242 1 212.299 177.81 279.769 207.497 0.996971
000275 375 1242 1 0.0 188.81 379.204 373.732 0.992955
000276 375 1242 1 199.833 180.65 263.782 209.895 1.0
000276 375 1242 1 588.829 175.806 626.28 212.628 0.999994
000276 375 1242 1 529.486 176.95 562.179 203.479 0.999987
000276 375 1242 1 252.233 178.195 314.173 204.641 0.999742
000276 375 1242 1 442.473 172.557 522.529 235.031 0.999359
000277 375 1242 1 182.199 181.068 250.612 210.125 1.0
000277 375 1242 1 588.422 174.801 626.181 212.713 0.999996
000277 375 1242 1 524.002 177.669 560.125 205.394 0.999987
000277 375 1242 1 238.702 178.375 302.282 205.248 0.999909
000277 375 1242 1 417.827 170.482 512.323 243.509 0.999679
000278 375 1242 1 163.691 180.514 234.996 211.267 1.0
000278 375 1242 1 588.202 175.33 625.783 212.386 0.999999
000278 375 1242 1 380.859 171.932 498.375 256.45 0.999988
000278 375 1242 1 518.903 177.007 556.278 206.046 0.999979
000278 375 1242 1 222.986 177.244 292.165 205.404 0.999701
000279 375 1242 1 138.489 178.675 218.897 212.911 0.999999
000279 375 1242 1 589.043 174.005 627.409 212.165 0.999995
000279 375 1242 1 511.91 177.842 553.021 210.473 0.999973
000279 375 1242 1 330.493 167.119 478.538 273.925 0.999963
000279 375 1242 1 207.974 178.244 278.739 206.576 0.999829
000280 375 1242 1 114.882 180.159 202.173 217.404 0.999998
000280 375 1242 1 588.247 174.895 627.507 213.46 0.999996
000280 375 1242 1 502.55 178.03 547.974 211.416 0.999991
000280 375 1242 1 248.714 164.206 446.787 307.471 0.999921
000280 375 1242 1 191.466 181.097 266.094 210.782 0.999726
000281 375 1242 1 89.2934 181.656 180.906 220.244 1.0
000281 375 1242 1 589.726 175.02 628.271 213.205 0.999997
000281 375 1242 1 495.759 178.914 544.872 215.839 0.999991
000281 375 1242 1 103.035 160.815 407.823 360.394 0.998188
000282 375 1242 1 590.525 175.088 628.379 213.815 0.999997
000282 375 1242 1 482.452 178.651 538.636 220.607 0.999996
000282 375 1242 1 0.0 156.768 411.95 375.0 0.909946
000283 375 1242 1 591.107 175.471 628.016 213.381 0.999997
000283 375 1242 1 470.545 178.657 533.751 224.861 0.999995
000283 375 1242 1 132.425 178.862 224.323 214.67 0.999918
000284 375 1242 1 451.403 182.705 525.266 231.326 0.999998
000284 375 1242 1 591.194 175.802 628.721 213.633 0.999997
000284 375 1242 1 0.0 183.937 109.116 228.225 0.999988
000284 375 1242 1 103.451 179.136 206.819 218.162 0.999952
000285 375 1242 1 429.779 181.584 516.741 241.111 0.999997
000285 375 1242 1 590.682 174.986 629.332 213.944 0.999991
000285 375 1242 1 73.4973 180.698 186.291 221.1 0.999957
000285 375 1242 1 0.0 182.586 81.6757 230.635 0.992799
000286 375 1242 1 399.267 184.986 502.654 250.051 1.0
000286 375 1242 1 590.887 175.283 629.603 214.362 0.999998
000286 375 1242 1 38.8829 182.047 161.712 223.911 0.99961
000287 375 1242 1 353.824 183.387 485.036 264.758 0.999999
000287 375 1242 1 591.202 174.525 630.012 212.859 0.999984
000287 375 1242 1 5.76119 181.263 137.759 225.673 0.999394
000288 375 1242 1 282.468 186.669 468.98 289.371 0.999998
000288 375 1242 1 590.004 173.547 629.157 213.007 0.999996
000288 375 1242 1 0.0 179.791 119.666 228.354 0.995274
000289 375 1242 1 591.889 173.546 630.01 212.156 0.999995
000289 375 1242 1 176.694 183.902 427.605 329.379 0.999975
000290 375 1242 1 592.197 173.488 630.519 212.719 0.999998
000290 375 1242 1 0.0 193.348 403.322 375.0 0.998857
000291 375 1242 1 592.092 173.658 630.753 212.061 0.999995
000291 375 1242 1 0.0 202.017 311.421 362.604 0.554459
000292 375 1242 1 591.877 173.603 630.829 212.128 0.999997
000293 375 1242 1 592.188 173.704 631.382 212.774 0.999996
000294 375 1242 1 591.508 175.65 630.746 213.24 0.999998
000295 375 1242 1 592.384 176.316 631.075 215.296 0.999995
000296 375 1242 1 591.605 174.919 631.892 214.577 0.999998
