000000 1 Car -1 -1 -10 293.233673 166.050354 462.636902 288.311981 -1 -1 -1 12.128282 3.365810 -0.232025 -10 -1000
000000 2 Pedestrian -1 -1 -10 1105.047974 164.597794 1198.041626 322.646759 -1 -1 -1 8.130764 -5.426206 0.092282 -10 -1000
000000 3 Pedestrian -1 -1 -10 772.670532 150.421219 896.977844 356.402252 -1 -1 -1 5.142557 -1.448384 0.282444 -10 -1000
000000 4 Cyclist -1 -1 -10 768.678711 174.194672 900.155701 391.574158 -1 -1 -1 7.347581 -2.131012 -0.221498 -10 -1000
000001 1 Car -1 -1 -10 296.840772 165.514403 462.977616 286.745904 -1 -1 -1 12.250937 3.471657 -0.189698 -10 -1000
000001 2 Pedestrian -1 -1 -10 1133.185871 155.376400 1227.160769 321.574616 -1 -1 -1 7.776823 -4.982940 0.223716 -10 -1000
000001 3 Pedestrian -1 -1 -10 781.644832 145.631919 908.399166 360.622432 -1 -1 -1 5.618525 -1.461707 0.283775 -10 -1000
000001 4 Cyclist -1 -1 -10 764.615460 173.734350 901.793422 390.817005 -1 -1 -1 7.349471 -1.900189 -0.148636 -10 -1000
000002 1 Car -1 -1 -10 293.812882 158.930427 459.616280 281.535909 -1 -1 -1 12.442043 3.634988 -0.077214 -10 -1000
000002 2 Pedestrian -1 -1 -10 1164.947971 145.766354 1252.676278 315.864164 -1 -1 -1 7.825053 -4.886362 0.336259 -10 -1000
000002 3 Pedestrian -1 -1 -10 781.487146 134.356063 913.910292 362.853852 -1 -1 -1 5.843232 -1.388763 0.339508 -10 -1000
000002 4 Cyclist -1 -1 -10 772.387912 164.906794 913.306283 386.192051 -1 -1 -1 7.238178 -1.769018 -0.010344 -10 -1000
000002 10 Car -1 -1 -10 690.012146 173.687607 772.058167 229.640976 -1 -1 -1 28.792552 -3.838064 -0.421244 -10 -1000
000003 1 Car -1 -1 -10 287.488359 148.695136 456.092974 272.257776 -1 -1 -1 12.910403 3.910879 0.080197 -10 -1000
000003 2 Car -1 -1 -10 1195.355357 137.509731 1283.083665 307.607541 -1 -1 -1 7.761515 -4.700766 0.460512 -10 -1000
000003 3 Pedestrian -1 -1 -10 785.170639 127.708851 920.396538 364.716362 -1 -1 -1 6.384740 -1.431694 0.358538 -10 -1000
000003 4 Cyclist -1 -1 -10 779.194223 159.660867 921.297329 384.340914 -1 -1 -1 7.629979 -1.776288 0.036573 -10 -1000
000003 10 Car -1 -1 -10 697.977974 168.688678 786.590090 230.240689 -1 -1 -1 28.351412 -3.811850 -0.272749 -10 -1000
000004 1 Car -1 -1 -10 285.550763 144.789099 453.525968 269.645975 -1 -1 -1 13.342920 4.147588 0.143853 -10 -1000
000004 3 Pedestrian -1 -1 -10 793.218682 126.074001 923.916215 367.415121 -1 -1 -1 7.036126 -1.493441 0.350542 -10 -1000
000004 4 Cyclist -1 -1 -10 786.536324 158.416286 919.720086 383.814626 -1 -1 -1 7.888408 -1.697370 0.082297 -10 -1000
000004 10 Car -1 -1 -10 713.340516 169.562320 805.302121 230.208206 -1 -1 -1 27.920417 -3.940297 -0.218693 -10 -1000
000005 1 Car -1 -1 -10 282.118912 146.744167 450.959327 269.848383 -1 -1 -1 13.758564 4.424226 0.130063 -10 -1000
000005 3 Pedestrian -1 -1 -10 798.829624 125.868316 922.780377 364.748314 -1 -1 -1 7.684860 -1.518588 0.341462 -10 -1000
000005 4 Pedestrian -1 -1 -10 789.403088 155.568778 922.586850 380.967119 -1 -1 -1 8.090310 -1.597596 0.133877 -10 -1000
000005 10 Car -1 -1 -10 722.558490 169.468780 812.461088 231.337361 -1 -1 -1 26.766539 -3.665138 -0.154678 -10 -1000
000006 1 Car -1 -1 -10 281.043100 148.441843 448.550779 269.914311 -1 -1 -1 14.180020 4.709065 0.106803 -10 -1000
000006 3 Pedestrian -1 -1 -10 800.546054 129.775639 922.575195 360.308081 -1 -1 -1 8.296451 -1.512916 0.316433 -10 -1000
000006 4 Cyclist -1 -1 -10 790.162960 159.721261 924.988103 378.861172 -1 -1 -1 8.599589 -1.565548 0.102963 -10 -1000
000006 10 Cyclist -1 -1 -10 733.072615 169.667532 822.975213 231.536112 -1 -1 -1 26.635756 -3.607270 -0.131212 -10 -1000
000007 1 Car -1 -1 -10 283.245357 152.026117 446.020944 270.275748 -1 -1 -1 14.570591 4.966154 0.062627 -10 -1000
000007 3 Cyclist -1 -1 -10 794.311463 165.546589 923.507811 385.211687 -1 -1 -1 8.921178 -1.460997 0.055707 -10 -1000
000007 4 Pedestrian -1 -1 -10 804.272316 135.092709 924.524582 355.825166 -1 -1 -1 8.529089 -1.399520 0.320841 -10 -1000
000008 1 Car -1 -1 -10 283.418155 156.450911 441.310067 271.149254 -1 -1 -1 14.968722 5.256201 0.013921 -10 -1000
000008 3 Cyclist -1 -1 -10 801.257778 166.849036 932.318146 384.639264 -1 -1 -1 9.493987 -1.493241 0.023193 -10 -1000
000008 4 Pedestrian -1 -1 -10 806.073283 138.350538 927.701036 354.395912 -1 -1 -1 8.906806 -1.349178 0.314266 -10 -1000
000009 1 Car -1 -1 -10 284.553098 156.264001 437.985611 270.810876 -1 -1 -1 15.164634 5.424332 0.028295 -10 -1000
000009 3 Cyclist -1 -1 -10 800.368342 173.641840 931.158018 379.908031 -1 -1 -1 9.930285 -1.415902 0.004306 -10 -1000
000009 4 Pedestrian -1 -1 -10 810.167463 153.403141 924.132717 350.042281 -1 -1 -1 9.303541 -1.280298 0.274342 -10 -1000
000010 1 Car -1 -1 -10 287.270369 160.217247 435.601098 273.434039 -1 -1 -1 15.384216 5.597825 -0.020936 -10 -1000
000010 3 Cyclist -1 -1 -10 796.116364 168.414040 926.227431 380.774154 -1 -1 -1 10.170055 -1.238259 0.035752 -10 -1000
000010 4 Pedestrian -1 -1 -10 804.614915 154.287395 918.726038 352.408938 -1 -1 -1 9.437401 -1.086955 0.285227 -10 -1000
000011 1 Car -1 -1 -10 285.583687 162.204743 433.583065 274.641366 -1 -1 -1 15.559439 5.763585 -0.045467 -10 -1000
000011 3 Cyclist -1 -1 -10 795.583816 168.960230 924.665961 383.211342 -1 -1 -1 10.535878 -1.136711 0.014443 -10 -1000
000011 4 Pedestrian -1 -1 -10 802.820914 154.604715 914.707583 350.544591 -1 -1 -1 10.210215 -1.060340 0.238461 -10 -1000
000012 1 Car -1 -1 -10 283.329798 158.444746 431.076267 271.837673 -1 -1 -1 15.764080 5.938088 0.014617 -10 -1000
000012 3 Cyclist -1 -1 -10 795.017084 166.525771 920.592877 378.136368 -1 -1 -1 11.125309 -1.069514 0.012699 -10 -1000
000012 4 Pedestrian -1 -1 -10 802.662439 146.006261 916.393717 351.360137 -1 -1 -1 10.971824 -1.051976 0.227849 -10 -1000
000012 46 Cyclist -1 -1 -10 453.982208 170.321167 500.245880 222.684280 -1 -1 -1 25.589543 7.358603 -0.076467 -10 -1000
000013 1 Car -1 -1 -10 282.276366 154.480784 429.467853 267.405870 -1 -1 -1 16.100222 6.163727 0.098870 -10 -1000
000013 3 Cyclist -1 -1 -10 785.770074 160.351894 920.169833 371.169849 -1 -1 -1 11.813871 -0.975868 0.046200 -10 -1000
000013 4 Cyclist -1 -1 -10 806.242266 144.554345 919.973545 349.908221 -1 -1 -1 11.556746 -1.014449 0.239202 -10 -1000
000013 46 Cyclist -1 -1 -10 458.785508 171.627416 512.346332 226.975382 -1 -1 -1 24.934754 7.058322 -0.088511 -10 -1000
000014 1 Car -1 -1 -10 284.445472 153.642843 426.886610 265.602936 -1 -1 -1 16.391071 6.379322 0.132810 -10 -1000
000014 3 Cyclist -1 -1 -10 779.657811 156.140463 918.674048 372.882817 -1 -1 -1 12.348643 -0.852811 0.045148 -10 -1000
000014 46 Cyclist -1 -1 -10 465.971793 173.783868 519.112380 228.617738 -1 -1 -1 24.767458 6.990959 -0.101005 -10 -1000
000015 1 Car -1 -1 -10 285.994716 155.707546 424.672835 266.010040 -1 -1 -1 17.047692 6.821438 0.102787 -10 -1000
000015 3 Cyclist -1 -1 -10 772.643756 164.092522 907.122380 379.560731 -1 -1 -1 12.329659 -0.605160 0.039141 -10 -1000
000015 4 Pedestrian -1 -1 -10 773.655111 138.806933 909.101703 356.309924 -1 -1 -1 11.832825 -0.553844 0.302720 -10 -1000
000015 46 Cyclist -1 -1 -10 475.242239 171.332692 533.422701 230.059259 -1 -1 -1 25.033573 6.939823 -0.058570 -10 -1000
000015 54 Car -1 -1 -10 842.114990 182.303741 969.615601 258.441650 -1 -1 -1 25.083300 -3.702965 -0.287052 -10 -1000
000016 1 Car -1 -1 -10 285.597575 154.341516 421.710940 262.171106 -1 -1 -1 17.639373 7.244406 0.144207 -10 -1000
000016 3 Cyclist -1 -1 -10 767.889509 163.063661 906.681343 375.781118 -1 -1 -1 12.588235 -0.440079 0.091187 -10 -1000
000016 4 Cyclist -1 -1 -10 769.391735 129.745836 904.838326 347.248826 -1 -1 -1 12.085067 -0.381843 0.403835 -10 -1000
000016 46 Cyclist -1 -1 -10 480.206726 168.597098 542.561411 233.097990 -1 -1 -1 24.666080 6.794560 -0.005191 -10 -1000
000017 1 Car -1 -1 -10 283.133458 155.943449 420.042982 262.593885 -1 -1 -1 18.217000 7.667637 0.118771 -10 -1000
000017 3 Cyclist -1 -1 -10 763.441112 168.492675 903.510574 379.882272 -1 -1 -1 12.784978 -0.281929 0.082836 -10 -1000
000017 4 Pedestrian -1 -1 -10 767.529331 149.108675 896.386147 356.484632 -1 -1 -1 12.498725 -0.241549 0.295343 -10 -1000
000017 46 Pedestrian -1 -1 -10 487.343728 168.628726 549.698412 233.129618 -1 -1 -1 24.623126 6.736044 0.031535 -10 -1000
000018 1 Car -1 -1 -10 285.248683 164.348248 421.832216 269.886113 -1 -1 -1 18.411259 7.789726 -0.007801 -10 -1000
000018 3 Cyclist -1 -1 -10 760.929402 170.755297 900.699870 384.433470 -1 -1 -1 12.777253 -0.110743 0.110720 -10 -1000
000018 4 Pedestrian -1 -1 -10 768.935784 155.186469 890.109098 354.334882 -1 -1 -1 13.251245 -0.131389 0.242467 -10 -1000
000018 46 Cyclist -1 -1 -10 488.680181 173.300219 555.057771 235.714866 -1 -1 -1 25.231389 7.030329 -0.070839 -10 -1000
000019 1 Car -1 -1 -10 285.634969 172.294564 418.743788 274.220653 -1 -1 -1 18.878445 8.180286 -0.128118 -10 -1000
000019 3 Car -1 -1 -10 767.363137 152.973382 890.639161 352.291395 -1 -1 -1 13.738742 0.004364 0.257156 -10 -1000
000019 4 Pedestrian -1 -1 -10 764.016257 166.235820 893.966772 382.471747 -1 -1 -1 12.517293 0.074170 0.229572 -10 -1000
000019 46 Cyclist -1 -1 -10 498.056059 179.824651 566.359986 239.529508 -1 -1 -1 26.253114 7.297035 -0.237077 -10 -1000
000020 1 Car -1 -1 -10 285.635834 177.035077 417.709640 277.400157 -1 -1 -1 19.212172 8.499581 -0.202483 -10 -1000
000020 3 Cyclist -1 -1 -10 750.665010 180.511473 877.929083 394.341247 -1 -1 -1 12.702909 0.335036 0.161092 -10 -1000
000020 4 Pedestrian -1 -1 -10 768.020240 165.918755 885.759301 382.735285 -1 -1 -1 13.527097 0.213952 0.146946 -10 -1000
000020 46 Pedestrian -1 -1 -10 508.455427 183.941558 576.759354 243.646415 -1 -1 -1 26.562168 7.345815 -0.337793 -10 -1000
000020 73 Cyclist -1 -1 -10 508.707367 186.205551 578.514160 258.233063 -1 -1 -1 21.356303 5.464684 -0.149631 -10 -1000
000021 1 Car -1 -1 -10 288.450721 178.754998 415.173760 276.363927 -1 -1 -1 19.714095 8.917433 -0.236123 -10 -1000
000021 3 Cyclist -1 -1 -10 735.656183 179.753759 858.973625 384.935813 -1 -1 -1 13.642912 0.600492 0.098449 -10 -1000
000021 4 Pedestrian -1 -1 -10 757.392863 167.688559 872.302973 380.390297 -1 -1 -1 14.145113 0.457335 0.103998 -10 -1000
000022 1 Car -1 -1 -10 290.621602 176.595535 413.852969 272.396794 -1 -1 -1 20.132823 9.298046 -0.188633 -10 -1000
000022 3 Cyclist -1 -1 -10 736.313571 174.538233 851.348184 383.644027 -1 -1 -1 14.409037 0.812434 0.067771 -10 -1000
000022 4 Pedestrian -1 -1 -10 747.584556 166.268770 858.484439 372.416986 -1 -1 -1 14.224922 0.735027 0.180576 -10 -1000
000022 73 Cyclist -1 -1 -10 521.337859 178.861006 591.500365 247.660594 -1 -1 -1 21.894832 5.720100 0.051865 -10 -1000
000023 1 Car -1 -1 -10 296.277893 170.868974 414.371971 267.062999 -1 -1 -1 20.092906 9.297008 -0.032994 -10 -1000
000023 3 Pedestrian -1 -1 -10 742.345855 167.670624 847.529864 374.134065 -1 -1 -1 15.334933 0.998791 0.079008 -10 -1000
000023 4 Pedestrian -1 -1 -10 735.051861 163.028974 845.951744 369.177190 -1 -1 -1 14.504084 1.007400 0.228878 -10 -1000
000023 73 Pedestrian -1 -1 -10 527.899264 176.379725 598.061770 245.179313 -1 -1 -1 21.923850 5.761832 0.145020 -10 -1000
000024 1 Car -1 -1 -10 299.399823 170.193800 413.241603 264.977429 -1 -1 -1 20.271042 9.489674 0.014082 -10 -1000
000024 3 Cyclist -1 -1 -10 725.058095 175.807914 832.578901 368.055188 -1 -1 -1 15.843173 1.340696 0.049805 -10 -1000
000024 4 Pedestrian -1 -1 -10 729.922853 158.665718 832.300883 347.618059 -1 -1 -1 15.410652 1.294386 0.283774 -10 -1000
000025 1 Car -1 -1 -10 304.401157 170.621999 414.506073 264.099084 -1 -1 -1 20.462100 9.627307 0.036468 -10 -1000
000025 3 Cyclist -1 -1 -10 708.160468 177.039032 826.668934 363.004230 -1 -1 -1 16.840254 1.694137 -0.018372 -10 -1000
000025 4 Pedestrian -1 -1 -10 720.094002 163.300999 826.832900 340.609486 -1 -1 -1 15.703158 1.536740 0.305956 -10 -1000
000025 73 Cyclist -1 -1 -10 544.077087 176.087979 619.906602 252.952519 -1 -1 -1 22.218125 5.783561 0.129643 -10 -1000
000026 1 Car -1 -1 -10 312.778523 162.856281 420.393549 257.080258 -1 -1 -1 20.695377 9.756533 0.207211 -10 -1000
000026 3 Cyclist -1 -1 -10 698.362792 177.022534 823.951151 360.585344 -1 -1 -1 17.424718 2.015585 -0.017570 -10 -1000
000026 4 Cyclist -1 -1 -10 716.595733 164.292323 823.334632 341.600810 -1 -1 -1 16.083560 1.782710 0.315707 -10 -1000
000026 73 Cyclist -1 -1 -10 554.193801 163.122292 637.893160 255.330398 -1 -1 -1 22.123941 5.662342 0.292455 -10 -1000
000027 1 Car -1 -1 -10 321.146652 157.192612 425.376383 249.172164 -1 -1 -1 21.325807 10.175173 0.335807 -10 -1000
000027 4 Cyclist -1 -1 -10 687.450734 170.035030 817.174109 355.314051 -1 -1 -1 17.350057 2.265959 0.115630 -10 -1000
000027 73 Cyclist -1 -1 -10 566.368517 158.423991 650.067876 250.632096 -1 -1 -1 22.180876 5.609178 0.423656 -10 -1000
000028 1 Car -1 -1 -10 325.037449 156.948468 426.218186 245.748635 -1 -1 -1 21.970504 10.692717 0.355830 -10 -1000
000028 4 Cyclist -1 -1 -10 674.147107 165.779164 802.627283 349.610818 -1 -1 -1 17.290915 2.546411 0.213350 -10 -1000
000029 1 Car -1 -1 -10 330.260055 163.017581 429.337895 249.064022 -1 -1 -1 22.546101 11.160992 0.245545 -10 -1000
000029 3 Cyclist -1 -1 -10 663.020005 167.254438 798.276987 348.536515 -1 -1 -1 18.017523 2.926729 0.163153 -10 -1000
000030 1 Car -1 -1 -10 333.308912 166.675288 430.469348 249.837963 -1 -1 -1 23.309713 11.836378 0.154993 -10 -1000
000030 3 Cyclist -1 -1 -10 651.565120 167.607141 794.050767 349.129709 -1 -1 -1 18.260998 3.215068 0.154721 -10 -1000
000030 100 Car -1 -1 -10 306.269142 181.949349 356.900511 215.232957 -1 -1 -1 42.380061 30.614783 -0.869135 -10 -1000
000031 1 Car -1 -1 -10 339.055508 167.965827 433.726475 249.130002 -1 -1 -1 23.965783 12.408747 0.117179 -10 -1000
000031 3 Cyclist -1 -1 -10 635.933257 163.981863 770.243946 347.346971 -1 -1 -1 18.264215 3.604621 0.207037 -10 -1000
000031 100 Car -1 -1 -10 313.479393 183.384615 360.168679 211.836726 -1 -1 -1 43.627101 32.010458 -0.882688 -10 -1000
000031 106 Car -1 -1 -10 576.304138 163.013901 678.062988 225.044495 -1 -1 -1 35.504433 10.971477 0.169922 -10 -1000
000032 1 Car -1 -1 -10 346.589040 164.163162 439.901377 246.507033 -1 -1 -1 24.560437 12.873496 0.166848 -10 -1000
000032 4 Cyclist -1 -1 -10 639.979811 158.411908 755.252335 346.296111 -1 -1 -1 18.444938 3.868107 0.250810 -10 -1000
000032 106 Car -1 -1 -10 586.050039 164.099529 685.910086 220.609609 -1 -1 -1 33.566656 10.275447 0.318252 -10 -1000
000033 1 Car -1 -1 -10 358.131969 162.338785 452.893869 244.863233 -1 -1 -1 25.374399 13.350720 0.172164 -10 -1000
000033 3 Pedestrian -1 -1 -10 639.743368 153.321411 743.939485 338.243202 -1 -1 -1 18.930640 4.218633 0.290724 -10 -1000
000033 106 Car -1 -1 -10 598.890062 166.705692 692.624057 221.621631 -1 -1 -1 32.983750 10.052794 0.294963 -10 -1000
000034 1 Car -1 -1 -10 365.786488 162.078576 460.420284 244.150331 -1 -1 -1 26.044754 13.838812 0.160934 -10 -1000
000034 3 Pedestrian -1 -1 -10 630.342113 159.026996 723.526759 333.949594 -1 -1 -1 19.295722 4.645374 0.266521 -10 -1000
000034 106 Car -1 -1 -10 610.321443 164.511471 704.663819 219.890423 -1 -1 -1 32.906971 9.951300 0.381642 -10 -1000
000035 1 Car -1 -1 -10 375.303442 161.374115 469.937238 243.445869 -1 -1 -1 26.701979 14.294515 0.158283 -10 -1000
000035 3 Cyclist -1 -1 -10 619.508973 154.031731 715.770240 331.634950 -1 -1 -1 19.865452 5.121293 0.273038 -10 -1000
000035 110 Cyclist -1 -1 -10 622.767063 164.058031 716.375371 218.277814 -1 -1 -1 31.906695 9.554368 0.466864 -10 -1000
000036 4 Cyclist -1 -1 -10 615.247121 154.233559 712.284667 334.445075 -1 -1 -1 20.479924 5.571188 0.215809 -10 -1000
000037 1 Car -1 -1 -10 399.165310 159.408416 492.651628 238.596158 -1 -1 -1 27.570101 14.734710 0.226534 -10 -1000
000037 3 Cyclist -1 -1 -10 598.133345 152.392100 695.913632 331.518399 -1 -1 -1 20.505848 5.951943 0.249325 -10 -1000
000038 1 Cyclist -1 -1 -10 411.220949 157.401043 504.707268 236.588784 -1 -1 -1 28.151034 15.087092 0.246006 -10 -1000
000038 4 Cyclist -1 -1 -10 591.152964 154.751204 689.272274 331.388050 -1 -1 -1 20.660340 6.273172 0.226702 -10 -1000
000038 123 Car -1 -1 -10 656.292847 163.300491 738.196045 213.956543 -1 -1 -1 37.249911 11.830640 0.397067 -10 -1000
000039 3 Cyclist -1 -1 -10 587.819464 163.322800 687.195223 331.575380 -1 -1 -1 21.134504 6.688447 0.135587 -10 -1000
000040 1 Car -1 -1 -10 437.390941 160.352782 539.878680 239.069195 -1 -1 -1 27.726342 14.292842 0.221764 -10 -1000
000040 4 Cyclist -1 -1 -10 586.562710 164.505836 686.106859 332.998166 -1 -1 -1 21.575281 7.092554 0.083292 -10 -1000
000040 127 Car -1 -1 -10 394.897400 182.388062 459.974060 214.506729 -1 -1 -1 39.610605 27.539097 -0.564320 -10 -1000
000041 1 Car -1 -1 -10 450.261830 160.983374 557.181919 241.911558 -1 -1 -1 27.632588 14.080415 0.195744 -10 -1000
000041 3 Cyclist -1 -1 -10 586.413835 163.510877 683.246912 334.658853 -1 -1 -1 21.758557 7.403756 0.076485 -10 -1000
000041 127 Car -1 -1 -10 414.983303 182.178252 474.048311 214.774009 -1 -1 -1 40.445090 27.989921 -0.601244 -10 -1000
000042 1 Car -1 -1 -10 471.079537 165.378478 574.971033 242.400616 -1 -1 -1 27.693278 13.858474 0.145938 -10 -1000
000042 4 Cyclist -1 -1 -10 580.741988 163.871776 680.883876 341.732906 -1 -1 -1 22.131460 7.850306 -0.006300 -10 -1000
000042 127 Car -1 -1 -10 421.760544 184.202439 476.355183 216.119831 -1 -1 -1 40.666392 28.612755 -0.713548 -10 -1000
000043 1 Car -1 -1 -10 493.226524 170.269323 600.694995 246.920639 -1 -1 -1 28.448154 14.086446 0.007654 -10 -1000
000043 3 Cyclist -1 -1 -10 582.591069 166.762592 679.246337 347.186428 -1 -1 -1 22.406887 8.222579 -0.075627 -10 -1000
000043 127 Car -1 -1 -10 432.363317 185.670491 488.933325 219.331706 -1 -1 -1 40.688033 28.638984 -0.823201 -10 -1000
000044 1 Car -1 -1 -10 506.645753 168.381434 616.509896 245.496042 -1 -1 -1 28.743268 14.304265 0.044806 -10 -1000
000044 4 Cyclist -1 -1 -10 584.182403 166.860419 681.160202 342.398088 -1 -1 -1 23.054574 8.846790 -0.108230 -10 -1000
000044 127 Car -1 -1 -10 430.441342 188.309212 482.112584 220.920841 -1 -1 -1 40.346031 29.511635 -0.933836 -10 -1000
000045 1 Car -1 -1 -10 525.340627 166.162008 642.265393 243.939984 -1 -1 -1 29.733927 14.782188 0.011341 -10 -1000
000045 3 Cyclist -1 -1 -10 582.401267 167.670255 681.966693 349.022814 -1 -1 -1 23.308568 9.247366 -0.205305 -10 -1000
000045 127 Car -1 -1 -10 465.162464 183.481166 521.942701 217.372924 -1 -1 -1 41.450989 28.950857 -0.765627 -10 -1000
000045 143 Car -1 -1 -10 756.309814 162.296600 836.716125 226.937515 -1 -1 -1 40.316464 13.331411 0.092384 -10 -1000
000046 1 Car -1 -1 -10 542.027436 161.600101 656.295579 241.353562 -1 -1 -1 30.936753 15.622746 0.010682 -10 -1000
000046 4 Cyclist -1 -1 -10 585.305604 168.141991 682.818403 345.967855 -1 -1 -1 23.335973 9.471134 -0.197076 -10 -1000
000046 142 Car -1 -1 -10 483.789111 182.894953 535.117403 214.353151 -1 -1 -1 43.152523 30.366780 -0.793920 -10 -1000
000046 143 Car -1 -1 -10 780.164208 162.413581 871.148988 223.140209 -1 -1 -1 40.885175 13.156495 0.135945 -10 -1000
000047 1 Car -1 -1 -10 566.870644 162.566467 676.755466 240.518716 -1 -1 -1 32.118248 16.267829 -0.062639 -10 -1000
000047 3 Cyclist -1 -1 -10 592.393722 174.209476 685.788060 339.120658 -1 -1 -1 23.825846 10.000103 -0.261171 -10 -1000
000047 143 Cyclist -1 -1 -10 801.799918 161.992598 892.784698 222.719225 -1 -1 -1 40.892273 13.153739 0.140303 -10 -1000
000048 1 Cyclist -1 -1 -10 587.178807 162.249589 697.063629 240.201838 -1 -1 -1 32.902661 16.656576 -0.092879 -10 -1000
000048 4 Cyclist -1 -1 -10 599.618904 176.107978 694.061628 333.318767 -1 -1 -1 24.452345 10.588432 -0.315272 -10 -1000
000048 143 Car -1 -1 -10 809.005404 162.493326 903.920411 221.259081 -1 -1 -1 40.778576 13.481571 0.146349 -10 -1000
000049 1 Car -1 -1 -10 605.996567 160.274302 712.355104 246.207129 -1 -1 -1 32.642960 16.422185 -0.133651 -10 -1000
000049 3 Cyclist -1 -1 -10 606.246881 170.571060 703.549027 334.060743 -1 -1 -1 25.106500 11.210856 -0.368783 -10 -1000
000049 143 Car -1 -1 -10 830.115254 163.276973 927.577917 218.197461 -1 -1 -1 41.382778 13.619628 0.166374 -10 -1000
000050 1 Car -1 -1 -10 625.698744 158.490853 741.730114 246.256560 -1 -1 -1 32.255754 15.921891 -0.072213 -10 -1000
000050 4 Cyclist -1 -1 -10 617.901679 168.361704 712.588613 335.942901 -1 -1 -1 25.390516 11.553821 -0.383443 -10 -1000
000050 143 Car -1 -1 -10 851.094061 162.475021 953.170920 217.545856 -1 -1 -1 41.829718 13.746859 0.185164 -10 -1000
000051 1 Car -1 -1 -10 643.402531 154.985038 761.100691 248.526966 -1 -1 -1 31.674474 15.450210 -0.021345 -10 -1000
000051 3 Cyclist -1 -1 -10 625.979136 175.733684 724.095576 332.626124 -1 -1 -1 25.976893 12.098319 -0.478976 -10 -1000
000051 143 Car -1 -1 -10 869.177977 162.264245 976.242818 221.211082 -1 -1 -1 41.584386 13.672342 0.134569 -10 -1000
000052 1 Car -1 -1 -10 663.382645 154.644406 781.080805 248.186333 -1 -1 -1 31.827683 15.453760 -0.011709 -10 -1000
000052 4 Cyclist -1 -1 -10 638.334242 168.638312 737.157693 334.059832 -1 -1 -1 25.727460 12.010272 -0.380264 -10 -1000
000052 143 Car -1 -1 -10 891.475305 161.759005 999.986366 223.364187 -1 -1 -1 40.878515 13.403216 0.134115 -10 -1000
000052 164 Car -1 -1 -10 546.583740 179.967758 616.772949 211.881760 -1 -1 -1 46.301207 33.951960 -0.862603 -10 -1000
000053 1 Car -1 -1 -10 675.015342 155.712764 794.649227 247.223071 -1 -1 -1 32.780435 16.242892 -0.052781 -10 -1000
000053 3 Cyclist -1 -1 -10 644.711172 163.703586 744.498223 342.013420 -1 -1 -1 25.150387 11.819181 -0.293307 -10 -1000
000053 143 Car -1 -1 -10 910.252787 161.898609 1021.041133 225.829056 -1 -1 -1 39.785741 13.210766 0.136461 -10 -1000
000053 164 Car -1 -1 -10 573.369296 181.216688 631.964533 210.991843 -1 -1 -1 47.502229 34.542947 -0.898906 -10 -1000
000054 1 Car -1 -1 -10 694.971576 150.972717 820.232473 243.323636 -1 -1 -1 33.393694 16.464621 0.051346 -10 -1000
000054 4 Cyclist -1 -1 -10 650.492616 169.058167 754.634505 342.483483 -1 -1 -1 25.400938 12.166303 -0.328899 -10 -1000
000054 143 Car -1 -1 -10 930.806485 160.242139 1047.752100 227.805827 -1 -1 -1 38.628397 12.861404 0.185909 -10 -1000
000055 1 Car -1 -1 -10 722.516376 149.133123 849.123692 242.019628 -1 -1 -1 33.588761 16.278691 0.092004 -10 -1000
000055 3 Cyclist -1 -1 -10 664.453495 169.844730 767.844761 342.533988 -1 -1 -1 25.817235 12.553384 -0.372882 -10 -1000
000055 143 Car -1 -1 -10 949.543652 159.007366 1073.980110 229.069944 -1 -1 -1 37.660512 12.631629 0.209146 -10 -1000
000055 164 Car -1 -1 -10 584.924613 180.550902 654.046285 214.011555 -1 -1 -1 46.912654 34.485522 -0.923317 -10 -1000
000055 177 Car -1 -1 -10 1101.149048 141.826263 1251.883301 224.073441 -1 -1 -1 36.877073 9.443587 0.561738 -10 -1000
000056 1 Car -1 -1 -10 761.821277 152.270156 885.809844 240.165736 -1 -1 -1 34.343501 16.222665 0.065012 -10 -1000
000056 4 Cyclist -1 -1 -10 678.354008 169.913313 780.775930 345.043631 -1 -1 -1 25.915514 12.737928 -0.381771 -10 -1000
000056 143 Car -1 -1 -10 970.833324 158.172925 1099.750231 231.247973 -1 -1 -1 37.301888 12.621305 0.198208 -10 -1000
000056 168 Car -1 -1 -10 603.892660 181.547506 661.615910 210.801605 -1 -1 -1 49.833313 37.206209 -1.016477 -10 -1000
000057 1 Car -1 -1 -10 788.968152 151.920279 913.343139 239.334574 -1 -1 -1 35.312581 16.473096 0.055421 -10 -1000
000057 3 Cyclist -1 -1 -10 693.343243 172.347904 793.809623 342.578366 -1 -1 -1 25.953070 12.837108 -0.362508 -10 -1000
000057 143 Car -1 -1 -10 993.183742 156.891937 1121.147256 233.603383 -1 -1 -1 37.323698 12.675385 0.185940 -10 -1000
000057 168 Car -1 -1 -10 609.045383 179.452515 671.240272 212.212535 -1 -1 -1 49.679668 37.237225 -0.990923 -10 -1000
000058 1 Car -1 -1 -10 815.298609 152.594393 941.914875 237.561639 -1 -1 -1 36.069414 16.582389 0.053350 -10 -1000
000058 3 Pedestrian -1 -1 -10 723.668155 157.894625 816.870080 323.902628 -1 -1 -1 25.878744 12.707199 -0.138847 -10 -1000
000058 4 Cyclist -1 -1 -10 712.568649 167.109179 812.104036 344.218338 -1 -1 -1 26.054619 12.925453 -0.328934 -10 -1000
000058 143 Car -1 -1 -10 1011.987533 154.274715 1155.042767 239.188522 -1 -1 -1 37.191615 12.608371 0.159824 -10 -1000
000058 168 Car -1 -1 -10 614.604776 177.990922 681.930871 212.080494 -1 -1 -1 49.259409 36.894517 -0.922944 -10 -1000
000059 1 Car -1 -1 -10 831.106228 152.071654 959.446130 238.037586 -1 -1 -1 35.517908 16.284623 0.075916 -10 -1000
000059 3 Car -1 -1 -10 743.740817 147.489036 836.942742 313.497039 -1 -1 -1 25.988851 12.775063 -0.019800 -10 -1000
000059 4 Cyclist -1 -1 -10 733.892368 167.217931 824.680330 332.855673 -1 -1 -1 26.584944 13.305220 -0.307475 -10 -1000
000059 143 Car -1 -1 -10 1031.778977 151.867987 1185.177045 240.832663 -1 -1 -1 37.761677 12.719150 0.159943 -10 -1000
000059 168 Car -1 -1 -10 620.009758 178.605704 689.526297 212.374598 -1 -1 -1 49.859035 37.560679 -0.978120 -10 -1000
000059 195 Pedestrian -1 -1 -10 758.797058 176.127365 819.396790 267.840546 -1 -1 -1 29.629919 15.188709 -0.235054 -10 -1000
000060 1 Car -1 -1 -10 853.132843 153.440032 984.260279 236.367387 -1 -1 -1 35.929954 16.322225 0.072497 -10 -1000
000060 3 Cyclist -1 -1 -10 754.482252 165.665393 839.954980 326.992489 -1 -1 -1 26.911159 13.541860 -0.278823 -10 -1000
000060 143 Car -1 -1 -10 1044.157643 153.941796 1194.764452 245.690317 -1 -1 -1 38.119589 13.045922 0.070474 -10 -1000
000060 168 Car -1 -1 -10 630.460849 181.116134 695.201400 214.807255 -1 -1 -1 50.238557 37.860820 -1.135539 -10 -1000
000061 1 Car -1 -1 -10 879.095984 153.773299 1010.768337 234.548762 -1 -1 -1 36.630153 16.357020 0.080475 -10 -1000
000061 3 Pedestrian -1 -1 -10 784.851127 160.053192 854.474926 287.209985 -1 -1 -1 27.855361 14.062894 -0.082456 -10 -1000
000061 4 Cyclist -1 -1 -10 769.975590 166.119631 855.728616 331.606817 -1 -1 -1 26.999806 13.606916 -0.289601 -10 -1000
000061 143 Cyclist -1 -1 -10 1053.421827 156.753886 1204.028635 248.502407 -1 -1 -1 38.060624 13.233242 0.010337 -10 -1000
000061 168 Car -1 -1 -10 634.948334 180.965703 699.679206 217.592362 -1 -1 -1 49.393543 37.116173 -1.159526 -10 -1000
000062 1 Car -1 -1 -10 901.212795 152.438109 1038.540481 233.641127 -1 -1 -1 37.061091 16.291415 0.104495 -10 -1000
000062 3 Pedestrian -1 -1 -10 799.711405 161.191320 871.199919 301.838833 -1 -1 -1 28.384479 14.386547 -0.206659 -10 -1000
000062 4 Cyclist -1 -1 -10 786.917585 163.492141 869.647967 334.179316 -1 -1 -1 27.156986 13.728457 -0.281423 -10 -1000
000062 143 Car -1 -1 -10 1086.601664 151.658324 1241.514685 247.500061 -1 -1 -1 38.440336 13.065433 0.079404 -10 -1000
000062 168 Car -1 -1 -10 637.037197 177.884677 703.274100 217.199723 -1 -1 -1 47.863684 35.781201 -0.979271 -10 -1000
000063 1 Car -1 -1 -10 929.518400 151.592873 1074.530466 232.055571 -1 -1 -1 37.593178 16.119204 0.131198 -10 -1000
000063 3 Pedestrian -1 -1 -10 824.719172 159.398990 889.199891 287.657383 -1 -1 -1 28.820454 14.576869 -0.122347 -10 -1000
000063 4 Cyclist -1 -1 -10 811.901801 159.273308 895.028146 333.398124 -1 -1 -1 27.542188 13.883677 -0.263656 -10 -1000
000063 143 Car -1 -1 -10 1105.013356 152.027745 1269.607078 251.369511 -1 -1 -1 37.677512 12.905541 0.062668 -10 -1000
000063 168 Car -1 -1 -10 641.078734 175.366755 711.940145 217.128899 -1 -1 -1 47.132529 34.898482 -0.863907 -10 -1000
000064 1 Car -1 -1 -10 949.519343 150.163371 1101.339728 234.213860 -1 -1 -1 37.958780 16.005473 0.121789 -10 -1000
000064 3 Cyclist -1 -1 -10 829.942311 168.396158 910.944756 325.702085 -1 -1 -1 28.328610 14.300352 -0.330975 -10 -1000
000064 4 Cyclist -1 -1 -10 842.520403 131.527695 913.092137 275.986966 -1 -1 -1 28.412364 14.268689 0.148752 -10 -1000
000064 168 Car -1 -1 -10 643.070614 177.212296 715.002355 219.584946 -1 -1 -1 46.022535 33.800949 -0.906245 -10 -1000
000064 207 Car -1 -1 -10 1108.725887 146.073890 1257.009674 253.300034 -1 -1 -1 37.327232 13.177684 0.095894 -10 -1000
000065 1 Car -1 -1 -10 968.934441 151.937161 1122.516242 237.931466 -1 -1 -1 38.121981 15.869353 0.063553 -10 -1000
000065 3 Cyclist -1 -1 -10 846.303383 162.302433 929.784377 328.043343 -1 -1 -1 28.672360 14.443585 -0.319560 -10 -1000
000065 168 Car -1 -1 -10 643.633384 179.688040 716.215641 222.556396 -1 -1 -1 45.339262 33.147212 -0.992644 -10 -1000
000065 207 Car -1 -1 -10 1117.220531 150.318758 1285.316874 257.828757 -1 -1 -1 37.027927 13.109842 0.028193 -10 -1000
000066 1 Car -1 -1 -10 982.569771 153.260758 1140.475668 239.558775 -1 -1 -1 37.864559 15.681877 0.043494 -10 -1000
000066 4 Cyclist -1 -1 -10 861.051708 169.212457 940.450187 324.713851 -1 -1 -1 29.230277 14.730949 -0.370441 -10 -1000
000066 168 Car -1 -1 -10 639.782418 179.112650 719.361418 224.329568 -1 -1 -1 45.086726 32.873292 -0.999849 -10 -1000
000066 207 Car -1 -1 -10 1121.727353 151.565981 1302.551047 262.725918 -1 -1 -1 36.392551 13.095825 -0.003605 -10 -1000
000067 1 Car -1 -1 -10 1001.617312 155.086850 1167.377839 239.982182 -1 -1 -1 38.647819 15.660082 0.014863 -10 -1000
000067 3 Cyclist -1 -1 -10 877.213201 167.174824 963.310635 328.518992 -1 -1 -1 29.376486 14.750956 -0.361345 -10 -1000
000067 168 Cyclist -1 -1 -10 639.190373 180.498841 718.769374 225.715760 -1 -1 -1 44.610453 32.391943 -1.022014 -10 -1000
000067 207 Cyclist -1 -1 -10 1132.054419 155.175044 1312.878112 266.334982 -1 -1 -1 36.080494 13.130795 -0.044967 -10 -1000
000068 1 Car -1 -1 -10 1019.799554 157.323753 1195.094710 241.427330 -1 -1 -1 39.587959 15.606613 -0.032469 -10 -1000
000068 3 Pedestrian -1 -1 -10 909.855617 166.838489 974.556936 284.852230 -1 -1 -1 30.966251 15.335968 -0.207978 -10 -1000
000068 4 Cyclist -1 -1 -10 894.948250 172.587229 979.329843 331.241151 -1 -1 -1 30.609116 15.238679 -0.502896 -10 -1000
000069 1 Car -1 -1 -10 1029.409672 156.158342 1203.297607 241.060429 -1 -1 -1 39.672871 15.571728 -0.012284 -10 -1000
000069 3 Pedestrian -1 -1 -10 931.640318 168.353363 1000.765282 311.200509 -1 -1 -1 30.617656 15.046897 -0.310320 -10 -1000
000069 4 Cyclist -1 -1 -10 914.331511 172.917281 997.969038 329.832652 -1 -1 -1 31.104282 15.347263 -0.504312 -10 -1000
000070 1 Car -1 -1 -10 1043.437566 154.912358 1217.995322 239.589936 -1 -1 -1 40.188086 15.495487 0.013352 -10 -1000
000070 3 Car -1 -1 -10 950.638884 183.952543 1019.763848 326.799689 -1 -1 -1 31.046214 15.101781 -0.490339 -10 -1000
000070 4 Cyclist -1 -1 -10 933.354402 168.932627 1015.273703 324.257797 -1 -1 -1 31.222131 15.284787 -0.417800 -10 -1000
000071 1 Car -1 -1 -10 1048.412274 154.338325 1222.251846 238.114281 -1 -1 -1 41.724228 15.724266 0.004667 -10 -1000
000071 4 Cyclist -1 -1 -10 945.573095 166.588231 1028.586225 324.823301 -1 -1 -1 31.105447 15.214519 -0.361036 -10 -1000
000072 1 Car -1 -1 -10 1066.464405 155.256916 1242.250724 236.746174 -1 -1 -1 43.014025 15.555501 -0.001166 -10 -1000
000072 4 Cyclist -1 -1 -10 957.290493 166.063382 1039.381141 319.062670 -1 -1 -1 31.454758 15.293905 -0.325441 -10 -1000
000073 1 Car -1 -1 -10 1078.405231 154.325170 1259.692655 238.527682 -1 -1 -1 42.631388 15.186220 0.012992 -10 -1000
000073 3 Cyclist -1 -1 -10 967.780803 162.321765 1048.014714 319.436835 -1 -1 -1 31.826228 15.369450 -0.306844 -10 -1000
000074 1 Car -1 -1 -10 1083.796003 154.005453 1261.606365 239.041500 -1 -1 -1 42.791677 15.058286 0.012324 -10 -1000
000074 3 Pedestrian -1 -1 -10 984.130181 156.101651 1047.775674 286.345430 -1 -1 -1 33.133244 15.679288 -0.145903 -10 -1000
000074 4 Cyclist -1 -1 -10 977.885146 158.658915 1055.289466 323.037290 -1 -1 -1 32.066230 15.406913 -0.297132 -10 -1000
000074 245 Cyclist -1 -1 -10 632.087952 177.204132 684.088928 226.050781 -1 -1 -1 41.449941 28.147864 -0.651633 -10 -1000
000075 1 Car -1 -1 -10 1087.640372 154.234659 1261.847778 239.323062 -1 -1 -1 43.585804 14.964040 -0.010140 -10 -1000
000075 3 Pedestrian -1 -1 -10 986.634273 156.512102 1053.356576 302.396229 -1 -1 -1 33.472472 15.720689 -0.252840 -10 -1000
000075 4 Pedestrian -1 -1 -10 988.711088 133.264871 1058.020394 275.525756 -1 -1 -1 33.067347 15.601391 0.069374 -10 -1000
000075 245 Cyclist -1 -1 -10 621.600717 178.694901 672.132689 223.367894 -1 -1 -1 41.976453 28.531973 -0.659795 -10 -1000
000075 248 Car -1 -1 -10 516.318848 208.264709 573.597412 238.735016 -1 -1 -1 43.498451 35.074902 -1.891674 -10 -1000
000076 1 Car -1 -1 -10 1086.670403 158.337286 1253.166714 239.519286 -1 -1 -1 44.396788 14.934070 -0.080309 -10 -1000
000076 3 Cyclist -1 -1 -10 982.576621 161.548905 1052.947950 317.209114 -1 -1 -1 32.837975 15.615028 -0.308600 -10 -1000
000076 4 Pedestrian -1 -1 -10 994.320601 163.187490 1056.237387 293.977156 -1 -1 -1 34.355006 15.839515 -0.283886 -10 -1000
000076 245 Cyclist -1 -1 -10 594.004715 181.144704 647.932302 226.890241 -1 -1 -1 41.287874 28.483096 -0.734691 -10 -1000
000077 1 Car -1 -1 -10 1086.392035 157.770774 1252.156891 237.597699 -1 -1 -1 45.108608 14.757370 -0.070909 -10 -1000
000077 3 Pedestrian -1 -1 -10 994.788642 168.908373 1057.017554 301.725830 -1 -1 -1 34.230351 15.780558 -0.344883 -10 -1000
000077 4 Cyclist -1 -1 -10 982.417787 164.819775 1054.084896 318.090605 -1 -1 -1 33.503410 15.732525 -0.367337 -10 -1000
000077 245 Cyclist -1 -1 -10 569.887649 183.241600 623.815236 228.987137 -1 -1 -1 41.061050 28.614399 -0.797077 -10 -1000
000077 256 Car -1 -1 -10 358.382141 192.721252 420.007324 234.711258 -1 -1 -1 42.085343 41.349108 -1.758556 -10 -1000
000078 1 Car -1 -1 -10 1084.436551 157.301690 1250.201406 237.128614 -1 -1 -1 45.736275 14.598359 -0.076100 -10 -1000
000078 3 Cyclist -1 -1 -10 981.897316 160.594118 1056.830893 321.856516 -1 -1 -1 33.174123 15.667568 -0.319651 -10 -1000
000078 4 Pedestrian -1 -1 -10 996.269841 170.203398 1057.111502 300.378744 -1 -1 -1 34.466999 15.791432 -0.346127 -10 -1000
000078 245 Cyclist -1 -1 -10 560.426175 181.809202 622.990811 233.574699 -1 -1 -1 40.889265 28.083707 -0.808718 -10 -1000
000079 3 Cyclist -1 -1 -10 996.728193 158.198044 1064.485763 303.392054 -1 -1 -1 33.977289 15.659861 -0.240694 -10 -1000
000079 4 Pedestrian -1 -1 -10 987.880024 167.737974 1052.999508 312.017420 -1 -1 -1 33.951066 15.754168 -0.347641 -10 -1000
000079 245 Cyclist -1 -1 -10 536.747996 180.086069 603.350897 236.221195 -1 -1 -1 40.172572 27.690932 -0.772344 -10 -1000
000080 3 Pedestrian -1 -1 -10 987.191576 164.065009 1051.074239 308.413954 -1 -1 -1 34.669207 15.818274 -0.340475 -10 -1000
000080 245 Cyclist -1 -1 -10 522.631441 182.441115 587.260362 240.484987 -1 -1 -1 39.867575 27.297432 -0.821562 -10 -1000
000080 264 Car -1 -1 -10 1135.738770 165.900696 1288.706665 273.551453 -1 -1 -1 37.928008 13.855024 -0.194860 -10 -1000
000081 4 Cyclist -1 -1 -10 977.804284 170.574212 1044.570487 316.178129 -1 -1 -1 35.245321 15.906623 -0.454693 -10 -1000
000081 245 Cyclist -1 -1 -10 502.554289 187.073277 569.215299 245.006574 -1 -1 -1 39.983047 27.421885 -0.940119 -10 -1000
000081 264 Car -1 -1 -10 1125.506661 167.957037 1303.014485 273.983640 -1 -1 -1 38.223922 13.738844 -0.215063 -10 -1000
000082 3 Cyclist -1 -1 -10 971.982738 172.885013 1038.801983 308.611100 -1 -1 -1 36.039132 15.973691 -0.468537 -10 -1000
000082 245 Cyclist -1 -1 -10 472.743701 188.124607 545.232735 249.832040 -1 -1 -1 39.850890 27.577220 -1.000924 -10 -1000
000083 4 Pedestrian -1 -1 -10 971.034356 171.574356 1029.442344 294.575727 -1 -1 -1 36.848891 15.992267 -0.409154 -10 -1000
000083 245 Cyclist -1 -1 -10 447.066436 197.141215 519.810441 254.011588 -1 -1 -1 40.591971 28.329751 -1.230792 -10 -1000
000083 264 Car -1 -1 -10 1113.456137 168.410440 1309.442107 307.539772 -1 -1 -1 37.483578 13.723372 -0.372345 -10 -1000
000084 3 Pedestrian -1 -1 -10 962.935532 167.322861 1017.326127 288.856899 -1 -1 -1 37.124884 16.024197 -0.348097 -10 -1000
000084 245 Pedestrian -1 -1 -10 421.052533 203.107795 493.796538 259.978167 -1 -1 -1 40.601426 28.479781 -1.369138 -10 -1000
000084 264 Car -1 -1 -10 1102.782981 162.907844 1301.594895 310.170831 -1 -1 -1 37.228052 13.801832 -0.328515 -10 -1000
000084 276 Car -1 -1 -10 1055.135986 179.600189 1159.533081 220.363388 -1 -1 -1 55.436940 13.324041 -0.425659 -10 -1000
000085 4 Pedestrian -1 -1 -10 954.249055 168.333757 1010.334866 293.325845 -1 -1 -1 38.027686 16.038168 -0.430545 -10 -1000
000085 245 Cyclist -1 -1 -10 394.056427 197.198612 476.389664 258.876332 -1 -1 -1 41.391877 29.183103 -1.336845 -10 -1000
000085 272 Car -1 -1 -10 1092.230484 155.638128 1303.798172 317.742343 -1 -1 -1 35.777580 14.070783 -0.222436 -10 -1000
000085 276 Car -1 -1 -10 1023.374856 183.184076 1111.503463 219.955767 -1 -1 -1 55.689095 13.899154 -0.522058 -10 -1000
000086 3 Pedestrian -1 -1 -10 944.880330 168.140642 1003.376360 290.289003 -1 -1 -1 38.782377 16.018869 -0.440706 -10 -1000
000086 4 Cyclist -1 -1 -10 935.099776 175.274400 993.570190 299.427489 -1 -1 -1 38.705686 16.143314 -0.560630 -10 -1000
000086 245 Cyclist -1 -1 -10 362.630178 193.040234 451.611639 260.028916 -1 -1 -1 40.736757 28.656479 -1.191454 -10 -1000
000086 272 Car -1 -1 -10 1083.458994 153.385609 1275.859874 317.412101 -1 -1 -1 36.076995 14.162960 -0.217985 -10 -1000
000086 278 Car -1 -1 -10 1017.891686 180.975512 1095.298891 218.437265 -1 -1 -1 61.825411 13.130445 -0.639484 -10 -1000
000087 3 Cyclist -1 -1 -10 925.131567 177.941613 983.804003 305.196232 -1 -1 -1 38.325653 16.148815 -0.568636 -10 -1000
000087 4 Pedestrian -1 -1 -10 932.436165 173.543574 991.886596 297.818758 -1 -1 -1 38.482900 16.054463 -0.494676 -10 -1000
000087 245 Cyclist -1 -1 -10 325.153063 187.964754 421.482734 265.195174 -1 -1 -1 38.943453 27.245218 -0.968030 -10 -1000
000087 272 Car -1 -1 -10 1076.423281 156.906244 1257.755971 326.829971 -1 -1 -1 36.549707 14.170177 -0.302404 -10 -1000
000087 276 Car -1 -1 -10 989.266980 179.616212 1071.643586 219.878297 -1 -1 -1 56.946056 13.771195 -0.520153 -10 -1000
000088 3 Car -1 -1 -10 912.862066 181.583228 971.534502 308.837846 -1 -1 -1 38.735427 16.180984 -0.634204 -10 -1000
000088 4 Pedestrian -1 -1 -10 926.030174 172.085822 987.925347 305.683329 -1 -1 -1 38.078610 16.015258 -0.482574 -10 -1000
000088 245 Pedestrian -1 -1 -10 289.419444 188.379063 385.749115 265.609483 -1 -1 -1 38.550749 27.078978 -0.907449 -10 -1000
000088 272 Car -1 -1 -10 1063.150480 159.752897 1235.924888 336.724711 -1 -1 -1 36.770216 14.263646 -0.371840 -10 -1000
000088 278 Car -1 -1 -10 972.370661 179.474350 1049.363782 222.772312 -1 -1 -1 61.687863 13.422001 -0.736024 -10 -1000
000089 3 Pedestrian -1 -1 -10 918.792495 169.011025 981.030757 301.905856 -1 -1 -1 38.572768 15.973571 -0.453054 -10 -1000
000089 272 Pedestrian -1 -1 -10 1045.462563 166.328808 1218.236971 343.300623 -1 -1 -1 37.027517 14.351155 -0.443433 -10 -1000
000089 278 Car -1 -1 -10 953.007007 178.201700 1024.041683 221.563892 -1 -1 -1 61.256717 13.555543 -0.691233 -10 -1000
000090 4 Cyclist -1 -1 -10 904.726622 174.796520 964.790456 294.708855 -1 -1 -1 39.714117 15.995616 -0.517619 -10 -1000
000090 272 Car -1 -1 -10 1062.997739 150.902465 1269.118378 335.654427 -1 -1 -1 37.165046 14.040577 -0.299554 -10 -1000
000090 278 Car -1 -1 -10 936.893978 179.845663 998.499744 215.889234 -1 -1 -1 62.098507 13.610620 -0.653947 -10 -1000
000091 3 Cyclist -1 -1 -10 896.288380 175.186506 953.494262 291.938018 -1 -1 -1 39.557627 16.009829 -0.473899 -10 -1000
000091 272 Car -1 -1 -10 1055.405268 150.264525 1282.567921 337.476956 -1 -1 -1 37.313641 13.990400 -0.298402 -10 -1000
000091 278 Car -1 -1 -10 916.619691 178.333858 978.225458 214.377429 -1 -1 -1 62.180615 13.708004 -0.615313 -10 -1000
000091 301 Car -1 -1 -10 906.904236 186.760941 963.881958 234.734970 -1 -1 -1 51.911559 14.941912 -0.747346 -10 -1000
000092 4 Cyclist -1 -1 -10 890.818186 172.152930 950.741592 290.474816 -1 -1 -1 39.815885 15.922152 -0.443545 -10 -1000
000092 272 Car -1 -1 -10 1040.641621 151.163822 1277.965508 338.978037 -1 -1 -1 37.352208 14.090013 -0.297739 -10 -1000
000092 278 Car -1 -1 -10 902.443000 186.619366 958.861437 228.051847 -1 -1 -1 60.090850 13.828912 -1.001138 -10 -1000
000092 305 Car -1 -1 -10 991.308105 180.810486 1062.720703 218.450699 -1 -1 -1 64.299446 9.642440 -0.727432 -10 -1000
000092 306 Pedestrian -1 -1 -10 559.516602 178.499115 598.855652 258.671265 -1 -1 -1 42.081085 21.657837 -0.634209 -10 -1000
000093 3 Cyclist -1 -1 -10 881.913878 172.710982 944.661451 290.205707 -1 -1 -1 40.881233 15.809500 -0.505407 -10 -1000
000093 272 Car -1 -1 -10 1027.370545 149.740189 1276.643416 343.933354 -1 -1 -1 37.150629 14.269365 -0.276907 -10 -1000
000093 306 Pedestrian -1 -1 -10 546.253876 177.744942 586.963887 261.717545 -1 -1 -1 42.873758 21.815761 -0.691450 -10 -1000
000093 311 Cyclist -1 -1 -10 185.671082 173.996552 223.570190 215.799042 -1 -1 -1 52.963686 41.269374 -1.058159 -10 -1000
000094 4 Cyclist -1 -1 -10 875.313644 176.307271 933.537645 292.656930 -1 -1 -1 41.047590 15.789550 -0.538668 -10 -1000
000094 272 Car -1 -1 -10 1019.670692 145.292974 1282.383358 343.144312 -1 -1 -1 37.023481 14.392554 -0.219151 -10 -1000
000094 306 Pedestrian -1 -1 -10 520.725192 180.136822 563.363680 267.162296 -1 -1 -1 43.366405 22.090794 -0.786043 -10 -1000
000094 313 Car -1 -1 -10 943.495483 160.861084 1043.581665 233.752975 -1 -1 -1 54.124703 11.826081 -0.365612 -10 -1000
000095 3 Cyclist -1 -1 -10 860.436555 174.494983 922.523316 294.281391 -1 -1 -1 40.147427 15.943773 -0.444781 -10 -1000
000095 272 Car -1 -1 -10 1019.365027 144.513930 1288.800225 341.641117 -1 -1 -1 36.817949 14.551821 -0.169285 -10 -1000
000095 306 Pedestrian -1 -1 -10 495.240163 176.676890 547.168147 278.295451 -1 -1 -1 42.905533 21.859136 -0.788805 -10 -1000
000096 4 Cyclist -1 -1 -10 858.557507 176.960993 922.673710 300.815365 -1 -1 -1 40.136626 15.859241 -0.479578 -10 -1000
000096 272 Car -1 -1 -10 1009.062771 147.494171 1299.634748 347.563708 -1 -1 -1 37.172610 14.485663 -0.215599 -10 -1000
000096 306 Pedestrian -1 -1 -10 473.432151 173.443201 531.827800 288.726241 -1 -1 -1 42.446036 21.592763 -0.784699 -10 -1000
000096 317 Car -1 -1 -10 55.275056 179.686321 121.491495 210.401270 -1 -1 -1 59.513648 49.469058 -1.450944 -10 -1000
000096 321 Car -1 -1 -10 833.033264 178.751175 886.182190 218.858032 -1 -1 -1 63.835001 13.596082 -0.856535 -10 -1000
000097 3 Cyclist -1 -1 -10 856.742841 176.651100 917.365631 298.657594 -1 -1 -1 41.493704 15.591231 -0.563545 -10 -1000
000097 272 Car -1 -1 -10 1001.039374 152.255854 1307.434032 351.384875 -1 -1 -1 37.544630 14.414493 -0.262550 -10 -1000
000097 306 Pedestrian -1 -1 -10 444.670194 168.769751 505.334783 292.032664 -1 -1 -1 42.087124 21.511173 -0.718946 -10 -1000
000097 317 Car -1 -1 -10 15.009324 178.038862 84.895722 208.908306 -1 -1 -1 59.913475 50.120698 -1.395099 -10 -1000
000097 321 Car -1 -1 -10 814.413107 180.164899 868.567715 218.225245 -1 -1 -1 64.903578 13.532516 -0.934540 -10 -1000
000097 328 Car -1 -1 -10 923.911377 176.469864 987.869629 226.275055 -1 -1 -1 59.300647 10.247471 -0.707838 -10 -1000
000098 4 Cyclist -1 -1 -10 855.479306 171.367381 916.548734 300.656204 -1 -1 -1 41.981989 15.402006 -0.561994 -10 -1000
000098 272 Car -1 -1 -10 999.842436 149.898127 1305.445496 352.556642 -1 -1 -1 37.894663 14.353380 -0.268452 -10 -1000
000098 306 Pedestrian -1 -1 -10 413.670267 168.441787 477.857446 295.844001 -1 -1 -1 42.124396 21.565234 -0.722805 -10 -1000
000098 317 Pedestrian -1 -1 -10 -24.920000 177.345341 44.966398 208.214785 -1 -1 -1 59.871044 50.179180 -1.350533 -10 -1000
000098 321 Car -1 -1 -10 797.505928 180.471976 852.283849 219.832658 -1 -1 -1 65.384136 13.455849 -1.012231 -10 -1000
000098 328 Car -1 -1 -10 906.270157 175.369316 967.365339 224.740980 -1 -1 -1 59.579182 10.258817 -0.689715 -10 -1000
000099 3 Cyclist -1 -1 -10 844.450856 173.937082 904.718867 301.060333 -1 -1 -1 42.313650 15.351936 -0.587189 -10 -1000
000099 272 Car -1 -1 -10 1003.764958 145.845436 1306.461355 354.296529 -1 -1 -1 38.530741 14.116390 -0.290609 -10 -1000
000099 306 Pedestrian -1 -1 -10 382.587555 170.169978 445.144648 301.926555 -1 -1 -1 41.911854 21.471367 -0.720211 -10 -1000
000099 321 Car -1 -1 -10 780.086393 179.994852 836.934836 217.446400 -1 -1 -1 65.496168 13.340613 -0.966345 -10 -1000
000099 328 Car -1 -1 -10 890.916145 176.895695 951.780810 223.333286 -1 -1 -1 60.464273 9.931754 -0.736801 -10 -1000
000100 3 Cyclist -1 -1 -10 833.089150 176.007970 893.449484 299.106369 -1 -1 -1 43.028231 15.222228 -0.621299 -10 -1000
000100 272 Car -1 -1 -10 995.818242 140.490373 1315.708924 352.684033 -1 -1 -1 38.984738 13.965664 -0.273353 -10 -1000
000100 306 Pedestrian -1 -1 -10 347.125250 166.085479 412.814994 303.255625 -1 -1 -1 42.000060 21.536154 -0.668214 -10 -1000
000100 321 Car -1 -1 -10 765.608232 179.635294 820.110273 217.365327 -1 -1 -1 66.179044 13.181136 -0.987087 -10 -1000
000100 328 Car -1 -1 -10 875.809438 176.991505 936.674103 223.429095 -1 -1 -1 60.506216 9.861637 -0.747152 -10 -1000
000100 343 Car -1 -1 -10 929.281738 182.750504 996.320312 219.942429 -1 -1 -1 66.515608 5.810900 -0.963107 -10 -1000
000101 3 Cyclist -1 -1 -10 830.046636 175.281027 888.736927 297.044538 -1 -1 -1 43.163261 15.115007 -0.579227 -10 -1000
000101 272 Cyclist -1 -1 -10 997.951587 137.281871 1317.842269 349.475532 -1 -1 -1 39.395873 13.838359 -0.250563 -10 -1000
000101 306 Pedestrian -1 -1 -10 308.499093 165.218275 381.955126 316.539126 -1 -1 -1 42.043841 21.505744 -0.698839 -10 -1000
000101 321 Car -1 -1 -10 747.102509 181.114575 798.149134 214.742047 -1 -1 -1 67.202451 13.123147 -1.007626 -10 -1000
000101 343 Car -1 -1 -10 909.886219 180.990110 983.376231 219.327602 -1 -1 -1 65.540313 6.041498 -0.887614 -10 -1000
000102 4 Cyclist -1 -1 -10 829.427371 171.179656 890.196196 289.696482 -1 -1 -1 43.685917 14.880034 -0.515004 -10 -1000
000102 272 Car -1 -1 -10 998.831475 135.176386 1324.109557 344.645110 -1 -1 -1 38.971849 14.244653 -0.157990 -10 -1000
000102 306 Pedestrian -1 -1 -10 270.280922 165.026460 347.410685 322.553500 -1 -1 -1 41.787261 21.357098 -0.650560 -10 -1000
000102 321 Car -1 -1 -10 733.301242 179.432289 781.859899 212.750653 -1 -1 -1 67.969612 12.979017 -0.953837 -10 -1000
000102 343 Car -1 -1 -10 898.463220 182.243904 962.975885 216.176279 -1 -1 -1 66.761085 5.601822 -0.899008 -10 -1000
000103 3 Cyclist -1 -1 -10 827.762385 171.956973 887.758505 280.819980 -1 -1 -1 45.076044 14.410332 -0.538958 -10 -1000
000103 272 Car -1 -1 -10 1025.569255 137.600766 1361.038707 339.438771 -1 -1 -1 39.056731 14.190129 -0.122471 -10 -1000
000103 306 Car -1 -1 -10 228.677161 168.532949 305.806923 326.059989 -1 -1 -1 41.683372 21.281128 -0.620929 -10 -1000
000103 321 Car -1 -1 -10 715.728647 175.904172 765.420102 210.613355 -1 -1 -1 68.650125 12.938075 -0.851966 -10 -1000
000103 343 Car -1 -1 -10 897.993933 182.276802 956.840962 216.544638 -1 -1 -1 66.905180 5.014331 -0.913652 -10 -1000
000103 357 Car -1 -1 -10 928.901978 189.051727 982.673462 226.821381 -1 -1 -1 62.272176 5.749824 -1.048511 -10 -1000
000103 359 Pedestrian -1 -1 -10 204.375076 149.375351 313.934937 350.554596 -1 -1 -1 39.438977 20.143831 -0.368267 -10 -1000
000104 4 Cyclist -1 -1 -10 823.899582 174.593725 884.080686 284.674013 -1 -1 -1 45.774146 14.116799 -0.612426 -10 -1000
000104 272 Cyclist -1 -1 -10 1072.094271 136.576831 1407.563723 338.414835 -1 -1 -1 39.131814 14.130425 -0.087293 -10 -1000
000104 321 Car -1 -1 -10 700.437627 177.119540 747.874982 211.376683 -1 -1 -1 69.542495 12.759127 -0.936217 -10 -1000
000104 343 Car -1 -1 -10 877.189892 182.892226 933.499843 218.280506 -1 -1 -1 67.472695 5.010827 -1.004135 -10 -1000
000104 357 Car -1 -1 -10 921.514543 189.436946 982.561674 229.731000 -1 -1 -1 61.996021 5.409496 -1.095418 -10 -1000
000104 359 Pedestrian -1 -1 -10 147.041320 161.116990 256.263326 358.531229 -1 -1 -1 40.344570 20.574118 -0.491493 -10 -1000
000104 362 Car -1 -1 -10 810.506531 169.881149 863.486023 221.803055 -1 -1 -1 66.840901 8.217424 -0.826166 -10 -1000
000105 3 Cyclist -1 -1 -10 820.174176 171.821167 883.671308 282.479445 -1 -1 -1 46.094146 13.914315 -0.578138 -10 -1000
000105 321 Car -1 -1 -10 680.578986 176.362271 730.349227 214.798554 -1 -1 -1 70.086962 12.785016 -1.030653 -10 -1000
000105 343 Car -1 -1 -10 861.565108 181.561109 916.620791 219.542461 -1 -1 -1 67.731448 4.925824 -1.027286 -10 -1000
000105 357 Car -1 -1 -10 910.079943 188.763776 973.851072 234.249344 -1 -1 -1 60.453977 5.941281 -1.089724 -10 -1000
000105 359 Pedestrian -1 -1 -10 82.421824 166.760122 191.652748 358.211334 -1 -1 -1 40.448365 20.582491 -0.459759 -10 -1000
000105 362 Car -1 -1 -10 795.546566 171.470207 849.990835 217.846755 -1 -1 -1 65.398787 8.581338 -0.739579 -10 -1000
000106 3 Cyclist -1 -1 -10 816.419332 171.942529 876.993562 282.449730 -1 -1 -1 46.711694 13.646377 -0.607732 -10 -1000
000106 321 Car -1 -1 -10 663.398624 174.971457 714.294302 213.237321 -1 -1 -1 70.669920 12.703960 -0.993331 -10 -1000
000106 343 Car -1 -1 -10 845.740014 181.737440 900.795698 219.718792 -1 -1 -1 67.885116 4.868435 -1.057968 -10 -1000
000106 357 Car -1 -1 -10 902.770269 190.153823 972.428855 237.731895 -1 -1 -1 60.192393 5.718408 -1.161107 -10 -1000
000106 359 Pedestrian -1 -1 -10 3.283240 151.270453 123.532973 355.341552 -1 -1 -1 40.602798 20.592195 -0.361541 -10 -1000
000106 362 Car -1 -1 -10 776.741065 173.810393 827.976270 220.500851 -1 -1 -1 63.954713 9.206099 -0.806330 -10 -1000
000107 4 Cyclist -1 -1 -10 814.328334 174.225538 871.483751 278.120363 -1 -1 -1 47.687214 13.205800 -0.646441 -10 -1000
000107 321 Car -1 -1 -10 644.184277 173.768750 696.490354 216.423778 -1 -1 -1 70.550002 12.757783 -1.048980 -10 -1000
000107 357 Car -1 -1 -10 897.488904 190.790174 977.561177 241.415115 -1 -1 -1 59.124153 5.773840 -1.167274 -10 -1000
000107 362 Car -1 -1 -10 760.748562 174.606396 812.062342 219.183167 -1 -1 -1 63.610648 9.303463 -0.795081 -10 -1000
000107 365 Car -1 -1 -10 -109.433237 141.705873 11.131474 345.104252 -1 -1 -1 40.426502 20.381205 -0.227687 -10 -1000
000107 381 Car -1 -1 -10 865.285889 186.437576 920.604126 231.585266 -1 -1 -1 62.509823 5.687187 -1.137433 -10 -1000
000108 3 Cyclist -1 -1 -10 811.829821 176.316534 867.486070 276.584856 -1 -1 -1 48.483850 12.821286 -0.689897 -10 -1000
000108 321 Car -1 -1 -10 630.472798 174.817951 684.334459 217.343850 -1 -1 -1 70.743453 12.606856 -1.106384 -10 -1000
000108 357 Car -1 -1 -10 889.302278 190.289600 976.779818 242.762417 -1 -1 -1 59.305987 5.432261 -1.187708 -10 -1000
000108 362 Car -1 -1 -10 743.298536 176.873983 794.022188 218.914568 -1 -1 -1 63.948946 9.347340 -0.853100 -10 -1000
000109 4 Cyclist -1 -1 -10 805.404902 177.548676 863.994338 277.638151 -1 -1 -1 48.977195 12.575380 -0.720501 -10 -1000
000109 321 Car -1 -1 -10 613.155036 174.128541 666.402320 220.780764 -1 -1 -1 70.751793 12.705182 -1.172046 -10 -1000
000109 357 Car -1 -1 -10 877.373307 189.735592 973.723525 243.992594 -1 -1 -1 59.695300 5.083579 -1.215715 -10 -1000
000109 362 Car -1 -1 -10 731.962331 176.153238 781.433836 217.817945 -1 -1 -1 64.440888 9.130008 -0.837896 -10 -1000
000110 3 Cyclist -1 -1 -10 797.591365 179.167242 858.491647 278.046783 -1 -1 -1 49.288034 12.424878 -0.732939 -10 -1000
000110 321 Car -1 -1 -10 597.849685 173.314253 652.661130 218.791796 -1 -1 -1 71.129442 12.596934 -1.119897 -10 -1000
000110 362 Car -1 -1 -10 717.589297 176.169100 767.294518 215.766810 -1 -1 -1 65.625211 8.777079 -0.843228 -10 -1000
000110 381 Car -1 -1 -10 870.316943 188.285817 965.332433 243.263222 -1 -1 -1 60.126158 4.706028 -1.199608 -10 -1000
000110 393 Car -1 -1 -10 177.295456 199.704453 285.628265 254.545792 -1 -1 -1 64.001913 26.951568 -2.050886 -10 -1000
000110 395 Car -1 -1 -10 804.434631 184.881348 871.334045 237.918594 -1 -1 -1 61.428867 6.786908 -1.161645 -10 -1000
000111 4 Cyclist -1 -1 -10 797.978577 176.577790 858.843684 280.096974 -1 -1 -1 49.025081 12.411497 -0.671727 -10 -1000
000111 321 Car -1 -1 -10 579.934562 172.006308 634.277684 219.229723 -1 -1 -1 71.090717 12.636007 -1.094601 -10 -1000
000111 362 Car -1 -1 -10 702.430357 174.921028 752.166367 213.659908 -1 -1 -1 66.586273 8.468105 -0.810663 -10 -1000
000111 381 Car -1 -1 -10 835.577432 186.772936 932.097032 243.300241 -1 -1 -1 60.182497 5.388434 -1.175015 -10 -1000
000111 393 Car -1 -1 -10 123.971234 200.395969 260.121884 262.462425 -1 -1 -1 61.538175 26.153826 -1.905068 -10 -1000
000111 395 Car -1 -1 -10 767.653423 178.625760 827.528046 224.874629 -1 -1 -1 64.354718 6.484054 -0.975267 -10 -1000
000112 3 Cyclist -1 -1 -10 793.271691 173.240693 857.711815 274.964137 -1 -1 -1 49.717937 12.025755 -0.634102 -10 -1000
000112 321 Car -1 -1 -10 566.343785 171.649439 622.099174 216.509670 -1 -1 -1 71.295990 12.481154 -1.027861 -10 -1000
000112 362 Car -1 -1 -10 683.357569 174.163977 732.569078 211.889699 -1 -1 -1 67.602510 8.380214 -0.796824 -10 -1000
000112 381 Car -1 -1 -10 822.970119 185.283170 922.068505 242.520790 -1 -1 -1 60.442928 5.246524 -1.144667 -10 -1000
000112 395 Car -1 -1 -10 755.450846 177.632543 813.573106 219.421443 -1 -1 -1 65.440592 6.038185 -0.897788 -10 -1000
000112 407 Car -1 -1 -10 5.728311 180.407394 219.506058 290.820984 -1 -1 -1 53.156675 23.384646 -1.155764 -10 -1000
000113 4 Cyclist -1 -1 -10 788.908538 173.986577 855.984005 269.213608 -1 -1 -1 51.659220 10.982465 -0.710552 -10 -1000
000113 321 Car -1 -1 -10 546.817549 169.579759 605.259474 218.123697 -1 -1 -1 71.018478 12.571136 -1.002045 -10 -1000
000113 362 Car -1 -1 -10 668.091309 172.833003 717.553419 210.274936 -1 -1 -1 68.520329 8.108423 -0.765821 -10 -1000
000113 381 Car -1 -1 -10 823.504063 184.918990 922.730758 241.967962 -1 -1 -1 60.490406 4.808773 -1.117088 -10 -1000
000113 395 Car -1 -1 -10 738.946260 176.911526 794.530790 216.877677 -1 -1 -1 66.934832 5.571694 -0.892107 -10 -1000
000113 413 Car -1 -1 -10 53.756466 174.550812 237.211456 290.279968 -1 -1 -1 53.337918 22.212208 -1.054257 -10 -1000
000114 3 Pedestrian -1 -1 -10 777.324231 176.481120 842.034524 275.857781 -1 -1 -1 52.234054 10.802119 -0.805765 -10 -1000
000114 321 Car -1 -1 -10 535.905815 169.422504 595.313090 219.234813 -1 -1 -1 71.134687 12.367190 -1.018566 -10 -1000
000114 362 Car -1 -1 -10 653.503115 172.869766 702.004038 208.595128 -1 -1 -1 69.810535 7.811314 -0.772611 -10 -1000
000114 381 Car -1 -1 -10 819.268480 184.136204 915.955412 243.072583 -1 -1 -1 60.531151 4.654257 -1.110288 -10 -1000
000114 400 Car -1 -1 -10 730.442563 177.469123 787.372875 218.696480 -1 -1 -1 69.126837 4.467164 -1.023177 -10 -1000
000114 413 Car -1 -1 -10 41.359656 182.621442 225.227298 298.906307 -1 -1 -1 52.920206 21.594051 -1.089780 -10 -1000
000114 418 Car -1 -1 -10 703.342224 178.806702 746.057312 206.683609 -1 -1 -1 76.990858 3.018914 -1.079609 -10 -1000
000114 421 Pedestrian -1 -1 -10 1162.761108 182.254898 1253.051270 371.006439 -1 -1 -1 45.158898 11.151863 -0.602667 -10 -1000
000115 3 Car -1 -1 -10 768.583655 174.238161 840.548870 252.388712 -1 -1 -1 55.368362 9.139172 -0.760544 -10 -1000
000115 4 Cyclist -1 -1 -10 768.253039 174.937252 826.052442 264.687645 -1 -1 -1 53.325887 10.360330 -0.748784 -10 -1000
000115 321 Car -1 -1 -10 518.382360 171.418001 578.695449 221.100272 -1 -1 -1 70.811496 12.528131 -1.078237 -10 -1000
000115 362 Car -1 -1 -10 641.357020 173.869934 690.292194 209.413402 -1 -1 -1 71.211644 7.366504 -0.853704 -10 -1000
000115 381 Car -1 -1 -10 809.650372 184.164463 907.885430 245.159578 -1 -1 -1 60.189855 4.873078 -1.103517 -10 -1000
000115 400 Car -1 -1 -10 710.173041 178.402377 766.066752 216.200832 -1 -1 -1 69.539543 4.720008 -1.005366 -10 -1000
000115 413 Car -1 -1 -10 29.252229 188.472303 216.052047 303.776775 -1 -1 -1 53.289953 21.289071 -1.147513 -10 -1000
000115 418 Car -1 -1 -10 679.848576 176.178138 720.940551 204.755524 -1 -1 -1 77.964174 3.356472 -0.997058 -10 -1000
000116 3 Car -1 -1 -10 757.603158 169.693531 829.568373 247.844083 -1 -1 -1 56.668708 8.524467 -0.720718 -10 -1000
000116 4 Cyclist -1 -1 -10 761.544897 177.517083 822.166038 269.402246 -1 -1 -1 53.785444 10.085766 -0.822819 -10 -1000
000116 321 Car -1 -1 -10 502.378382 170.195637 567.656062 222.992920 -1 -1 -1 70.774145 12.486474 -1.079615 -10 -1000
000116 362 Car -1 -1 -10 626.489847 174.594380 673.196177 209.083703 -1 -1 -1 72.415835 7.158434 -0.901316 -10 -1000
000116 381 Car -1 -1 -10 806.997491 185.391300 906.406891 249.342921 -1 -1 -1 59.357104 5.196302 -1.105316 -10 -1000
000116 400 Car -1 -1 -10 695.978514 178.474593 753.521247 218.159058 -1 -1 -1 69.072666 5.000722 -1.022764 -10 -1000
000116 413 Car -1 -1 -10 4.143178 184.879989 183.010489 315.311565 -1 -1 -1 52.961440 20.935053 -1.102697 -10 -1000
000116 418 Car -1 -1 -10 674.281881 176.282129 716.416891 206.666746 -1 -1 -1 77.640292 3.075627 -1.037732 -10 -1000
000116 437 Pedestrian -1 -1 -10 143.076172 167.442841 178.497894 246.005249 -1 -1 -1 57.684100 21.678579 -0.782392 -10 -1000
000117 4 Cyclist -1 -1 -10 750.820970 179.653373 818.672359 269.003059 -1 -1 -1 54.907300 9.456981 -0.896853 -10 -1000
000117 321 Car -1 -1 -10 484.787671 170.900821 550.867884 225.584422 -1 -1 -1 70.627795 12.519475 -1.124731 -10 -1000
000117 362 Car -1 -1 -10 610.580108 174.941025 658.167036 210.800265 -1 -1 -1 73.387716 6.918790 -0.976551 -10 -1000
000117 381 Car -1 -1 -10 801.028767 188.087075 903.610657 252.109611 -1 -1 -1 58.761711 5.437181 -1.111283 -10 -1000
000117 400 Car -1 -1 -10 683.058445 179.494787 741.985301 219.469625 -1 -1 -1 69.481299 4.793853 -1.078825 -10 -1000
000117 413 Car -1 -1 -10 -33.235533 190.407223 145.631778 320.838799 -1 -1 -1 52.967237 20.708760 -1.098343 -10 -1000
000117 418 Car -1 -1 -10 663.029992 176.898495 706.067008 207.494913 -1 -1 -1 77.047493 3.137481 -1.052896 -10 -1000
000118 3 Car -1 -1 -10 734.955974 179.986415 811.123044 256.298110 -1 -1 -1 58.258124 7.714010 -0.995207 -10 -1000
000118 4 Cyclist -1 -1 -10 737.566165 179.661825 798.297082 282.018752 -1 -1 -1 54.609527 9.803023 -0.956301 -10 -1000
000118 321 Car -1 -1 -10 469.072922 171.006163 538.479898 228.955135 -1 -1 -1 70.538130 12.473550 -1.171258 -10 -1000
000118 362 Car -1 -1 -10 595.026736 175.640140 641.125440 209.926537 -1 -1 -1 74.455003 6.755906 -1.005316 -10 -1000
000118 381 Car -1 -1 -10 789.832390 188.746139 893.009482 253.478640 -1 -1 -1 58.781788 5.510627 -1.113656 -10 -1000
000118 400 Car -1 -1 -10 668.836782 181.157774 729.212441 219.498072 -1 -1 -1 70.111860 4.603301 -1.131674 -10 -1000
000119 3 Car -1 -1 -10 722.139268 179.882086 798.334348 253.363969 -1 -1 -1 59.168743 7.310636 -0.996718 -10 -1000
000119 4 Cyclist -1 -1 -10 729.669679 178.976511 787.228541 282.259747 -1 -1 -1 55.114082 9.558968 -0.959557 -10 -1000
000119 321 Car -1 -1 -10 450.095060 171.802907 519.417668 230.081841 -1 -1 -1 70.678967 12.569158 -1.194869 -10 -1000
000119 362 Car -1 -1 -10 579.834569 177.269706 626.430443 211.304141 -1 -1 -1 75.518930 6.521900 -1.105354 -10 -1000
000119 381 Car -1 -1 -10 778.221948 187.911956 885.429483 256.093613 -1 -1 -1 58.585363 5.688514 -1.091956 -10 -1000
000119 400 Car -1 -1 -10 656.543067 181.945136 718.117827 219.700628 -1 -1 -1 71.110076 4.168401 -1.185860 -10 -1000
000120 3 Car -1 -1 -10 704.170836 178.701813 789.810410 250.336497 -1 -1 -1 61.222550 6.253723 -1.054334 -10 -1000
000120 4 Pedestrian -1 -1 -10 716.742666 175.244688 776.625723 280.675127 -1 -1 -1 55.666535 9.308717 -0.914835 -10 -1000
000120 321 Car -1 -1 -10 433.535500 172.077184 504.004865 230.817858 -1 -1 -1 70.404035 12.519389 -1.172296 -10 -1000
000120 362 Car -1 -1 -10 562.478553 176.384313 608.654799 209.786676 -1 -1 -1 76.405236 6.391581 -1.068784 -10 -1000
000120 381 Car -1 -1 -10 755.771473 186.590193 863.654985 256.833511 -1 -1 -1 58.493541 6.113613 -1.039420 -10 -1000
000120 400 Car -1 -1 -10 651.401513 182.524059 712.370421 220.424371 -1 -1 -1 71.306068 3.728099 -1.202402 -10 -1000
000120 418 Car -1 -1 -10 622.789814 182.875196 671.428447 213.253478 -1 -1 -1 77.550727 2.869742 -1.342284 -10 -1000
000121 3 Car -1 -1 -10 680.681288 179.996822 767.862435 247.956575 -1 -1 -1 62.660827 5.856120 -1.103990 -10 -1000
000121 4 Cyclist -1 -1 -10 699.779009 176.827321 760.876420 282.887586 -1 -1 -1 55.909212 9.330649 -0.923155 -10 -1000
000121 321 Car -1 -1 -10 413.320042 173.469212 484.255911 233.225030 -1 -1 -1 69.970805 12.673291 -1.186716 -10 -1000
000121 362 Car -1 -1 -10 547.481215 175.751731 593.984124 210.371077 -1 -1 -1 76.899238 6.303239 -1.068456 -10 -1000
000121 381 Car -1 -1 -10 745.583594 186.361953 856.887904 258.217766 -1 -1 -1 58.215416 6.311517 -0.991863 -10 -1000
000121 400 Car -1 -1 -10 632.611843 182.339119 693.254023 219.339548 -1 -1 -1 71.605546 3.899175 -1.169283 -10 -1000
000121 460 Car -1 -1 -10 605.891356 181.940843 656.605162 214.187058 -1 -1 -1 77.456622 3.068460 -1.319532 -10 -1000
000122 3 Car -1 -1 -10 676.579688 182.056144 772.666756 253.869493 -1 -1 -1 63.021521 5.305708 -1.212173 -10 -1000
000122 4 Cyclist -1 -1 -10 684.868443 176.125646 749.686390 283.299790 -1 -1 -1 56.977362 8.825498 -0.973569 -10 -1000
000122 321 Car -1 -1 -10 395.799664 174.264649 469.814187 231.278699 -1 -1 -1 70.007559 12.608075 -1.138231 -10 -1000
000122 362 Car -1 -1 -10 531.578942 175.816221 577.537601 208.919591 -1 -1 -1 77.926552 6.115592 -1.058201 -10 -1000
000122 400 Car -1 -1 -10 629.019387 182.988401 692.137416 223.641055 -1 -1 -1 71.707109 3.407912 -1.253456 -10 -1000
000122 456 Car -1 -1 -10 749.244742 186.812545 862.500830 261.425898 -1 -1 -1 58.065384 6.095542 -0.984381 -10 -1000
000122 460 Car -1 -1 -10 595.553150 182.137498 645.340732 213.942730 -1 -1 -1 77.457129 2.954221 -1.300146 -10 -1000
000123 3 Car -1 -1 -10 666.500812 183.837943 765.592352 255.164165 -1 -1 -1 63.330634 5.026271 -1.240893 -10 -1000
000123 4 Cyclist -1 -1 -10 667.125670 176.814147 731.099125 278.736536 -1 -1 -1 57.043315 8.940599 -0.890458 -10 -1000
000123 362 Car -1 -1 -10 516.587401 176.181649 561.842994 209.061321 -1 -1 -1 78.603239 5.905345 -1.075978 -10 -1000
000123 381 Car -1 -1 -10 732.511657 186.784707 845.680478 262.849675 -1 -1 -1 58.174055 6.224447 -0.962117 -10 -1000
000123 400 Car -1 -1 -10 611.557281 181.908676 674.559513 221.837390 -1 -1 -1 71.987355 3.448540 -1.183921 -10 -1000
000123 458 Car -1 -1 -10 371.904654 175.861544 452.243831 236.508818 -1 -1 -1 69.139363 12.708639 -1.166509 -10 -1000
000123 460 Car -1 -1 -10 578.535625 182.096542 629.296908 213.793960 -1 -1 -1 77.565761 3.016817 -1.278973 -10 -1000
000124 3 Car -1 -1 -10 662.546721 183.285870 764.628755 255.929431 -1 -1 -1 63.415743 4.704382 -1.217913 -10 -1000
000124 4 Cyclist -1 -1 -10 660.123453 175.996943 728.992196 276.199633 -1 -1 -1 58.443434 8.048456 -0.943023 -10 -1000
000124 362 Car -1 -1 -10 502.165507 174.989153 546.832042 208.150314 -1 -1 -1 77.982556 6.075809 -0.987736 -10 -1000
000124 381 Car -1 -1 -10 737.034299 187.622792 854.561158 267.876980 -1 -1 -1 58.186343 5.853963 -0.988033 -10 -1000
000124 400 Car -1 -1 -10 598.395385 182.407805 660.090116 222.077304 -1 -1 -1 72.568016 3.231082 -1.206128 -10 -1000
000124 458 Car -1 -1 -10 351.218314 178.172458 433.471354 237.460137 -1 -1 -1 69.082765 12.714262 -1.178905 -10 -1000
000124 460 Car -1 -1 -10 569.092621 183.237807 619.451024 215.369709 -1 -1 -1 77.650521 2.788155 -1.327547 -10 -1000
000125 3 Car -1 -1 -10 649.007719 183.464194 749.932840 255.994584 -1 -1 -1 63.841924 4.553394 -1.216772 -10 -1000
000125 4 Cyclist -1 -1 -10 635.659754 175.487360 701.212255 271.494975 -1 -1 -1 59.215034 7.966588 -0.909859 -10 -1000
000125 362 Car -1 -1 -10 485.601503 174.818671 530.477586 208.628860 -1 -1 -1 78.255724 6.072275 -0.986665 -10 -1000
000125 381 Car -1 -1 -10 734.947294 187.229447 853.264779 271.213795 -1 -1 -1 58.173294 5.721439 -0.974925 -10 -1000
000125 400 Car -1 -1 -10 586.207548 181.298493 648.377072 222.635016 -1 -1 -1 72.200768 3.349588 -1.151808 -10 -1000
000125 458 Car -1 -1 -10 327.557077 179.388586 416.113037 241.303184 -1 -1 -1 68.559592 12.763726 -1.183952 -10 -1000
000125 460 Car -1 -1 -10 552.859151 181.517570 604.166727 213.794545 -1 -1 -1 78.189224 2.696261 -1.253654 -10 -1000
000126 3 Car -1 -1 -10 636.624022 184.387137 737.838406 254.347735 -1 -1 -1 63.882399 4.553389 -1.168683 -10 -1000
000126 4 Cyclist -1 -1 -10 605.888370 179.718439 667.169182 274.012875 -1 -1 -1 59.660650 8.166161 -0.959172 -10 -1000
000126 381 Car -1 -1 -10 728.536650 187.135229 848.914419 273.621329 -1 -1 -1 58.144926 5.700763 -0.946236 -10 -1000
000126 400 Car -1 -1 -10 566.172118 180.633553 629.355661 223.632376 -1 -1 -1 72.196489 3.595062 -1.130077 -10 -1000
000126 458 Car -1 -1 -10 301.771252 180.966396 393.479344 243.820439 -1 -1 -1 68.461944 12.809905 -1.191093 -10 -1000
000126 460 Car -1 -1 -10 532.273987 178.620648 582.983394 210.809025 -1 -1 -1 78.540767 2.891890 -1.110019 -10 -1000
000126 489 Car -1 -1 -10 469.505730 175.000449 512.611926 207.198796 -1 -1 -1 76.490336 6.589241 -0.875722 -10 -1000
000127 3 Car -1 -1 -10 622.286787 182.765992 725.691150 252.884934 -1 -1 -1 63.477679 4.898685 -1.057626 -10 -1000
000127 4 Cyclist -1 -1 -10 588.399024 183.653755 645.072963 271.539455 -1 -1 -1 60.761169 7.816619 -1.024329 -10 -1000
000127 381 Car -1 -1 -10 719.732714 185.940443 845.817339 275.875789 -1 -1 -1 57.978259 5.848669 -0.893010 -10 -1000
000127 400 Car -1 -1 -10 546.193313 179.883022 609.492088 222.876706 -1 -1 -1 73.131455 3.532942 -1.124022 -10 -1000
000127 458 Car -1 -1 -10 275.230097 183.984276 372.723505 247.777073 -1 -1 -1 68.020936 12.907287 -1.213238 -10 -1000
000127 460 Car -1 -1 -10 516.074751 176.660390 566.784159 208.848766 -1 -1 -1 78.729127 3.010097 -1.009727 -10 -1000
000127 489 Car -1 -1 -10 455.147719 175.062739 498.690086 207.785215 -1 -1 -1 76.976443 6.465080 -0.889212 -10 -1000
000128 3 Car -1 -1 -10 613.189259 183.896720 721.209706 256.236761 -1 -1 -1 63.319917 4.989012 -1.058675 -10 -1000
000128 4 Cyclist -1 -1 -10 573.169090 184.655622 629.243347 274.699838 -1 -1 -1 60.751650 7.966993 -1.010188 -10 -1000
000128 381 Car -1 -1 -10 715.954233 184.957273 846.956835 279.760918 -1 -1 -1 57.898014 5.902737 -0.858962 -10 -1000
000128 400 Car -1 -1 -10 528.511425 180.126740 591.078955 222.644853 -1 -1 -1 73.679838 3.671888 -1.122036 -10 -1000
000128 458 Car -1 -1 -10 251.409518 186.191030 359.512755 254.180819 -1 -1 -1 67.168099 12.943754 -1.213866 -10 -1000
000128 489 Car -1 -1 -10 445.953969 172.450508 489.699293 206.382690 -1 -1 -1 77.224807 6.311962 -0.794056 -10 -1000
000129 3 Car -1 -1 -10 608.777875 185.136016 720.155872 258.196630 -1 -1 -1 63.421492 4.870695 -1.060509 -10 -1000
000129 4 Cyclist -1 -1 -10 557.226218 181.917369 617.353195 276.442554 -1 -1 -1 61.363969 7.817849 -1.000419 -10 -1000
000129 381 Car -1 -1 -10 713.264739 185.185159 848.164807 284.626368 -1 -1 -1 58.047399 5.823438 -0.860459 -10 -1000
000129 458 Car -1 -1 -10 238.107871 187.647802 347.646718 256.725541 -1 -1 -1 67.144611 12.800816 -1.210693 -10 -1000
000129 460 Car -1 -1 -10 521.640427 183.306655 580.536718 221.829958 -1 -1 -1 76.678448 2.522652 -1.296246 -10 -1000
000129 489 Car -1 -1 -10 434.462348 174.474685 477.775483 207.242202 -1 -1 -1 78.299309 6.114503 -0.871034 -10 -1000
000129 522 Car -1 -1 -10 554.712219 178.997040 632.269226 238.715225 -1 -1 -1 70.535302 3.426539 -1.188438 -10 -1000
000130 3 Car -1 -1 -10 601.160390 185.541438 718.076227 259.976598 -1 -1 -1 63.500849 4.890587 -1.040052 -10 -1000
000130 4 Cyclist -1 -1 -10 542.944020 182.897673 599.387716 274.859127 -1 -1 -1 62.387884 7.595670 -1.027406 -10 -1000
000130 381 Car -1 -1 -10 715.025171 187.525744 857.365990 291.188749 -1 -1 -1 58.201450 5.657590 -0.889293 -10 -1000
000130 458 Car -1 -1 -10 220.917746 189.729294 334.581267 260.778157 -1 -1 -1 66.718260 12.804526 -1.191506 -10 -1000
000130 460 Car -1 -1 -10 520.311615 184.095616 585.125126 227.460370 -1 -1 -1 75.599785 2.660494 -1.330607 -10 -1000
000130 489 Car -1 -1 -10 426.690554 178.199025 471.055726 211.263061 -1 -1 -1 79.448773 5.834836 -1.048320 -10 -1000
000131 3 Car -1 -1 -10 602.143897 186.398247 727.226909 265.453877 -1 -1 -1 63.504507 4.738415 -1.066051 -10 -1000
000131 4 Cyclist -1 -1 -10 529.869995 180.980922 588.575637 274.867110 -1 -1 -1 63.283765 7.386005 -1.033952 -10 -1000
000131 381 Car -1 -1 -10 718.695079 189.361244 871.754417 302.095780 -1 -1 -1 58.126262 5.668150 -0.917584 -10 -1000
000131 458 Car -1 -1 -10 208.393709 192.629358 322.601557 264.427807 -1 -1 -1 66.557652 12.754591 -1.197337 -10 -1000
000131 460 Car -1 -1 -10 523.540964 185.890071 593.020063 230.322496 -1 -1 -1 74.714003 2.653809 -1.334682 -10 -1000
000131 489 Car -1 -1 -10 421.015309 180.039940 464.500861 213.840451 -1 -1 -1 81.171369 5.447758 -1.190222 -10 -1000
000131 535 Car -1 -1 -10 484.440247 183.484543 556.233032 221.448700 -1 -1 -1 82.750165 1.296058 -1.539294 -10 -1000
000132 3 Car -1 -1 -10 602.642302 186.968792 734.065488 270.352252 -1 -1 -1 63.409101 4.751716 -1.065497 -10 -1000
000132 4 Cyclist -1 -1 -10 520.038896 180.661001 578.440984 277.140919 -1 -1 -1 64.138904 7.208184 -1.075740 -10 -1000
000132 381 Car -1 -1 -10 724.809045 191.834063 884.039388 314.835567 -1 -1 -1 58.079345 5.722818 -0.952470 -10 -1000
000132 458 Car -1 -1 -10 192.502852 195.727646 312.605528 270.788903 -1 -1 -1 66.089405 12.748682 -1.199192 -10 -1000
000132 460 Car -1 -1 -10 527.922818 188.309689 599.187047 237.646419 -1 -1 -1 73.091501 3.086769 -1.367600 -10 -1000
000132 489 Car -1 -1 -10 418.256609 181.775290 461.460047 216.488101 -1 -1 -1 82.853363 5.041170 -1.336343 -10 -1000
000132 535 Car -1 -1 -10 477.221973 185.178228 534.991410 221.618207 -1 -1 -1 82.675559 1.957375 -1.542290 -10 -1000
000132 541 Car -1 -1 -10 274.310303 190.091125 348.321625 242.556702 -1 -1 -1 72.900719 11.171814 -1.349354 -10 -1000
000133 3 Car -1 -1 -10 603.552666 187.177626 737.958663 273.911783 -1 -1 -1 63.193575 4.933330 -1.018908 -10 -1000
000133 4 Cyclist -1 -1 -10 511.813154 179.974936 568.301288 276.936052 -1 -1 -1 63.518137 7.629497 -0.943581 -10 -1000
000133 381 Car -1 -1 -10 738.131055 191.794187 902.095351 322.867867 -1 -1 -1 57.978535 5.801060 -0.906207 -10 -1000
000133 458 Car -1 -1 -10 178.872627 199.832297 301.347065 276.937918 -1 -1 -1 65.844198 12.719987 -1.209611 -10 -1000
000133 460 Car -1 -1 -10 539.198920 188.432981 612.555206 241.603548 -1 -1 -1 71.735669 3.262480 -1.294999 -10 -1000
000133 489 Car -1 -1 -10 416.895317 184.127557 460.098755 218.840369 -1 -1 -1 83.716401 4.846223 -1.448688 -10 -1000
000133 535 Car -1 -1 -10 481.878758 185.922192 531.434655 221.270155 -1 -1 -1 82.916890 1.856716 -1.524252 -10 -1000
000133 541 Car -1 -1 -10 270.833946 194.429370 338.383809 244.621991 -1 -1 -1 72.426433 11.197928 -1.355691 -10 -1000
000134 3 Car -1 -1 -10 609.559728 186.905173 750.539067 277.180350 -1 -1 -1 62.997602 4.999103 -0.969914 -10 -1000
000134 4 Cyclist -1 -1 -10 508.997041 179.503170 566.407044 272.968862 -1 -1 -1 63.833191 7.582245 -0.873219 -10 -1000
000134 381 Car -1 -1 -10 750.760230 189.741125 923.890945 334.859402 -1 -1 -1 57.877928 5.916551 -0.868526 -10 -1000
000134 458 Car -1 -1 -10 170.524781 198.609907 299.239792 279.118155 -1 -1 -1 65.873463 12.626240 -1.162659 -10 -1000
000134 460 Car -1 -1 -10 543.166323 187.187511 620.806446 241.502219 -1 -1 -1 70.956936 3.516560 -1.172982 -10 -1000
000134 489 Car -1 -1 -10 419.645917 182.237618 460.800740 216.100606 -1 -1 -1 85.539148 4.413927 -1.396313 -10 -1000
000134 535 Car -1 -1 -10 482.315842 184.845571 533.361401 222.659615 -1 -1 -1 81.749579 2.301475 -1.429741 -10 -1000
000134 541 Car -1 -1 -10 271.994531 194.150251 339.030739 245.727339 -1 -1 -1 72.420885 11.073919 -1.321692 -10 -1000
000135 3 Car -1 -1 -10 617.301641 185.665880 765.466943 279.981230 -1 -1 -1 62.871098 5.033667 -0.910615 -10 -1000
000135 4 Cyclist -1 -1 -10 508.825251 176.327905 566.865992 269.794590 -1 -1 -1 63.783685 7.656408 -0.756403 -10 -1000
000135 381 Car -1 -1 -10 772.055591 188.238565 957.078079 348.042203 -1 -1 -1 57.613624 6.112431 -0.804476 -10 -1000
000135 458 Car -1 -1 -10 156.057315 195.995710 295.634057 280.820853 -1 -1 -1 65.857195 12.624200 -1.092897 -10 -1000
000135 460 Car -1 -1 -10 543.276962 183.880546 619.766689 238.876118 -1 -1 -1 70.794372 3.773062 -1.026206 -10 -1000
000135 489 Car -1 -1 -10 420.249377 179.932360 464.646914 215.405404 -1 -1 -1 87.220108 4.097671 -1.367519 -10 -1000
000135 541 Car -1 -1 -10 275.884988 191.050771 341.875658 242.906377 -1 -1 -1 72.538253 10.940394 -1.206321 -10 -1000
000135 543 Car -1 -1 -10 483.619811 180.984240 536.377574 222.945700 -1 -1 -1 81.186317 2.580221 -1.283343 -10 -1000
000136 3 Car -1 -1 -10 622.730007 182.521960 781.720714 282.538260 -1 -1 -1 62.803907 5.116164 -0.830286 -10 -1000
000136 4 Cyclist -1 -1 -10 508.041797 173.694985 566.810301 264.018435 -1 -1 -1 64.887003 7.362166 -0.712655 -10 -1000
000136 381 Car -1 -1 -10 799.440172 188.052006 1000.971484 365.719245 -1 -1 -1 57.427362 6.268482 -0.756848 -10 -1000
000136 458 Car -1 -1 -10 138.986477 194.767999 291.411711 285.130117 -1 -1 -1 65.773424 12.631369 -1.046578 -10 -1000
000136 460 Car -1 -1 -10 544.238596 179.680744 621.921042 236.417916 -1 -1 -1 70.784252 3.957527 -0.883275 -10 -1000
000136 489 Car -1 -1 -10 425.287520 177.689034 468.369886 209.998127 -1 -1 -1 89.231417 3.720320 -1.227839 -10 -1000
000136 535 Car -1 -1 -10 486.953697 179.739701 542.334331 222.066119 -1 -1 -1 81.931995 2.416453 -1.236593 -10 -1000
000136 541 Car -1 -1 -10 277.181961 188.797970 343.045856 240.946142 -1 -1 -1 72.630178 10.894449 -1.111495 -10 -1000
000136 573 Car -1 -1 -10 511.946014 177.317337 580.458923 224.896240 -1 -1 -1 77.553645 2.582090 -1.029054 -10 -1000
000137 3 Car -1 -1 -10 633.582235 181.625119 801.820077 287.633471 -1 -1 -1 62.829764 5.074048 -0.804421 -10 -1000
000137 4 Cyclist -1 -1 -10 508.654540 174.048328 563.771809 263.976722 -1 -1 -1 65.695548 7.227147 -0.725871 -10 -1000
000137 381 Car -1 -1 -10 834.990642 184.403997 1053.806655 377.865338 -1 -1 -1 57.459794 6.154988 -0.703179 -10 -1000
000137 458 Car -1 -1 -10 128.697217 194.175708 292.176670 290.097628 -1 -1 -1 65.639988 12.574527 -1.009719 -10 -1000
000137 460 Car -1 -1 -10 548.904427 176.320248 626.952178 233.903001 -1 -1 -1 70.719914 4.091675 -0.756670 -10 -1000
000137 489 Car -1 -1 -10 431.095874 175.133445 472.159837 205.964344 -1 -1 -1 90.161607 3.636130 -1.062939 -10 -1000
000137 541 Car -1 -1 -10 280.247102 187.321341 348.311685 242.648917 -1 -1 -1 72.523440 10.830616 -1.065651 -10 -1000
000137 573 Car -1 -1 -10 514.024886 178.799230 581.383382 226.955439 -1 -1 -1 77.709441 2.769820 -1.062707 -10 -1000
000138 3 Car -1 -1 -10 644.797447 182.347530 830.286542 298.841767 -1 -1 -1 62.493964 5.242075 -0.800322 -10 -1000
000138 4 Cyclist -1 -1 -10 509.173627 172.427512 563.958748 261.769615 -1 -1 -1 66.535524 7.092886 -0.708907 -10 -1000
000138 381 Car -1 -1 -10 879.909255 178.438477 1112.784495 384.400758 -1 -1 -1 57.636703 5.890333 -0.644531 -10 -1000
000138 458 Car -1 -1 -10 106.129685 195.947697 285.565234 299.225940 -1 -1 -1 65.749536 12.672045 -1.046538 -10 -1000
000138 460 Car -1 -1 -10 559.167433 172.438767 641.225014 234.150702 -1 -1 -1 70.302970 4.200977 -0.653523 -10 -1000
000138 489 Car -1 -1 -10 438.033201 172.314306 479.097164 203.145205 -1 -1 -1 91.396976 3.452172 -0.935391 -10 -1000
000138 541 Car -1 -1 -10 273.248689 185.978163 345.545435 244.507604 -1 -1 -1 72.374889 10.999111 -1.025152 -10 -1000
000138 573 Car -1 -1 -10 522.510496 176.887716 590.628943 226.419933 -1 -1 -1 77.471234 2.863220 -0.974476 -10 -1000
000139 3 Car -1 -1 -10 659.047561 187.040296 865.307540 313.428834 -1 -1 -1 62.371936 5.262179 -0.854281 -10 -1000
000139 4 Cyclist -1 -1 -10 510.841602 172.752118 565.729478 262.533310 -1 -1 -1 67.151286 7.032330 -0.720697 -10 -1000
000139 381 Car -1 -1 -10 933.205808 178.968588 1195.018640 379.119717 -1 -1 -1 57.878862 5.505133 -0.572478 -10 -1000
000139 458 Car -1 -1 -10 86.695889 197.084147 278.875507 305.662264 -1 -1 -1 66.196208 12.769672 -1.088449 -10 -1000
000139 460 Car -1 -1 -10 571.494452 172.786059 658.568029 237.648293 -1 -1 -1 70.412187 4.060766 -0.675064 -10 -1000
000139 489 Car -1 -1 -10 450.821018 170.491259 489.141781 201.325271 -1 -1 -1 91.768987 3.256681 -0.830492 -10 -1000
000139 541 Car -1 -1 -10 271.463479 185.644053 346.700716 246.565390 -1 -1 -1 73.136620 11.052575 -1.061460 -10 -1000
000139 573 Car -1 -1 -10 530.909409 177.905731 593.291394 228.207719 -1 -1 -1 76.329353 3.420164 -0.930381 -10 -1000
000139 596 Car -1 -1 -10 215.633652 175.742859 319.727356 255.478439 -1 -1 -1 70.125249 11.829554 -0.837138 -10 -1000
000140 3 Car -1 -1 -10 674.735105 187.923713 901.852951 329.163866 -1 -1 -1 62.325838 5.231827 -0.888308 -10 -1000
000140 4 Cyclist -1 -1 -10 510.843335 171.511910 567.186243 264.587221 -1 -1 -1 67.575545 7.053270 -0.719857 -10 -1000
000140 381 Car -1 -1 -10 977.687176 177.866457 1239.619616 374.399533 -1 -1 -1 58.289904 5.162333 -0.529156 -10 -1000
000140 458 Car -1 -1 -10 80.347770 194.579985 285.000297 309.416167 -1 -1 -1 66.324700 12.675311 -1.058585 -10 -1000
000140 460 Car -1 -1 -10 576.910561 174.181403 669.521684 242.176168 -1 -1 -1 70.061194 4.293362 -0.693780 -10 -1000
000140 489 Car -1 -1 -10 460.161261 168.175949 498.482024 199.009961 -1 -1 -1 92.865815 3.019840 -0.721206 -10 -1000
000140 541 Car -1 -1 -10 272.366441 184.421406 354.040170 247.674350 -1 -1 -1 73.644645 11.026684 -1.063061 -10 -1000
000140 573 Car -1 -1 -10 526.543201 175.863420 586.003460 231.997171 -1 -1 -1 75.126168 4.326408 -0.862935 -10 -1000
000141 3 Car -1 -1 -10 695.064676 187.737614 944.623784 343.476123 -1 -1 -1 62.354579 5.114465 -0.901543 -10 -1000
000141 4 Cyclist -1 -1 -10 518.488001 173.522642 573.692585 265.337486 -1 -1 -1 67.361687 7.138239 -0.687022 -10 -1000
000141 381 Car -1 -1 -10 1012.383980 181.491621 1293.519630 375.941101 -1 -1 -1 58.034707 5.934729 -0.380805 -10 -1000
000141 458 Car -1 -1 -10 56.382831 196.625062 280.137021 320.353306 -1 -1 -1 66.453941 12.743777 -1.101205 -10 -1000
000141 460 Car -1 -1 -10 593.820155 177.344693 692.135185 249.316393 -1 -1 -1 69.771298 4.225218 -0.756011 -10 -1000
000141 489 Car -1 -1 -10 465.651560 173.117977 505.270985 201.149700 -1 -1 -1 95.124757 2.738628 -0.958817 -10 -1000
000141 541 Car -1 -1 -10 298.077227 182.186050 380.644105 244.495144 -1 -1 -1 74.770206 10.498028 -1.040758 -10 -1000
000141 573 Car -1 -1 -10 524.307472 176.829334 583.767732 232.963086 -1 -1 -1 74.892628 4.758680 -0.845633 -10 -1000
000141 596 Car -1 -1 -10 248.464122 181.860953 354.794802 260.935748 -1 -1 -1 69.675512 11.191578 -0.853788 -10 -1000
000141 611 Car -1 -1 -10 560.430298 178.480103 632.522644 233.044922 -1 -1 -1 76.110088 3.028638 -0.942883 -10 -1000
000142 3 Car -1 -1 -10 722.694933 191.338402 994.776050 356.394441 -1 -1 -1 62.450497 4.940152 -0.918314 -10 -1000
000142 4 Cyclist -1 -1 -10 520.563537 173.225694 576.827261 265.940623 -1 -1 -1 68.240046 7.013256 -0.708033 -10 -1000
000142 381 Cyclist -1 -1 -10 1086.448797 187.115349 1367.584447 381.564829 -1 -1 -1 58.151190 6.104845 -0.312605 -10 -1000
000142 458 Car -1 -1 -10 24.936050 206.618785 266.905344 337.701718 -1 -1 -1 66.237736 12.784645 -1.173399 -10 -1000
000142 460 Car -1 -1 -10 605.013072 177.898699 709.164304 253.285700 -1 -1 -1 69.764708 4.220652 -0.759291 -10 -1000
000142 489 Car -1 -1 -10 478.888577 174.530783 514.725309 201.393745 -1 -1 -1 95.211142 2.635515 -0.983500 -10 -1000
000142 541 Car -1 -1 -10 313.912184 183.541624 393.043560 240.114444 -1 -1 -1 75.464328 10.247477 -1.010877 -10 -1000
000142 596 Car -1 -1 -10 241.673243 185.485193 355.560995 265.805394 -1 -1 -1 69.968929 11.234742 -0.909027 -10 -1000
000142 611 Car -1 -1 -10 563.068476 177.487460 629.396062 230.773479 -1 -1 -1 77.142394 3.049703 -0.910796 -10 -1000
000143 3 Car -1 -1 -10 748.745681 193.061876 1056.138811 367.197860 -1 -1 -1 62.331959 4.914405 -0.873940 -10 -1000
000143 4 Cyclist -1 -1 -10 526.911270 170.325392 585.066136 264.398385 -1 -1 -1 69.166016 6.782952 -0.696098 -10 -1000
000143 458 Car -1 -1 -10 -10.856238 213.315578 254.738721 350.715399 -1 -1 -1 66.283252 12.865596 -1.220321 -10 -1000
000143 460 Car -1 -1 -10 614.243620 178.411286 723.988777 257.003898 -1 -1 -1 69.410492 4.401437 -0.735893 -10 -1000
000143 489 Car -1 -1 -10 488.014332 174.837987 523.851064 201.700948 -1 -1 -1 96.306377 2.404951 -1.015282 -10 -1000
000143 541 Car -1 -1 -10 214.532623 189.889617 339.349322 273.150539 -1 -1 -1 70.655625 11.611733 -1.026973 -10 -1000
000143 611 Car -1 -1 -10 567.969528 177.225033 631.055622 229.378243 -1 -1 -1 76.940246 3.344601 -0.843957 -10 -1000
000143 613 Car -1 -1 -10 318.056021 188.189663 394.176367 239.977929 -1 -1 -1 76.774052 10.266989 -1.123160 -10 -1000
000143 630 Pedestrian -1 -1 -10 808.299500 158.123795 844.193542 245.034225 -1 -1 -1 71.017522 -0.443947 -0.493322 -10 -1000
000144 3 Car -1 -1 -10 780.771395 193.535391 1131.212909 371.457426 -1 -1 -1 62.171188 4.924911 -0.768381 -10 -1000
000144 4 Cyclist -1 -1 -10 533.711761 172.341488 588.240981 264.509928 -1 -1 -1 70.040439 6.630272 -0.736030 -10 -1000
000144 458 Car -1 -1 -10 -25.129021 215.192537 256.070505 358.173144 -1 -1 -1 66.385087 12.768413 -1.208003 -10 -1000
000144 460 Car -1 -1 -10 633.566402 177.941217 752.338714 263.901481 -1 -1 -1 68.899119 4.442363 -0.712442 -10 -1000
000144 541 Car -1 -1 -10 182.376072 191.520032 329.217494 285.213779 -1 -1 -1 70.171808 11.844306 -1.047252 -10 -1000
000144 611 Car -1 -1 -10 583.814493 180.139042 648.977128 233.562092 -1 -1 -1 76.659351 3.252485 -0.898383 -10 -1000
000144 613 Car -1 -1 -10 324.503262 188.834273 400.748470 239.102340 -1 -1 -1 77.235786 10.215274 -1.114683 -10 -1000
000144 630 Pedestrian -1 -1 -10 835.172833 157.488763 870.706758 243.741112 -1 -1 -1 69.651761 0.412800 -0.370986 -10 -1000
000145 3 Car -1 -1 -10 796.496027 192.329554 1202.144623 377.033001 -1 -1 -1 61.873439 5.313081 -0.619806 -10 -1000
000145 4 Cyclist -1 -1 -10 538.286758 172.585702 591.402821 267.289357 -1 -1 -1 70.112122 6.697057 -0.723192 -10 -1000
000145 458 Car -1 -1 -10 -20.309021 211.370435 257.045088 361.110909 -1 -1 -1 66.155715 12.455860 -1.085550 -10 -1000
000145 460 Car -1 -1 -10 642.883188 177.295511 770.890678 267.868029 -1 -1 -1 68.691950 4.562510 -0.675003 -10 -1000
000145 541 Car -1 -1 -10 178.817859 187.205687 335.292331 287.482887 -1 -1 -1 70.233846 11.751078 -0.983260 -10 -1000
000145 611 Car -1 -1 -10 590.970532 179.708566 653.011244 231.812109 -1 -1 -1 77.710973 3.045540 -0.888354 -10 -1000
000145 613 Car -1 -1 -10 330.493884 187.860699 407.557252 238.758097 -1 -1 -1 77.867780 10.148757 -1.101514 -10 -1000
000145 630 Pedestrian -1 -1 -10 860.903445 151.479263 890.154572 224.265051 -1 -1 -1 71.750655 -1.221994 -0.135605 -10 -1000
000146 3 Car -1 -1 -10 803.329290 188.590538 1209.324768 368.861955 -1 -1 -1 61.632295 6.113653 -0.400821 -10 -1000
000146 4 Cyclist -1 -1 -10 543.305590 172.541057 597.117247 266.960920 -1 -1 -1 70.325193 6.707741 -0.683945 -10 -1000
000146 458 Car -1 -1 -10 -18.817919 209.995295 246.303750 370.013488 -1 -1 -1 66.122508 12.221666 -1.020664 -10 -1000
000146 460 Car -1 -1 -10 650.867331 174.661912 784.784739 269.822259 -1 -1 -1 68.793173 4.629858 -0.620263 -10 -1000
000146 541 Car -1 -1 -10 140.920128 188.785005 314.329016 303.347846 -1 -1 -1 70.317845 12.058873 -1.059370 -10 -1000
000146 611 Car -1 -1 -10 598.190372 177.800715 662.347150 232.362408 -1 -1 -1 77.260589 3.288434 -0.803272 -10 -1000
000146 613 Car -1 -1 -10 323.269262 186.249218 404.329996 241.802511 -1 -1 -1 77.061717 10.330087 -1.024039 -10 -1000
000146 630 Pedestrian -1 -1 -10 888.178128 155.359931 929.843713 253.892500 -1 -1 -1 68.663258 1.050221 -0.322986 -10 -1000
000147 3 Car -1 -1 -10 833.637494 192.665960 1226.017912 369.089611 -1 -1 -1 61.961491 6.156173 -0.361348 -10 -1000
000147 4 Cyclist -1 -1 -10 547.667659 166.275366 600.891755 261.233379 -1 -1 -1 70.607480 6.713842 -0.558335 -10 -1000
000147 458 Car -1 -1 -10 -29.018097 203.886098 229.980056 371.490896 -1 -1 -1 66.350386 12.147096 -0.944055 -10 -1000
000147 460 Car -1 -1 -10 664.417956 172.264437 810.197014 273.547060 -1 -1 -1 69.197507 4.387535 -0.613617 -10 -1000
000147 541 Car -1 -1 -10 120.554724 185.363382 306.825805 311.420555 -1 -1 -1 70.523738 12.155439 -1.054113 -10 -1000
000147 611 Car -1 -1 -10 610.950117 176.042935 677.900334 231.817276 -1 -1 -1 78.527674 2.753941 -0.802869 -10 -1000
000147 613 Car -1 -1 -10 325.313468 183.740521 409.175325 241.768902 -1 -1 -1 76.511419 10.277526 -0.920742 -10 -1000
000147 638 Pedestrian -1 -1 -10 919.823787 152.196439 966.412038 263.571667 -1 -1 -1 67.939222 1.557665 -0.298799 -10 -1000
000148 3 Car -1 -1 -10 889.871984 194.029620 1240.491740 370.575702 -1 -1 -1 62.173176 6.334491 -0.285034 -10 -1000
000148 4 Cyclist -1 -1 -10 553.493602 165.694661 605.804917 261.028995 -1 -1 -1 71.483551 6.560524 -0.566464 -10 -1000
000148 458 Car -1 -1 -10 -38.824123 201.905617 217.410657 369.776960 -1 -1 -1 66.809362 12.090140 -0.900775 -10 -1000
000148 460 Car -1 -1 -10 673.737626 169.848788 826.987627 277.483797 -1 -1 -1 69.316436 4.429774 -0.579845 -10 -1000
000148 611 Car -1 -1 -10 617.508330 174.492969 684.039683 229.469734 -1 -1 -1 79.859127 2.448465 -0.777586 -10 -1000
000148 613 Car -1 -1 -10 336.658475 181.876204 419.286901 239.409236 -1 -1 -1 77.562747 10.108554 -0.899064 -10 -1000
000148 638 Pedestrian -1 -1 -10 956.446846 156.650002 1018.177849 291.213877 -1 -1 -1 67.575743 1.742884 -0.456295 -10 -1000
000148 649 Car -1 -1 -10 134.949573 175.322359 330.198747 307.192225 -1 -1 -1 70.898944 11.824090 -0.929089 -10 -1000
000149 3 Car -1 -1 -10 882.775535 194.883190 1187.678571 374.283752 -1 -1 -1 61.713100 7.506940 -0.095468 -10 -1000
000149 4 Cyclist -1 -1 -10 559.002799 164.737511 614.050978 263.762454 -1 -1 -1 72.226888 6.385905 -0.599298 -10 -1000
000149 458 Car -1 -1 -10 -52.761574 210.288366 199.849315 375.806764 -1 -1 -1 67.433060 12.140438 -0.978092 -10 -1000
000149 460 Car -1 -1 -10 686.784246 169.142472 854.103981 285.024052 -1 -1 -1 69.422290 4.336063 -0.595089 -10 -1000
000149 611 Car -1 -1 -10 624.188339 175.629328 693.482194 230.181263 -1 -1 -1 81.346938 1.984775 -0.855386 -10 -1000
000149 613 Car -1 -1 -10 341.136463 179.610289 426.324060 238.791221 -1 -1 -1 78.695081 10.034173 -0.906957 -10 -1000
000149 638 Pedestrian -1 -1 -10 992.375323 150.124022 1053.021471 285.701796 -1 -1 -1 67.580367 1.769670 -0.335090 -10 -1000
000149 649 Car -1 -1 -10 118.285453 177.720134 323.193512 311.505255 -1 -1 -1 71.323572 11.898854 -0.969562 -10 -1000
000150 3 Car -1 -1 -10 780.371035 204.348897 1085.274071 383.749458 -1 -1 -1 61.669467 8.247461 0.007919 -10 -1000
000150 4 Cyclist -1 -1 -10 562.472984 164.408167 617.916268 264.154930 -1 -1 -1 73.455945 6.160123 -0.650857 -10 -1000
000150 458 Car -1 -1 -10 -79.420084 206.914335 169.083970 377.541717 -1 -1 -1 67.670668 12.120539 -0.920586 -10 -1000
000150 460 Car -1 -1 -10 706.887207 171.649745 889.895019 296.989965 -1 -1 -1 69.517155 4.153516 -0.657476 -10 -1000
000150 611 Car -1 -1 -10 632.944295 175.795808 706.020525 233.471884 -1 -1 -1 82.826414 1.430438 -0.961431 -10 -1000
000150 638 Pedestrian -1 -1 -10 1037.316939 152.163134 1103.111976 294.348147 -1 -1 -1 67.573484 1.700298 -0.359789 -10 -1000
000150 649 Car -1 -1 -10 71.329151 186.393982 287.762658 328.119972 -1 -1 -1 71.088784 12.131207 -1.054003 -10 -1000
000150 674 Car -1 -1 -10 317.344070 183.819582 415.813611 250.917411 -1 -1 -1 80.896564 10.591565 -1.233951 -10 -1000
000150 685 Car -1 -1 -10 965.994690 189.988388 1198.168701 371.317963 -1 -1 -1 63.504970 5.949865 -0.307355 -10 -1000
000151 4 Cyclist -1 -1 -10 567.674541 168.021378 623.720714 265.127177 -1 -1 -1 74.451284 5.946408 -0.732492 -10 -1000
000151 458 Car -1 -1 -10 -69.216502 197.148968 140.404315 369.751298 -1 -1 -1 68.339516 12.130476 -0.872086 -10 -1000
000151 460 Car -1 -1 -10 733.681880 179.658817 943.344168 321.270805 -1 -1 -1 69.364336 3.976374 -0.798043 -10 -1000
000151 611 Car -1 -1 -10 633.120316 176.075624 702.575144 232.428861 -1 -1 -1 83.392627 1.581003 -0.958856 -10 -1000
000151 638 Pedestrian -1 -1 -10 1086.162920 154.932416 1163.164779 311.947283 -1 -1 -1 67.269649 1.972707 -0.401436 -10 -1000
000151 649 Pedestrian -1 -1 -10 24.779255 199.552259 241.212762 341.278249 -1 -1 -1 71.068844 12.383990 -1.147066 -10 -1000
000151 674 Car -1 -1 -10 309.849545 186.924258 414.646766 257.160103 -1 -1 -1 78.922001 10.494972 -1.174920 -10 -1000
000151 685 Car -1 -1 -10 1006.265464 190.269836 1236.489070 373.574303 -1 -1 -1 64.032230 5.738960 -0.310870 -10 -1000
000151 689 Car -1 -1 -10 66.964355 180.789993 328.330017 328.771393 -1 -1 -1 71.080472 11.687428 -0.968758 -10 -1000
000151 690 Car -1 -1 -10 650.683350 177.955307 768.119934 258.676514 -1 -1 -1 75.059155 3.445323 -0.808841 -10 -1000
000151 694 Car -1 -1 -10 414.714264 178.408768 470.445648 213.558517 -1 -1 -1 96.148901 8.498116 -1.281828 -10 -1000
000152 4 Cyclist -1 -1 -10 574.892414 171.810936 627.757230 267.300508 -1 -1 -1 74.864612 5.858523 -0.781236 -10 -1000
000152 458 Cyclist -1 -1 -10 -83.878406 188.501494 125.742411 361.103825 -1 -1 -1 68.812562 12.041659 -0.785965 -10 -1000
000152 460 Car -1 -1 -10 759.091226 181.313108 1000.359834 344.621330 -1 -1 -1 69.293135 3.844347 -0.862969 -10 -1000
000152 611 Car -1 -1 -10 637.690299 179.068193 703.619854 234.291553 -1 -1 -1 83.466148 1.738285 -1.014528 -10 -1000
000152 638 Pedestrian -1 -1 -10 1145.844505 164.081603 1235.155433 338.314390 -1 -1 -1 66.984682 2.334941 -0.474074 -10 -1000
000152 674 Car -1 -1 -10 299.381958 189.358042 413.905740 263.274115 -1 -1 -1 79.382904 10.584529 -1.271512 -10 -1000
000152 685 Car -1 -1 -10 1055.457234 194.297379 1285.680840 377.601846 -1 -1 -1 64.579994 5.527109 -0.318438 -10 -1000
000152 689 Car -1 -1 -10 44.912377 182.808792 318.684864 338.040943 -1 -1 -1 70.992692 11.545874 -0.956589 -10 -1000
000152 690 Car -1 -1 -10 665.430742 182.070060 787.338762 264.166672 -1 -1 -1 74.611540 3.523630 -0.828366 -10 -1000
000152 694 Car -1 -1 -10 418.703611 179.275896 477.435861 212.989300 -1 -1 -1 96.043745 8.394918 -1.268801 -10 -1000
000153 4 Cyclist -1 -1 -10 576.116020 175.288101 629.763343 272.132973 -1 -1 -1 75.136115 5.857380 -0.835242 -10 -1000
000153 460 Car -1 -1 -10 790.952720 180.295501 1064.789621 359.256892 -1 -1 -1 69.142186 3.737139 -0.832760 -10 -1000
000153 613 Car -1 -1 -10 255.260081 194.249766 389.053964 276.953943 -1 -1 -1 78.523269 11.069736 -1.348986 -10 -1000
000153 638 Car -1 -1 -10 1223.318650 187.257756 1312.629578 361.490544 -1 -1 -1 66.833899 2.543254 -0.557017 -10 -1000
000153 675 Car -1 -1 -10 633.388437 178.509536 695.717125 230.354206 -1 -1 -1 83.622804 2.109438 -0.926826 -10 -1000
000153 689 Car -1 -1 -10 -4.305175 184.629484 291.260391 348.073750 -1 -1 -1 70.966954 11.615053 -0.941911 -10 -1000
000153 690 Car -1 -1 -10 676.929254 185.090293 798.837274 267.186905 -1 -1 -1 74.603047 3.526026 -0.836929 -10 -1000
000153 694 Car -1 -1 -10 421.000473 179.686151 479.732723 213.399555 -1 -1 -1 96.042744 8.392979 -1.268312 -10 -1000
000153 706 Car -1 -1 -10 692.766663 177.401184 887.813232 305.681061 -1 -1 -1 74.310730 2.659314 -1.084876 -10 -1000
000153 710 Car -1 -1 -10 347.292969 185.891083 447.926849 246.712219 -1 -1 -1 82.918339 9.848615 -1.252265 -10 -1000
