000000 1 Car -1 -1 -10 878.399170 199.709305 1214.505249 362.023193 -1 -1 -1 -1000.000000 -1000.000000 -1000.000000 -10 -1000
000001 1 Car -1 -1 -10 879.986081 198.162807 1223.892386 366.505826 -1 -1 -1 -1000.000000 -1000.000000 -1000.000000 -10 -1000
000002 1 Car -1 -1 -10 864.744077 198.758300 1220.077797 372.082426 -1 -1 -1 -1000.000000 -1000.000000 -1000.000000 -10 -1000
000002 3 Car -1 -1 -10 291.655140 169.699739 338.298254 195.664985 -1 -1 -1 -1000.000000 -1000.000000 -1000.000000 -10 -1000
000003 1 Car -1 -1 -10 880.908343 198.802175 1245.758599 372.345532 -1 -1 -1 -1000.000000 -1000.000000 -1000.000000 -10 -1000
000003 3 Car -1 -1 -10 286.003235 172.009027 336.475638 199.040862 -1 -1 -1 -1000.000000 -1000.000000 -1000.000000 -10 -1000
000004 1 Car -1 -1 -10 874.081388 200.793000 1241.753599 376.526894 -1 -1 -1 -1000.000000 -1000.000000 -1000.000000 -10 -1000
000004 3 Car -1 -1 -10 282.342855 173.702515 337.097954 201.405658 -1 -1 -1 -1000.000000 -1000.000000 -1000.000000 -10 -1000
000005 1 Car -1 -1 -10 851.751625 200.284772 1229.017748 375.477812 -1 -1 -1 -1000.000000 -1000.000000 -1000.000000 -10 -1000
000005 3 Car -1 -1 -10 279.358724 174.101278 331.984072 201.270657 -1 -1 -1 -1000.000000 -1000.000000 -1000.000000 -10 -1000
000006 1 Car -1 -1 -10 832.138530 199.007258 1246.065458 379.574003 -1 -1 -1 -1000.000000 -1000.000000 -1000.000000 -10 -1000
000006 3 Car -1 -1 -10 266.443764 174.543685 316.519476 202.008040 -1 -1 -1 -1000.000000 -1000.000000 -1000.000000 -10 -1000
000007 1 Car -1 -1 -10 822.699908 199.542093 1244.160436 378.981743 -1 -1 -1 -1000.000000 -1000.000000 -1000.000000 -10 -1000
000007 3 Car -1 -1 -10 251.200324 174.925955 302.307046 204.098361 -1 -1 -1 -1000.000000 -1000.000000 -1000.000000 -10 -1000
000008 1 Car -1 -1 -10 814.530139 199.518028 1231.480667 379.042709 -1 -1 -1 -1000.000000 -1000.000000 -1000.000000 -10 -1000
000008 3 Car -1 -1 -10 231.894885 173.957418 285.736838 206.352403 -1 -1 -1 -1000.000000 -1000.000000 -1000.000000 -10 -1000
000009 1 Car -1 -1 -10 799.787375 195.117518 1193.307076 373.512712 -1 -1 -1 -1000.000000 -1000.000000 -1000.000000 -10 -1000
000009 3 Car -1 -1 -10 220.222595 173.694642 275.916809 207.033364 -1 -1 -1 -1000.000000 -1000.000000 -1000.000000 -10 -1000
000010 1 Car -1 -1 -10 778.063795 191.473846 1142.571980 369.255068 -1 -1 -1 -1000.000000 -1000.000000 -1000.000000 -10 -1000
000010 3 Car -1 -1 -10 203.651628 172.583394 253.607145 205.503126 -1 -1 -1 -1000.000000 -1000.000000 -1000.000000 -10 -1000
000011 1 Car -1 -1 -10 777.595896 189.399436 1123.459592 366.184750 -1 -1 -1 -1000.000000 -1000.000000 -1000.000000 -10 -1000
000011 3 Car -1 -1 -10 184.216875 172.133643 234.172392 205.053375 -1 -1 -1 -1000.000000 -1000.000000 -1000.000000 -10 -1000
000012 1 Car -1 -1 -10 773.481145 188.005062 1093.769581 362.667771 -1 -1 -1 -1000.000000 -1000.000000 -1000.000000 -10 -1000
000012 22 Car -1 -1 -10 213.286266 171.829415 263.391902 204.499064 -1 -1 -1 -1000.000000 -1000.000000 -1000.000000 -10 -1000
000013 1 Car -1 -1 -10 772.469707 184.342064 1075.763422 355.606315 -1 -1 -1 -1000.000000 -1000.000000 -1000.000000 -10 -1000
000013 22 Car -1 -1 -10 191.956167 172.344899 255.445489 208.554787 -1 -1 -1 -1000.000000 -1000.000000 -1000.000000 -10 -1000
000014 1 Car -1 -1 -10 762.205805 182.066663 1055.611949 349.359452 -1 -1 -1 -1000.000000 -1000.000000 -1000.000000 -10 -1000
000014 25 Car -1 -1 -10 172.992837 175.147078 246.120235 212.311498 -1 -1 -1 -1000.000000 -1000.000000 -1000.000000 -10 -1000
000015 1 Car -1 -1 -10 757.947808 181.179601 1038.414356 345.300313 -1 -1 -1 -1000.000000 -1000.000000 -1000.000000 -10 -1000
000015 27 Car -1 -1 -10 160.674812 177.215326 241.103143 215.477121 -1 -1 -1 -1000.000000 -1000.000000 -1000.000000 -10 -1000
000016 1 Car -1 -1 -10 751.239340 181.436314 1017.876274 337.915134 -1 -1 -1 -1000.000000 -1000.000000 -1000.000000 -10 -1000
000016 27 Car -1 -1 -10 154.219457 179.088995 234.948104 216.556724 -1 -1 -1 -1000.000000 -1000.000000 -1000.000000 -10 -1000
000016 34 Car -1 -1 -10 123.973122 182.227402 189.462753 216.676468 -1 -1 -1 -1000.000000 -1000.000000 -1000.000000 -10 -1000
000017 1 Car -1 -1 -10 750.158615 183.713553 1001.847055 331.493287 -1 -1 -1 -1000.000000 -1000.000000 -1000.000000 -10 -1000
000017 27 Car -1 -1 -10 139.258463 177.653905 225.880800 215.885237 -1 -1 -1 -1000.000000 -1000.000000 -1000.000000 -10 -1000
000018 1 Car -1 -1 -10 744.827652 182.317267 986.121471 324.803401 -1 -1 -1 -1000.000000 -1000.000000 -1000.000000 -10 -1000
000018 27 Car -1 -1 -10 120.274555 177.948831 209.920862 216.708320 -1 -1 -1 -1000.000000 -1000.000000 -1000.000000 -10 -1000
000019 1 Car -1 -1 -10 743.716024 183.068802 970.642218 319.519288 -1 -1 -1 -1000.000000 -1000.000000 -1000.000000 -10 -1000
000019 27 Car -1 -1 -10 101.449535 180.194189 196.494804 218.695256 -1 -1 -1 -1000.000000 -1000.000000 -1000.000000 -10 -1000
000020 1 Car -1 -1 -10 741.310727 181.807692 955.235804 312.101412 -1 -1 -1 -1000.000000 -1000.000000 -1000.000000 -10 -1000
000020 27 Car -1 -1 -10 78.312429 181.874457 173.790764 220.950635 -1 -1 -1 -1000.000000 -1000.000000 -1000.000000 -10 -1000
000021 1 Car -1 -1 -10 736.692276 178.727954 941.806248 305.256231 -1 -1 -1 -1000.000000 -1000.000000 -1000.000000 -10 -1000
000021 27 Car -1 -1 -10 59.189105 183.455412 161.216598 223.748153 -1 -1 -1 -1000.000000 -1000.000000 -1000.000000 -10 -1000
000021 45 Car -1 -1 -10 126.395668 180.584335 194.576141 216.632324 -1 -1 -1 -1000.000000 -1000.000000 -1000.000000 -10 -1000
000022 1 Car -1 -1 -10 732.922509 178.892861 930.589253 301.842952 -1 -1 -1 -1000.000000 -1000.000000 -1000.000000 -10 -1000
000022 27 Car -1 -1 -10 14.769167 186.235445 122.589106 229.119654 -1 -1 -1 -1000.000000 -1000.000000 -1000.000000 -10 -1000
000022 45 Car -1 -1 -10 109.267369 183.594023 177.704952 218.647708 -1 -1 -1 -1000.000000 -1000.000000 -1000.000000 -10 -1000
000023 1 Car -1 -1 -10 729.825212 179.784320 918.468263 298.139062 -1 -1 -1 -1000.000000 -1000.000000 -1000.000000 -10 -1000
000023 27 Car -1 -1 -10 -18.936073 188.605417 95.207021 233.313063 -1 -1 -1 -1000.000000 -1000.000000 -1000.000000 -10 -1000
000023 45 Car -1 -1 -10 83.670265 185.945794 155.224265 220.641902 -1 -1 -1 -1000.000000 -1000.000000 -1000.000000 -10 -1000
000024 1 Car -1 -1 -10 725.271239 179.863518 904.822394 291.572744 -1 -1 -1 -1000.000000 -1000.000000 -1000.000000 -10 -1000
000024 27 Car -1 -1 -10 -49.254232 186.125948 72.496970 233.966715 -1 -1 -1 -1000.000000 -1000.000000 -1000.000000 -10 -1000
000024 45 Car -1 -1 -10 54.704906 184.341605 135.938799 223.105739 -1 -1 -1 -1000.000000 -1000.000000 -1000.000000 -10 -1000
000025 1 Car -1 -1 -10 718.670323 178.453256 889.711724 285.346855 -1 -1 -1 -1000.000000 -1000.000000 -1000.000000 -10 -1000
000025 27 Car -1 -1 -10 -79.837002 186.905873 41.914199 234.746640 -1 -1 -1 -1000.000000 -1000.000000 -1000.000000 -10 -1000
000025 45 Car -1 -1 -10 42.482864 181.292467 127.877582 220.744716 -1 -1 -1 -1000.000000 -1000.000000 -1000.000000 -10 -1000
000025 57 Car -1 -1 -10 1100.315186 180.134598 1326.981689 392.300232 -1 -1 -1 -1000.000000 -1000.000000 -1000.000000 -10 -1000
000026 1 Car -1 -1 -10 713.452966 178.798169 877.208500 280.862213 -1 -1 -1 -1000.000000 -1000.000000 -1000.000000 -10 -1000
000026 45 Car -1 -1 -10 12.037666 179.236926 110.677429 223.774891 -1 -1 -1 -1000.000000 -1000.000000 -1000.000000 -10 -1000
000026 57 Car -1 -1 -10 1056.838719 160.801553 1308.154748 371.704891 -1 -1 -1 -1000.000000 -1000.000000 -1000.000000 -10 -1000
000027 1 Car -1 -1 -10 710.401337 180.478792 867.301429 278.732910 -1 -1 -1 -1000.000000 -1000.000000 -1000.000000 -10 -1000
000027 45 Car -1 -1 -10 -21.823869 180.877775 87.516005 227.983909 -1 -1 -1 -1000.000000 -1000.000000 -1000.000000 -10 -1000
000027 57 Car -1 -1 -10 1021.360586 170.649861 1287.327011 375.758322 -1 -1 -1 -1000.000000 -1000.000000 -1000.000000 -10 -1000
000028 1 Car -1 -1 -10 702.467606 182.254189 854.412517 275.638906 -1 -1 -1 -1000.000000 -1000.000000 -1000.000000 -10 -1000
000028 45 Car -1 -1 -10 -43.861649 182.289912 65.176499 231.017388 -1 -1 -1 -1000.000000 -1000.000000 -1000.000000 -10 -1000
000028 57 Car -1 -1 -10 908.281292 196.305227 1174.247717 401.413688 -1 -1 -1 -1000.000000 -1000.000000 -1000.000000 -10 -1000
000028 66 Car -1 -1 -10 982.936462 165.433823 1286.956909 365.162842 -1 -1 -1 -1000.000000 -1000.000000 -1000.000000 -10 -1000
000029 1 Car -1 -1 -10 697.513537 183.410928 840.649719 272.801265 -1 -1 -1 -1000.000000 -1000.000000 -1000.000000 -10 -1000
000029 45 Car -1 -1 -10 -71.445442 184.740980 37.592706 233.468456 -1 -1 -1 -1000.000000 -1000.000000 -1000.000000 -10 -1000
000029 66 Car -1 -1 -10 958.693300 165.970378 1260.505595 362.840405 -1 -1 -1 -1000.000000 -1000.000000 -1000.000000 -10 -1000
000030 1 Car -1 -1 -10 694.757257 182.995310 832.657245 270.220300 -1 -1 -1 -1000.000000 -1000.000000 -1000.000000 -10 -1000
000030 66 Car -1 -1 -10 948.692715 172.962545 1250.505010 369.832572 -1 -1 -1 -1000.000000 -1000.000000 -1000.000000 -10 -1000
000030 70 Car -1 -1 -10 940.822693 162.509491 1259.331787 348.417542 -1 -1 -1 -1000.000000 -1000.000000 -1000.000000 -10 -1000
000031 1 Car -1 -1 -10 691.617440 181.506220 823.996147 267.096459 -1 -1 -1 -1000.000000 -1000.000000 -1000.000000 -10 -1000
000031 66 Car -1 -1 -10 925.139574 162.713021 1247.635221 361.601285 -1 -1 -1 -1000.000000 -1000.000000 -1000.000000 -10 -1000
000031 70 Car -1 -1 -10 894.707718 148.149379 1213.216812 334.057430 -1 -1 -1 -1000.000000 -1000.000000 -1000.000000 -10 -1000
000032 1 Car -1 -1 -10 685.273515 182.375028 810.593339 263.115740 -1 -1 -1 -1000.000000 -1000.000000 -1000.000000 -10 -1000
000032 66 Car -1 -1 -10 918.009978 162.445064 1247.807439 361.242153 -1 -1 -1 -1000.000000 -1000.000000 -1000.000000 -10 -1000
000033 1 Car -1 -1 -10 679.070617 183.169338 800.419827 260.967853 -1 -1 -1 -1000.000000 -1000.000000 -1000.000000 -10 -1000
000033 66 Car -1 -1 -10 902.833353 168.782339 1246.600467 358.135027 -1 -1 -1 -1000.000000 -1000.000000 -1000.000000 -10 -1000
000034 1 Car -1 -1 -10 675.074643 182.137474 788.259491 258.417129 -1 -1 -1 -1000.000000 -1000.000000 -1000.000000 -10 -1000
000034 66 Car -1 -1 -10 878.808140 171.397859 1238.740803 361.868881 -1 -1 -1 -1000.000000 -1000.000000 -1000.000000 -10 -1000
000035 1 Car -1 -1 -10 670.144846 181.404953 778.346164 255.918687 -1 -1 -1 -1000.000000 -1000.000000 -1000.000000 -10 -1000
000035 66 Car -1 -1 -10 860.842825 171.726704 1236.639420 358.889352 -1 -1 -1 -1000.000000 -1000.000000 -1000.000000 -10 -1000
000036 1 Car -1 -1 -10 663.958055 180.559817 764.282668 252.993162 -1 -1 -1 -1000.000000 -1000.000000 -1000.000000 -10 -1000
000036 78 Car -1 -1 -10 862.614851 176.015347 1240.754569 361.457879 -1 -1 -1 -1000.000000 -1000.000000 -1000.000000 -10 -1000
000037 1 Car -1 -1 -10 654.953125 179.123838 754.138896 250.330445 -1 -1 -1 -1000.000000 -1000.000000 -1000.000000 -10 -1000
000037 78 Car -1 -1 -10 866.272503 177.174843 1250.489233 362.825440 -1 -1 -1 -1000.000000 -1000.000000 -1000.000000 -10 -1000
000038 1 Car -1 -1 -10 648.333492 179.051975 746.158567 250.038350 -1 -1 -1 -1000.000000 -1000.000000 -1000.000000 -10 -1000
000038 78 Car -1 -1 -10 836.510176 176.168277 1217.324008 362.770813 -1 -1 -1 -1000.000000 -1000.000000 -1000.000000 -10 -1000
000039 1 Car -1 -1 -10 641.592086 181.673858 734.635473 246.898462 -1 -1 -1 -1000.000000 -1000.000000 -1000.000000 -10 -1000
000039 78 Car -1 -1 -10 808.516811 173.938863 1175.502493 360.993488 -1 -1 -1 -1000.000000 -1000.000000 -1000.000000 -10 -1000
000040 1 Car -1 -1 -10 634.246955 181.379209 722.399954 244.469555 -1 -1 -1 -1000.000000 -1000.000000 -1000.000000 -10 -1000
000040 78 Car -1 -1 -10 789.412316 171.078613 1136.769212 362.086035 -1 -1 -1 -1000.000000 -1000.000000 -1000.000000 -10 -1000
000041 1 Car -1 -1 -10 624.653392 181.292806 712.693650 244.268368 -1 -1 -1 -1000.000000 -1000.000000 -1000.000000 -10 -1000
000041 78 Car -1 -1 -10 756.735658 168.668175 1091.088258 362.781927 -1 -1 -1 -1000.000000 -1000.000000 -1000.000000 -10 -1000
000042 1 Car -1 -1 -10 621.027054 182.449570 706.904905 244.947947 -1 -1 -1 -1000.000000 -1000.000000 -1000.000000 -10 -1000
000042 78 Car -1 -1 -10 733.806909 165.780754 1053.269384 360.962327 -1 -1 -1 -1000.000000 -1000.000000 -1000.000000 -10 -1000
000043 1 Car -1 -1 -10 612.770034 182.489651 694.874951 241.170789 -1 -1 -1 -1000.000000 -1000.000000 -1000.000000 -10 -1000
000043 78 Car -1 -1 -10 714.030919 164.730865 1019.051443 359.914491 -1 -1 -1 -1000.000000 -1000.000000 -1000.000000 -10 -1000
000044 1 Car -1 -1 -10 608.438054 181.904160 684.136396 237.805051 -1 -1 -1 -1000.000000 -1000.000000 -1000.000000 -10 -1000
000044 78 Car -1 -1 -10 699.262803 163.808835 984.203579 353.267059 -1 -1 -1 -1000.000000 -1000.000000 -1000.000000 -10 -1000
000045 1 Car -1 -1 -10 600.028972 181.363971 675.688270 237.400561 -1 -1 -1 -1000.000000 -1000.000000 -1000.000000 -10 -1000
000045 78 Car -1 -1 -10 688.696542 164.428510 951.322294 344.224419 -1 -1 -1 -1000.000000 -1000.000000 -1000.000000 -10 -1000
000046 1 Car -1 -1 -10 595.380437 182.454303 670.597197 237.195993 -1 -1 -1 -1000.000000 -1000.000000 -1000.000000 -10 -1000
000046 78 Car -1 -1 -10 675.639834 161.932211 922.509273 334.071346 -1 -1 -1 -1000.000000 -1000.000000 -1000.000000 -10 -1000
000047 1 Car -1 -1 -10 591.340327 184.003668 664.983315 236.384968 -1 -1 -1 -1000.000000 -1000.000000 -1000.000000 -10 -1000
000047 78 Car -1 -1 -10 660.536655 163.185034 895.945449 329.032827 -1 -1 -1 -1000.000000 -1000.000000 -1000.000000 -10 -1000
000048 1 Car -1 -1 -10 587.214449 185.305917 657.301403 236.840174 -1 -1 -1 -1000.000000 -1000.000000 -1000.000000 -10 -1000
000048 78 Car -1 -1 -10 650.793391 166.012553 870.988626 323.107170 -1 -1 -1 -1000.000000 -1000.000000 -1000.000000 -10 -1000
000048 105 Car -1 -1 -10 272.384846 178.575143 313.803661 201.104547 -1 -1 -1 -1000.000000 -1000.000000 -1000.000000 -10 -1000
000049 1 Car -1 -1 -10 580.469607 183.503987 648.557040 233.691529 -1 -1 -1 -1000.000000 -1000.000000 -1000.000000 -10 -1000
000049 78 Car -1 -1 -10 640.636267 166.887630 846.218505 316.995978 -1 -1 -1 -1000.000000 -1000.000000 -1000.000000 -10 -1000
000050 1 Car -1 -1 -10 575.559378 181.262024 641.676449 230.553437 -1 -1 -1 -1000.000000 -1000.000000 -1000.000000 -10 -1000
000050 78 Car -1 -1 -10 639.701007 165.728853 828.024407 308.848183 -1 -1 -1 -1000.000000 -1000.000000 -1000.000000 -10 -1000
000051 1 Car -1 -1 -10 571.247948 177.819106 637.253710 228.343806 -1 -1 -1 -1000.000000 -1000.000000 -1000.000000 -10 -1000
000051 78 Car -1 -1 -10 634.427383 163.015613 808.855938 302.261007 -1 -1 -1 -1000.000000 -1000.000000 -1000.000000 -10 -1000
000052 1 Car -1 -1 -10 569.699694 176.634666 635.109293 227.155112 -1 -1 -1 -1000.000000 -1000.000000 -1000.000000 -10 -1000
000052 78 Car -1 -1 -10 623.773935 161.196152 790.613835 295.916038 -1 -1 -1 -1000.000000 -1000.000000 -1000.000000 -10 -1000
000053 1 Car -1 -1 -10 567.855779 177.256904 632.011995 226.291262 -1 -1 -1 -1000.000000 -1000.000000 -1000.000000 -10 -1000
000053 78 Car -1 -1 -10 613.762907 161.781423 776.005926 290.779049 -1 -1 -1 -1000.000000 -1000.000000 -1000.000000 -10 -1000
000054 1 Car -1 -1 -10 564.039430 177.090077 630.413593 226.124359 -1 -1 -1 -1000.000000 -1000.000000 -1000.000000 -10 -1000
000054 78 Car -1 -1 -10 610.633073 164.396728 762.762334 287.034315 -1 -1 -1 -1000.000000 -1000.000000 -1000.000000 -10 -1000
000054 120 Car -1 -1 -10 253.699192 176.762450 292.843244 199.573950 -1 -1 -1 -1000.000000 -1000.000000 -1000.000000 -10 -1000
000055 1 Car -1 -1 -10 560.428979 178.382658 624.062831 225.968684 -1 -1 -1 -1000.000000 -1000.000000 -1000.000000 -10 -1000
000055 78 Car -1 -1 -10 603.226261 166.077292 749.483313 284.124799 -1 -1 -1 -1000.000000 -1000.000000 -1000.000000 -10 -1000
000055 120 Car -1 -1 -10 244.550554 176.365124 286.355300 200.902041 -1 -1 -1 -1000.000000 -1000.000000 -1000.000000 -10 -1000
000056 1 Car -1 -1 -10 557.337982 180.266649 617.898968 225.412034 -1 -1 -1 -1000.000000 -1000.000000 -1000.000000 -10 -1000
000056 78 Car -1 -1 -10 595.379872 168.161208 736.575315 280.099887 -1 -1 -1 -1000.000000 -1000.000000 -1000.000000 -10 -1000
000056 123 Car -1 -1 -10 237.100468 176.778383 284.492855 202.107216 -1 -1 -1 -1000.000000 -1000.000000 -1000.000000 -10 -1000
000057 1 Car -1 -1 -10 556.871613 181.654876 615.277782 224.376042 -1 -1 -1 -1000.000000 -1000.000000 -1000.000000 -10 -1000
000057 78 Car -1 -1 -10 594.162495 170.370724 725.447350 275.219248 -1 -1 -1 -1000.000000 -1000.000000 -1000.000000 -10 -1000
000057 123 Car -1 -1 -10 229.696852 177.608231 279.564305 202.886031 -1 -1 -1 -1000.000000 -1000.000000 -1000.000000 -10 -1000
000058 1 Car -1 -1 -10 552.545723 181.318757 609.684177 224.106765 -1 -1 -1 -1000.000000 -1000.000000 -1000.000000 -10 -1000
000058 78 Car -1 -1 -10 595.337409 171.595286 716.999079 271.770285 -1 -1 -1 -1000.000000 -1000.000000 -1000.000000 -10 -1000
000058 123 Car -1 -1 -10 224.876747 178.757948 274.568188 204.302258 -1 -1 -1 -1000.000000 -1000.000000 -1000.000000 -10 -1000
000059 1 Car -1 -1 -10 551.523205 181.714052 606.341261 223.959787 -1 -1 -1 -1000.000000 -1000.000000 -1000.000000 -10 -1000
000059 78 Car -1 -1 -10 589.083032 171.946244 704.886039 268.863901 -1 -1 -1 -1000.000000 -1000.000000 -1000.000000 -10 -1000
000059 123 Car -1 -1 -10 223.297542 179.022134 272.585321 205.383377 -1 -1 -1 -1000.000000 -1000.000000 -1000.000000 -10 -1000
000059 136 Car -1 -1 -10 161.632629 181.436031 211.147589 207.107629 -1 -1 -1 -1000.000000 -1000.000000 -1000.000000 -10 -1000
000060 1 Car -1 -1 -10 550.945837 182.021179 603.245468 222.788570 -1 -1 -1 -1000.000000 -1000.000000 -1000.000000 -10 -1000
000060 78 Car -1 -1 -10 583.119783 172.334610 695.204527 265.197420 -1 -1 -1 -1000.000000 -1000.000000 -1000.000000 -10 -1000
000060 123 Car -1 -1 -10 221.257008 176.716441 272.208164 204.216284 -1 -1 -1 -1000.000000 -1000.000000 -1000.000000 -10 -1000
000060 136 Car -1 -1 -10 154.313719 180.617475 207.896626 207.042012 -1 -1 -1 -1000.000000 -1000.000000 -1000.000000 -10 -1000
000061 1 Car -1 -1 -10 548.829484 183.051747 600.421369 222.682956 -1 -1 -1 -1000.000000 -1000.000000 -1000.000000 -10 -1000
000061 78 Car -1 -1 -10 580.941066 173.637786 689.876918 264.196322 -1 -1 -1 -1000.000000 -1000.000000 -1000.000000 -10 -1000
000061 123 Car -1 -1 -10 216.990149 175.965955 266.538387 202.774070 -1 -1 -1 -1000.000000 -1000.000000 -1000.000000 -10 -1000
000061 136 Car -1 -1 -10 147.339379 181.141404 200.922286 207.565942 -1 -1 -1 -1000.000000 -1000.000000 -1000.000000 -10 -1000
000062 1 Car -1 -1 -10 548.116920 183.003231 599.595054 222.748901 -1 -1 -1 -1000.000000 -1000.000000 -1000.000000 -10 -1000
000062 78 Car -1 -1 -10 577.861250 174.076510 684.947366 262.373112 -1 -1 -1 -1000.000000 -1000.000000 -1000.000000 -10 -1000
000062 123 Car -1 -1 -10 209.685281 175.077492 263.666721 201.850839 -1 -1 -1 -1000.000000 -1000.000000 -1000.000000 -10 -1000
000063 1 Car -1 -1 -10 544.838149 183.177881 597.944997 224.161467 -1 -1 -1 -1000.000000 -1000.000000 -1000.000000 -10 -1000
000063 78 Car -1 -1 -10 576.016734 172.824940 680.886533 259.904436 -1 -1 -1 -1000.000000 -1000.000000 -1000.000000 -10 -1000
000063 123 Car -1 -1 -10 200.552328 175.611925 256.152076 201.048818 -1 -1 -1 -1000.000000 -1000.000000 -1000.000000 -10 -1000
000063 140 Car -1 -1 -10 128.467106 180.795028 183.027582 204.072175 -1 -1 -1 -1000.000000 -1000.000000 -1000.000000 -10 -1000
000064 1 Car -1 -1 -10 542.192947 182.523686 597.444155 224.162483 -1 -1 -1 -1000.000000 -1000.000000 -1000.000000 -10 -1000
000064 78 Car -1 -1 -10 572.499457 172.547380 672.503784 255.869375 -1 -1 -1 -1000.000000 -1000.000000 -1000.000000 -10 -1000
000064 123 Car -1 -1 -10 193.644740 175.246269 246.678379 200.386208 -1 -1 -1 -1000.000000 -1000.000000 -1000.000000 -10 -1000
000064 140 Car -1 -1 -10 115.714999 175.130794 179.303594 203.724282 -1 -1 -1 -1000.000000 -1000.000000 -1000.000000 -10 -1000
000065 1 Car -1 -1 -10 534.481450 183.264134 594.033125 224.137683 -1 -1 -1 -1000.000000 -1000.000000 -1000.000000 -10 -1000
000065 78 Car -1 -1 -10 561.330243 173.739391 654.380514 248.818999 -1 -1 -1 -1000.000000 -1000.000000 -1000.000000 -10 -1000
000065 123 Car -1 -1 -10 185.798772 177.120368 239.150978 202.800898 -1 -1 -1 -1000.000000 -1000.000000 -1000.000000 -10 -1000
000065 140 Car -1 -1 -10 102.502622 179.041309 163.313061 206.306974 -1 -1 -1 -1000.000000 -1000.000000 -1000.000000 -10 -1000
000065 159 Car -1 -1 -10 346.727115 169.139060 389.691176 191.640964 -1 -1 -1 -1000.000000 -1000.000000 -1000.000000 -10 -1000
000066 1 Car -1 -1 -10 533.534287 187.417827 590.247937 225.865213 -1 -1 -1 -1000.000000 -1000.000000 -1000.000000 -10 -1000
000066 78 Car -1 -1 -10 556.718843 179.797500 644.268865 248.906156 -1 -1 -1 -1000.000000 -1000.000000 -1000.000000 -10 -1000
000066 123 Car -1 -1 -10 172.745814 179.795581 230.129836 207.994669 -1 -1 -1 -1000.000000 -1000.000000 -1000.000000 -10 -1000
000066 140 Car -1 -1 -10 89.706202 179.988191 150.516641 207.253856 -1 -1 -1 -1000.000000 -1000.000000 -1000.000000 -10 -1000
000066 159 Car -1 -1 -10 344.810010 172.493423 385.918578 195.310420 -1 -1 -1 -1000.000000 -1000.000000 -1000.000000 -10 -1000
000067 1 Car -1 -1 -10 524.827243 189.306421 582.703265 228.263984 -1 -1 -1 -1000.000000 -1000.000000 -1000.000000 -10 -1000
000067 78 Car -1 -1 -10 552.321289 185.018423 637.098529 250.635925 -1 -1 -1 -1000.000000 -1000.000000 -1000.000000 -10 -1000
000067 123 Car -1 -1 -10 158.608383 182.704260 221.150301 212.718991 -1 -1 -1 -1000.000000 -1000.000000 -1000.000000 -10 -1000
000067 140 Car -1 -1 -10 63.032720 181.668388 138.318328 214.306415 -1 -1 -1 -1000.000000 -1000.000000 -1000.000000 -10 -1000
000067 159 Car -1 -1 -10 338.218763 175.693407 383.285743 199.352731 -1 -1 -1 -1000.000000 -1000.000000 -1000.000000 -10 -1000
000068 1 Car -1 -1 -10 524.429779 187.505431 578.689334 226.164615 -1 -1 -1 -1000.000000 -1000.000000 -1000.000000 -10 -1000
000068 78 Car -1 -1 -10 556.326993 183.181792 639.827932 249.847546 -1 -1 -1 -1000.000000 -1000.000000 -1000.000000 -10 -1000
000068 123 Car -1 -1 -10 152.733403 181.847121 215.847343 212.782560 -1 -1 -1 -1000.000000 -1000.000000 -1000.000000 -10 -1000
000068 140 Car -1 -1 -10 50.042841 182.768774 129.822504 218.292717 -1 -1 -1 -1000.000000 -1000.000000 -1000.000000 -10 -1000
000068 159 Car -1 -1 -10 328.626949 174.384372 376.660864 200.075726 -1 -1 -1 -1000.000000 -1000.000000 -1000.000000 -10 -1000
000069 1 Car -1 -1 -10 528.589153 181.338063 578.495605 219.135383 -1 -1 -1 -1000.000000 -1000.000000 -1000.000000 -10 -1000
000069 78 Car -1 -1 -10 559.844039 179.808928 639.740342 247.250210 -1 -1 -1 -1000.000000 -1000.000000 -1000.000000 -10 -1000
000069 123 Car -1 -1 -10 145.257597 177.769520 211.600232 209.401984 -1 -1 -1 -1000.000000 -1000.000000 -1000.000000 -10 -1000
000069 140 Car -1 -1 -10 39.256244 180.258375 121.943948 216.313168 -1 -1 -1 -1000.000000 -1000.000000 -1000.000000 -10 -1000
000069 164 Car -1 -1 -10 321.660115 171.571038 368.992385 196.876698 -1 -1 -1 -1000.000000 -1000.000000 -1000.000000 -10 -1000
000070 1 Car -1 -1 -10 528.211814 180.391934 573.215507 216.778210 -1 -1 -1 -1000.000000 -1000.000000 -1000.000000 -10 -1000
000070 78 Car -1 -1 -10 558.973525 176.594118 637.176276 242.667540 -1 -1 -1 -1000.000000 -1000.000000 -1000.000000 -10 -1000
000070 123 Car -1 -1 -10 132.082993 174.501469 203.695427 206.840853 -1 -1 -1 -1000.000000 -1000.000000 -1000.000000 -10 -1000
000070 140 Car -1 -1 -10 17.479487 174.885524 104.797446 213.709329 -1 -1 -1 -1000.000000 -1000.000000 -1000.000000 -10 -1000
000070 159 Car -1 -1 -10 319.996429 167.768704 357.849329 190.250531 -1 -1 -1 -1000.000000 -1000.000000 -1000.000000 -10 -1000
000071 1 Car -1 -1 -10 526.698561 179.187668 572.052250 217.121299 -1 -1 -1 -1000.000000 -1000.000000 -1000.000000 -10 -1000
000071 78 Car -1 -1 -10 553.939561 174.560662 629.011789 238.546875 -1 -1 -1 -1000.000000 -1000.000000 -1000.000000 -10 -1000
000071 123 Car -1 -1 -10 121.951550 172.321826 192.854426 205.278721 -1 -1 -1 -1000.000000 -1000.000000 -1000.000000 -10 -1000
000071 140 Car -1 -1 -10 -5.057566 171.089819 95.089507 215.329052 -1 -1 -1 -1000.000000 -1000.000000 -1000.000000 -10 -1000
000071 159 Car -1 -1 -10 313.284142 165.449717 351.137042 187.931544 -1 -1 -1 -1000.000000 -1000.000000 -1000.000000 -10 -1000
000072 1 Car -1 -1 -10 525.623670 177.665713 570.977360 215.599344 -1 -1 -1 -1000.000000 -1000.000000 -1000.000000 -10 -1000
000072 78 Car -1 -1 -10 553.482316 175.268349 625.142856 238.522469 -1 -1 -1 -1000.000000 -1000.000000 -1000.000000 -10 -1000
000072 123 Car -1 -1 -10 107.391777 170.394665 184.796873 205.433347 -1 -1 -1 -1000.000000 -1000.000000 -1000.000000 -10 -1000
000072 140 Car -1 -1 -10 -8.359962 175.497365 75.074909 213.958077 -1 -1 -1 -1000.000000 -1000.000000 -1000.000000 -10 -1000
000073 78 Car -1 -1 -10 549.516856 177.253310 616.515407 237.745028 -1 -1 -1 -1000.000000 -1000.000000 -1000.000000 -10 -1000
000073 123 Car -1 -1 -10 95.273878 168.842995 172.678975 203.881677 -1 -1 -1 -1000.000000 -1000.000000 -1000.000000 -10 -1000
000073 140 Car -1 -1 -10 -25.285485 175.690331 58.149385 214.151044 -1 -1 -1 -1000.000000 -1000.000000 -1000.000000 -10 -1000
000074 78 Car -1 -1 -10 547.864196 178.632883 613.897715 237.967291 -1 -1 -1 -1000.000000 -1000.000000 -1000.000000 -10 -1000
000074 123 Car -1 -1 -10 83.109002 175.640746 161.162730 212.045593 -1 -1 -1 -1000.000000 -1000.000000 -1000.000000 -10 -1000
000075 78 Car -1 -1 -10 548.823966 178.473900 614.774651 237.201476 -1 -1 -1 -1000.000000 -1000.000000 -1000.000000 -10 -1000
000075 123 Car -1 -1 -10 68.538439 175.064924 149.336944 212.574541 -1 -1 -1 -1000.000000 -1000.000000 -1000.000000 -10 -1000
000076 78 Car -1 -1 -10 550.440722 178.762593 614.356498 235.410195 -1 -1 -1 -1000.000000 -1000.000000 -1000.000000 -10 -1000
000076 123 Car -1 -1 -10 57.244965 174.961400 137.810338 212.722357 -1 -1 -1 -1000.000000 -1000.000000 -1000.000000 -10 -1000
000077 78 Car -1 -1 -10 550.867941 178.880592 613.340406 235.599561 -1 -1 -1 -1000.000000 -1000.000000 -1000.000000 -10 -1000
000077 123 Car -1 -1 -10 45.635044 173.965664 127.759125 212.434480 -1 -1 -1 -1000.000000 -1000.000000 -1000.000000 -10 -1000
000077 206 Car -1 -1 -10 247.332672 159.253418 312.643860 200.440918 -1 -1 -1 -1000.000000 -1000.000000 -1000.000000 -10 -1000
000078 78 Car -1 -1 -10 551.323490 179.718439 612.801495 235.879134 -1 -1 -1 -1000.000000 -1000.000000 -1000.000000 -10 -1000
000078 123 Car -1 -1 -10 24.033289 173.526535 113.684309 214.153936 -1 -1 -1 -1000.000000 -1000.000000 -1000.000000 -10 -1000
000078 206 Car -1 -1 -10 228.402771 159.218598 292.957933 202.469472 -1 -1 -1 -1000.000000 -1000.000000 -1000.000000 -10 -1000
000079 78 Car -1 -1 -10 551.940822 178.778702 613.257279 235.153008 -1 -1 -1 -1000.000000 -1000.000000 -1000.000000 -10 -1000
000079 123 Car -1 -1 -10 9.421631 172.208321 103.470122 213.652807 -1 -1 -1 -1000.000000 -1000.000000 -1000.000000 -10 -1000
000079 206 Car -1 -1 -10 222.087805 158.229164 286.774954 205.393180 -1 -1 -1 -1000.000000 -1000.000000 -1000.000000 -10 -1000
000080 78 Car -1 -1 -10 551.360594 176.242024 612.987674 232.281671 -1 -1 -1 -1000.000000 -1000.000000 -1000.000000 -10 -1000
000080 123 Car -1 -1 -10 -8.335361 171.024631 89.072876 213.941737 -1 -1 -1 -1000.000000 -1000.000000 -1000.000000 -10 -1000
000080 206 Car -1 -1 -10 213.752455 159.261884 278.439604 206.425900 -1 -1 -1 -1000.000000 -1000.000000 -1000.000000 -10 -1000
000081 78 Car -1 -1 -10 553.695230 175.248508 615.139427 230.657592 -1 -1 -1 -1000.000000 -1000.000000 -1000.000000 -10 -1000
000081 123 Car -1 -1 -10 -23.103382 171.337284 76.332323 213.672702 -1 -1 -1 -1000.000000 -1000.000000 -1000.000000 -10 -1000
000081 206 Car -1 -1 -10 185.204454 152.935975 260.020133 206.479680 -1 -1 -1 -1000.000000 -1000.000000 -1000.000000 -10 -1000
000082 78 Car -1 -1 -10 555.666010 177.789894 617.386784 232.836987 -1 -1 -1 -1000.000000 -1000.000000 -1000.000000 -10 -1000
000082 123 Car -1 -1 -10 -43.975296 169.873567 64.700286 215.561873 -1 -1 -1 -1000.000000 -1000.000000 -1000.000000 -10 -1000
000082 206 Car -1 -1 -10 157.854706 152.722183 240.429141 208.425763 -1 -1 -1 -1000.000000 -1000.000000 -1000.000000 -10 -1000
000083 78 Car -1 -1 -10 555.117039 178.273051 618.518775 234.064377 -1 -1 -1 -1000.000000 -1000.000000 -1000.000000 -10 -1000
000083 123 Car -1 -1 -10 -51.876732 169.398568 53.763251 218.783212 -1 -1 -1 -1000.000000 -1000.000000 -1000.000000 -10 -1000
000083 206 Car -1 -1 -10 133.478616 152.817589 216.053051 208.521169 -1 -1 -1 -1000.000000 -1000.000000 -1000.000000 -10 -1000
000083 221 Car -1 -1 -10 348.510478 170.521122 390.454359 194.369019 -1 -1 -1 -1000.000000 -1000.000000 -1000.000000 -10 -1000
000084 78 Car -1 -1 -10 557.471865 180.163222 617.793157 234.382758 -1 -1 -1 -1000.000000 -1000.000000 -1000.000000 -10 -1000
000084 123 Car -1 -1 -10 -68.465149 170.575545 37.174834 219.960189 -1 -1 -1 -1000.000000 -1000.000000 -1000.000000 -10 -1000
000085 78 Car -1 -1 -10 557.582677 179.401712 617.185056 232.432758 -1 -1 -1 -1000.000000 -1000.000000 -1000.000000 -10 -1000
000085 206 Car -1 -1 -10 48.929534 150.269606 162.119666 210.015966 -1 -1 -1 -1000.000000 -1000.000000 -1000.000000 -10 -1000
000086 78 Car -1 -1 -10 557.419158 176.793229 617.784016 229.103309 -1 -1 -1 -1000.000000 -1000.000000 -1000.000000 -10 -1000
000086 206 Car -1 -1 -10 9.412243 150.108889 122.602375 209.855248 -1 -1 -1 -1000.000000 -1000.000000 -1000.000000 -10 -1000
000087 78 Car -1 -1 -10 558.846140 175.411408 618.212241 226.944502 -1 -1 -1 -1000.000000 -1000.000000 -1000.000000 -10 -1000
000088 78 Car -1 -1 -10 560.308537 176.394311 618.622339 227.040863 -1 -1 -1 -1000.000000 -1000.000000 -1000.000000 -10 -1000
000089 78 Car -1 -1 -10 560.581325 175.699902 617.610397 226.363652 -1 -1 -1 -1000.000000 -1000.000000 -1000.000000 -10 -1000
000090 78 Car -1 -1 -10 559.690425 173.643197 617.910944 224.656226 -1 -1 -1 -1000.000000 -1000.000000 -1000.000000 -10 -1000
000091 78 Car -1 -1 -10 560.657588 174.398776 618.206902 224.735595 -1 -1 -1 -1000.000000 -1000.000000 -1000.000000 -10 -1000
000092 78 Car -1 -1 -10 562.541146 176.430475 618.525354 225.779224 -1 -1 -1 -1000.000000 -1000.000000 -1000.000000 -10 -1000
000092 234 Car -1 -1 -10 322.256160 171.265589 368.560453 193.807194 -1 -1 -1 -1000.000000 -1000.000000 -1000.000000 -10 -1000
000093 78 Car -1 -1 -10 563.715557 177.479017 619.472987 226.000258 -1 -1 -1 -1000.000000 -1000.000000 -1000.000000 -10 -1000
000094 78 Car -1 -1 -10 562.870401 177.460976 619.443549 225.773722 -1 -1 -1 -1000.000000 -1000.000000 -1000.000000 -10 -1000
000095 78 Car -1 -1 -10 564.459067 175.218875 619.406549 222.835388 -1 -1 -1 -1000.000000 -1000.000000 -1000.000000 -10 -1000
000096 78 Car -1 -1 -10 565.848085 173.019587 619.156269 220.085338 -1 -1 -1 -1000.000000 -1000.000000 -1000.000000 -10 -1000
000097 78 Car -1 -1 -10 565.938382 170.436169 620.024855 217.983732 -1 -1 -1 -1000.000000 -1000.000000 -1000.000000 -10 -1000
000097 241 Car -1 -1 -10 285.337674 165.524592 332.218961 189.225762 -1 -1 -1 -1000.000000 -1000.000000 -1000.000000 -10 -1000
000098 78 Car -1 -1 -10 567.467384 171.609339 620.935739 218.584221 -1 -1 -1 -1000.000000 -1000.000000 -1000.000000 -10 -1000
000099 78 Car -1 -1 -10 566.950966 173.417779 620.885601 221.108937 -1 -1 -1 -1000.000000 -1000.000000 -1000.000000 -10 -1000
000100 78 Car -1 -1 -10 568.347472 175.926981 621.501064 223.334961 -1 -1 -1 -1000.000000 -1000.000000 -1000.000000 -10 -1000
000101 78 Car -1 -1 -10 569.502622 176.762336 621.905335 223.964766 -1 -1 -1 -1000.000000 -1000.000000 -1000.000000 -10 -1000
000101 241 Car -1 -1 -10 257.603214 172.655060 302.654884 194.315484 -1 -1 -1 -1000.000000 -1000.000000 -1000.000000 -10 -1000
000102 78 Car -1 -1 -10 570.776923 177.629514 622.852953 224.017079 -1 -1 -1 -1000.000000 -1000.000000 -1000.000000 -10 -1000
000102 241 Car -1 -1 -10 249.979639 173.820203 294.807415 195.422629 -1 -1 -1 -1000.000000 -1000.000000 -1000.000000 -10 -1000
000103 78 Car -1 -1 -10 572.066287 178.641176 624.771707 225.110860 -1 -1 -1 -1000.000000 -1000.000000 -1000.000000 -10 -1000
000103 241 Car -1 -1 -10 242.780680 175.590712 288.492110 198.442663 -1 -1 -1 -1000.000000 -1000.000000 -1000.000000 -10 -1000
000104 78 Car -1 -1 -10 573.423076 180.189720 625.977978 225.624217 -1 -1 -1 -1000.000000 -1000.000000 -1000.000000 -10 -1000
000104 241 Car -1 -1 -10 230.832116 176.733684 276.709671 199.711611 -1 -1 -1 -1000.000000 -1000.000000 -1000.000000 -10 -1000
000105 78 Car -1 -1 -10 572.021025 177.730759 623.685346 222.747247 -1 -1 -1 -1000.000000 -1000.000000 -1000.000000 -10 -1000
000105 241 Car -1 -1 -10 220.609172 178.497535 266.486727 201.475462 -1 -1 -1 -1000.000000 -1000.000000 -1000.000000 -10 -1000
000106 78 Car -1 -1 -10 572.391440 176.960387 622.743095 221.139803 -1 -1 -1 -1000.000000 -1000.000000 -1000.000000 -10 -1000
000106 256 Car -1 -1 -10 292.071107 176.832852 336.159600 196.889362 -1 -1 -1 -1000.000000 -1000.000000 -1000.000000 -10 -1000
000107 78 Car -1 -1 -10 574.015313 176.471154 623.905410 220.708894 -1 -1 -1 -1000.000000 -1000.000000 -1000.000000 -10 -1000
000107 256 Car -1 -1 -10 260.290887 176.809604 302.938956 197.003015 -1 -1 -1 -1000.000000 -1000.000000 -1000.000000 -10 -1000
000107 258 Car -1 -1 -10 294.070249 175.238466 329.817810 195.312536 -1 -1 -1 -1000.000000 -1000.000000 -1000.000000 -10 -1000
000108 78 Car -1 -1 -10 574.475157 175.513795 624.509016 220.001024 -1 -1 -1 -1000.000000 -1000.000000 -1000.000000 -10 -1000
000108 241 Car -1 -1 -10 198.623018 174.831949 251.086030 203.544858 -1 -1 -1 -1000.000000 -1000.000000 -1000.000000 -10 -1000
000108 256 Car -1 -1 -10 250.897983 175.631751 294.765950 197.867871 -1 -1 -1 -1000.000000 -1000.000000 -1000.000000 -10 -1000
000108 258 Car -1 -1 -10 287.624628 175.867024 325.115035 196.108853 -1 -1 -1 -1000.000000 -1000.000000 -1000.000000 -10 -1000
000109 78 Car -1 -1 -10 574.933030 175.729821 623.590184 218.668641 -1 -1 -1 -1000.000000 -1000.000000 -1000.000000 -10 -1000
000109 241 Car -1 -1 -10 196.685375 174.162487 251.586224 204.501248 -1 -1 -1 -1000.000000 -1000.000000 -1000.000000 -10 -1000
000109 256 Car -1 -1 -10 235.982535 176.329310 281.731400 199.384855 -1 -1 -1 -1000.000000 -1000.000000 -1000.000000 -10 -1000
000109 258 Car -1 -1 -10 280.889103 176.551327 318.379510 196.793156 -1 -1 -1 -1000.000000 -1000.000000 -1000.000000 -10 -1000
000110 78 Car -1 -1 -10 574.880482 175.684497 623.282196 218.885468 -1 -1 -1 -1000.000000 -1000.000000 -1000.000000 -10 -1000
000110 241 Car -1 -1 -10 178.697011 173.746294 233.232789 202.556733 -1 -1 -1 -1000.000000 -1000.000000 -1000.000000 -10 -1000
000110 256 Car -1 -1 -10 219.995808 175.773031 267.952368 199.001247 -1 -1 -1 -1000.000000 -1000.000000 -1000.000000 -10 -1000
000111 78 Car -1 -1 -10 575.816609 177.067182 622.014286 218.356627 -1 -1 -1 -1000.000000 -1000.000000 -1000.000000 -10 -1000
000111 241 Car -1 -1 -10 164.184864 174.925400 218.356286 203.587427 -1 -1 -1 -1000.000000 -1000.000000 -1000.000000 -10 -1000
000111 256 Car -1 -1 -10 216.203530 176.771677 265.851577 201.531313 -1 -1 -1 -1000.000000 -1000.000000 -1000.000000 -10 -1000
000111 258 Car -1 -1 -10 263.704181 176.762516 303.238037 197.606827 -1 -1 -1 -1000.000000 -1000.000000 -1000.000000 -10 -1000
000111 269 Car -1 -1 -10 394.937317 170.612106 424.282565 190.629464 -1 -1 -1 -1000.000000 -1000.000000 -1000.000000 -10 -1000
000112 78 Car -1 -1 -10 576.878724 178.655647 621.506239 219.085768 -1 -1 -1 -1000.000000 -1000.000000 -1000.000000 -10 -1000
000112 241 Car -1 -1 -10 151.610929 176.070863 210.295454 205.235495 -1 -1 -1 -1000.000000 -1000.000000 -1000.000000 -10 -1000
000112 256 Car -1 -1 -10 213.903418 177.855103 260.448268 202.189573 -1 -1 -1 -1000.000000 -1000.000000 -1000.000000 -10 -1000
000112 258 Car -1 -1 -10 260.459332 177.584066 296.441508 198.152924 -1 -1 -1 -1000.000000 -1000.000000 -1000.000000 -10 -1000
000112 269 Car -1 -1 -10 391.463559 170.948593 420.808807 190.965951 -1 -1 -1 -1000.000000 -1000.000000 -1000.000000 -10 -1000
000113 78 Car -1 -1 -10 578.013545 181.294338 621.637033 220.455424 -1 -1 -1 -1000.000000 -1000.000000 -1000.000000 -10 -1000
000113 241 Car -1 -1 -10 133.156065 177.786673 196.084067 208.001033 -1 -1 -1 -1000.000000 -1000.000000 -1000.000000 -10 -1000
000113 256 Car -1 -1 -10 200.923653 178.419929 251.066767 203.274271 -1 -1 -1 -1000.000000 -1000.000000 -1000.000000 -10 -1000
000113 258 Car -1 -1 -10 255.612714 179.662043 292.648726 199.861237 -1 -1 -1 -1000.000000 -1000.000000 -1000.000000 -10 -1000
000114 78 Car -1 -1 -10 579.464537 183.016182 622.561151 221.973016 -1 -1 -1 -1000.000000 -1000.000000 -1000.000000 -10 -1000
000114 241 Car -1 -1 -10 118.029705 180.286993 186.798004 212.947922 -1 -1 -1 -1000.000000 -1000.000000 -1000.000000 -10 -1000
000114 256 Car -1 -1 -10 184.559768 180.173398 237.339513 206.068907 -1 -1 -1 -1000.000000 -1000.000000 -1000.000000 -10 -1000
000114 258 Car -1 -1 -10 248.837087 181.624708 289.317255 201.819120 -1 -1 -1 -1000.000000 -1000.000000 -1000.000000 -10 -1000
000115 78 Car -1 -1 -10 580.296259 182.773262 623.288638 221.439980 -1 -1 -1 -1000.000000 -1000.000000 -1000.000000 -10 -1000
000115 241 Car -1 -1 -10 102.487314 178.055643 180.860365 214.261017 -1 -1 -1 -1000.000000 -1000.000000 -1000.000000 -10 -1000
000115 256 Car -1 -1 -10 166.327102 181.543195 225.741393 208.309514 -1 -1 -1 -1000.000000 -1000.000000 -1000.000000 -10 -1000
000115 258 Car -1 -1 -10 242.447181 183.404346 282.927349 203.598758 -1 -1 -1 -1000.000000 -1000.000000 -1000.000000 -10 -1000
000115 269 Car -1 -1 -10 383.730056 176.741936 409.281497 195.679442 -1 -1 -1 -1000.000000 -1000.000000 -1000.000000 -10 -1000
000116 78 Car -1 -1 -10 581.058759 181.123593 622.222211 218.524891 -1 -1 -1 -1000.000000 -1000.000000 -1000.000000 -10 -1000
000116 241 Car -1 -1 -10 92.862582 176.625124 175.526027 213.112217 -1 -1 -1 -1000.000000 -1000.000000 -1000.000000 -10 -1000
000116 256 Car -1 -1 -10 149.207989 177.793300 215.684042 206.627590 -1 -1 -1 -1000.000000 -1000.000000 -1000.000000 -10 -1000
000116 269 Car -1 -1 -10 381.320141 176.549669 408.426311 196.349503 -1 -1 -1 -1000.000000 -1000.000000 -1000.000000 -10 -1000
000116 292 Car -1 -1 -10 194.767233 179.143976 266.406609 208.460787 -1 -1 -1 -1000.000000 -1000.000000 -1000.000000 -10 -1000
000117 78 Car -1 -1 -10 581.427084 177.527763 622.402565 215.135205 -1 -1 -1 -1000.000000 -1000.000000 -1000.000000 -10 -1000
000117 241 Car -1 -1 -10 64.888569 171.243063 155.872119 211.090954 -1 -1 -1 -1000.000000 -1000.000000 -1000.000000 -10 -1000
000117 256 Car -1 -1 -10 137.303533 176.296539 205.527808 204.919003 -1 -1 -1 -1000.000000 -1000.000000 -1000.000000 -10 -1000
000117 269 Car -1 -1 -10 378.564594 174.455826 404.303415 193.969819 -1 -1 -1 -1000.000000 -1000.000000 -1000.000000 -10 -1000
000118 78 Car -1 -1 -10 581.218205 175.929729 621.944370 213.283485 -1 -1 -1 -1000.000000 -1000.000000 -1000.000000 -10 -1000
000118 241 Car -1 -1 -10 28.538443 170.587794 123.461869 211.764633 -1 -1 -1 -1000.000000 -1000.000000 -1000.000000 -10 -1000
000118 256 Car -1 -1 -10 116.792668 174.996476 189.565781 206.724187 -1 -1 -1 -1000.000000 -1000.000000 -1000.000000 -10 -1000
000118 269 Car -1 -1 -10 375.108817 173.671408 400.893983 193.075975 -1 -1 -1 -1000.000000 -1000.000000 -1000.000000 -10 -1000
000119 78 Car -1 -1 -10 581.282145 176.752268 620.689981 214.393645 -1 -1 -1 -1000.000000 -1000.000000 -1000.000000 -10 -1000
000119 241 Car -1 -1 -10 -5.228810 173.583512 100.560442 217.624840 -1 -1 -1 -1000.000000 -1000.000000 -1000.000000 -10 -1000
000119 256 Car -1 -1 -10 99.512628 175.722920 184.159661 211.190354 -1 -1 -1 -1000.000000 -1000.000000 -1000.000000 -10 -1000
000119 269 Car -1 -1 -10 370.423108 175.653366 397.199798 194.842922 -1 -1 -1 -1000.000000 -1000.000000 -1000.000000 -10 -1000
000120 78 Car -1 -1 -10 581.344186 179.386268 620.288301 215.480457 -1 -1 -1 -1000.000000 -1000.000000 -1000.000000 -10 -1000
000120 241 Car -1 -1 -10 -23.569650 178.417967 82.297030 221.784474 -1 -1 -1 -1000.000000 -1000.000000 -1000.000000 -10 -1000
000120 269 Car -1 -1 -10 365.730925 176.441751 395.435468 197.843379 -1 -1 -1 -1000.000000 -1000.000000 -1000.000000 -10 -1000
000120 292 Car -1 -1 -10 64.735638 177.326404 153.493992 213.245600 -1 -1 -1 -1000.000000 -1000.000000 -1000.000000 -10 -1000
000120 313 Car -1 -1 -10 81.927803 172.911453 207.462524 221.598801 -1 -1 -1 -1000.000000 -1000.000000 -1000.000000 -10 -1000
000121 78 Car -1 -1 -10 581.588337 180.287089 620.685120 215.971163 -1 -1 -1 -1000.000000 -1000.000000 -1000.000000 -10 -1000
000121 241 Car -1 -1 -10 -47.336866 182.452247 58.529814 225.818754 -1 -1 -1 -1000.000000 -1000.000000 -1000.000000 -10 -1000
000121 269 Car -1 -1 -10 362.194941 177.205635 392.331190 199.128026 -1 -1 -1 -1000.000000 -1000.000000 -1000.000000 -10 -1000
000121 315 Car -1 -1 -10 164.196653 182.318049 230.180029 213.085008 -1 -1 -1 -1000.000000 -1000.000000 -1000.000000 -10 -1000
000122 78 Car -1 -1 -10 581.521279 180.367023 620.390056 215.457897 -1 -1 -1 -1000.000000 -1000.000000 -1000.000000 -10 -1000
000122 269 Car -1 -1 -10 361.978636 176.875632 390.345967 198.385990 -1 -1 -1 -1000.000000 -1000.000000 -1000.000000 -10 -1000
000122 315 Car -1 -1 -10 142.761250 181.708402 214.252423 213.225309 -1 -1 -1 -1000.000000 -1000.000000 -1000.000000 -10 -1000
000123 78 Car -1 -1 -10 581.831378 179.248554 620.101457 214.255293 -1 -1 -1 -1000.000000 -1000.000000 -1000.000000 -10 -1000
000123 269 Car -1 -1 -10 359.980352 176.847106 389.410975 198.007653 -1 -1 -1 -1000.000000 -1000.000000 -1000.000000 -10 -1000
000123 315 Car -1 -1 -10 119.853866 179.526650 194.235707 211.971510 -1 -1 -1 -1000.000000 -1000.000000 -1000.000000 -10 -1000
000124 78 Car -1 -1 -10 581.314059 179.131067 620.313343 213.634024 -1 -1 -1 -1000.000000 -1000.000000 -1000.000000 -10 -1000
000124 269 Car -1 -1 -10 360.065720 175.387653 386.569117 196.453581 -1 -1 -1 -1000.000000 -1000.000000 -1000.000000 -10 -1000
000124 292 Car -1 -1 -10 14.345472 179.625973 99.134580 217.718190 -1 -1 -1 -1000.000000 -1000.000000 -1000.000000 -10 -1000
000124 315 Car -1 -1 -10 99.585254 177.682540 181.182994 211.005961 -1 -1 -1 -1000.000000 -1000.000000 -1000.000000 -10 -1000
000125 78 Car -1 -1 -10 581.179451 179.788234 620.887883 213.719798 -1 -1 -1 -1000.000000 -1000.000000 -1000.000000 -10 -1000
000125 315 Car -1 -1 -10 76.838704 179.689879 166.706725 213.865517 -1 -1 -1 -1000.000000 -1000.000000 -1000.000000 -10 -1000
000125 323 Car -1 -1 -10 356.209275 176.727337 384.073789 197.242782 -1 -1 -1 -1000.000000 -1000.000000 -1000.000000 -10 -1000
000125 325 Car -1 -1 -10 -30.988984 181.715133 70.638089 223.559661 -1 -1 -1 -1000.000000 -1000.000000 -1000.000000 -10 -1000
000126 78 Car -1 -1 -10 581.653915 181.240974 620.997548 214.039691 -1 -1 -1 -1000.000000 -1000.000000 -1000.000000 -10 -1000
000126 269 Car -1 -1 -10 354.113104 177.691797 382.348398 198.437166 -1 -1 -1 -1000.000000 -1000.000000 -1000.000000 -10 -1000
000126 315 Car -1 -1 -10 53.122202 180.148377 150.388778 216.560023 -1 -1 -1 -1000.000000 -1000.000000 -1000.000000 -10 -1000
000126 325 Car -1 -1 -10 -44.984989 181.115890 49.513726 222.439716 -1 -1 -1 -1000.000000 -1000.000000 -1000.000000 -10 -1000
000127 78 Car -1 -1 -10 581.816994 181.984778 620.134687 213.435057 -1 -1 -1 -1000.000000 -1000.000000 -1000.000000 -10 -1000
000127 315 Car -1 -1 -10 25.243898 182.668971 128.590995 221.515513 -1 -1 -1 -1000.000000 -1000.000000 -1000.000000 -10 -1000
000127 325 Car -1 -1 -10 -69.398187 181.483879 25.100528 222.807705 -1 -1 -1 -1000.000000 -1000.000000 -1000.000000 -10 -1000
000128 78 Car -1 -1 -10 581.838473 180.127838 620.328751 211.593095 -1 -1 -1 -1000.000000 -1000.000000 -1000.000000 -10 -1000
000128 315 Car -1 -1 -10 -7.227933 180.424117 109.013688 222.825017 -1 -1 -1 -1000.000000 -1000.000000 -1000.000000 -10 -1000
000129 78 Car -1 -1 -10 581.628287 178.340470 620.304197 211.056455 -1 -1 -1 -1000.000000 -1000.000000 -1000.000000 -10 -1000
000129 315 Car -1 -1 -10 -28.655080 177.808083 91.294621 223.538384 -1 -1 -1 -1000.000000 -1000.000000 -1000.000000 -10 -1000
000130 78 Car -1 -1 -10 582.217170 177.262814 621.853125 211.591982 -1 -1 -1 -1000.000000 -1000.000000 -1000.000000 -10 -1000
000130 315 Car -1 -1 -10 -55.586739 173.235193 72.671444 222.983145 -1 -1 -1 -1000.000000 -1000.000000 -1000.000000 -10 -1000
000131 78 Car -1 -1 -10 582.200609 176.631541 622.791139 212.009423 -1 -1 -1 -1000.000000 -1000.000000 -1000.000000 -10 -1000
000131 325 Car -1 -1 -10 -66.649210 171.931819 57.100352 222.073260 -1 -1 -1 -1000.000000 -1000.000000 -1000.000000 -10 -1000
000132 78 Car -1 -1 -10 582.619560 175.702418 623.622166 211.573630 -1 -1 -1 -1000.000000 -1000.000000 -1000.000000 -10 -1000
000132 347 Car -1 -1 -10 328.613759 173.399986 360.253310 196.389055 -1 -1 -1 -1000.000000 -1000.000000 -1000.000000 -10 -1000
000133 78 Car -1 -1 -10 582.640612 174.157955 624.557038 210.982620 -1 -1 -1 -1000.000000 -1000.000000 -1000.000000 -10 -1000
000133 347 Car -1 -1 -10 321.281856 175.501021 353.955455 196.306076 -1 -1 -1 -1000.000000 -1000.000000 -1000.000000 -10 -1000
000134 78 Car -1 -1 -10 583.320525 174.216947 624.525852 210.218462 -1 -1 -1 -1000.000000 -1000.000000 -1000.000000 -10 -1000
000134 347 Car -1 -1 -10 315.394132 175.861505 348.607385 197.222085 -1 -1 -1 -1000.000000 -1000.000000 -1000.000000 -10 -1000
000135 78 Car -1 -1 -10 583.759028 174.430517 624.511661 209.376364 -1 -1 -1 -1000.000000 -1000.000000 -1000.000000 -10 -1000
000135 347 Car -1 -1 -10 310.810819 175.831399 342.434729 196.482547 -1 -1 -1 -1000.000000 -1000.000000 -1000.000000 -10 -1000
000136 78 Car -1 -1 -10 584.350700 172.343005 624.257501 206.547557 -1 -1 -1 -1000.000000 -1000.000000 -1000.000000 -10 -1000
000136 347 Car -1 -1 -10 302.756515 174.299683 336.635668 195.367531 -1 -1 -1 -1000.000000 -1000.000000 -1000.000000 -10 -1000
000137 78 Car -1 -1 -10 583.987750 170.030684 623.892457 203.461276 -1 -1 -1 -1000.000000 -1000.000000 -1000.000000 -10 -1000
000137 347 Car -1 -1 -10 294.518251 170.521612 330.286294 191.991393 -1 -1 -1 -1000.000000 -1000.000000 -1000.000000 -10 -1000
000138 78 Car -1 -1 -10 584.477959 168.881498 624.721203 201.420144 -1 -1 -1 -1000.000000 -1000.000000 -1000.000000 -10 -1000
000138 347 Car -1 -1 -10 288.317969 169.045630 326.346602 191.513507 -1 -1 -1 -1000.000000 -1000.000000 -1000.000000 -10 -1000
000139 78 Car -1 -1 -10 586.478233 172.920190 625.964634 203.773933 -1 -1 -1 -1000.000000 -1000.000000 -1000.000000 -10 -1000
000139 347 Car -1 -1 -10 281.122849 172.290294 317.813543 194.118673 -1 -1 -1 -1000.000000 -1000.000000 -1000.000000 -10 -1000
000140 78 Car -1 -1 -10 586.999243 178.706454 625.961655 209.078399 -1 -1 -1 -1000.000000 -1000.000000 -1000.000000 -10 -1000
000140 347 Car -1 -1 -10 268.915056 176.869131 309.049117 199.254983 -1 -1 -1 -1000.000000 -1000.000000 -1000.000000 -10 -1000
000141 78 Car -1 -1 -10 585.891851 181.529416 624.719480 212.219085 -1 -1 -1 -1000.000000 -1000.000000 -1000.000000 -10 -1000
000141 347 Car -1 -1 -10 259.921541 180.805427 300.066688 203.316978 -1 -1 -1 -1000.000000 -1000.000000 -1000.000000 -10 -1000
000142 78 Car -1 -1 -10 586.257458 179.867398 623.736432 210.676263 -1 -1 -1 -1000.000000 -1000.000000 -1000.000000 -10 -1000
000142 347 Car -1 -1 -10 250.567458 180.521235 297.459360 204.421002 -1 -1 -1 -1000.000000 -1000.000000 -1000.000000 -10 -1000
000142 370 Car -1 -1 -10 1004.950256 249.357269 1115.401123 311.718567 -1 -1 -1 -1000.000000 -1000.000000 -1000.000000 -10 -1000
000143 78 Car -1 -1 -10 586.189228 178.304340 622.964631 209.213349 -1 -1 -1 -1000.000000 -1000.000000 -1000.000000 -10 -1000
000143 347 Car -1 -1 -10 241.907988 182.695824 288.799890 206.595591 -1 -1 -1 -1000.000000 -1000.000000 -1000.000000 -10 -1000
