000000 1 Car -1 -1 -10 461.342255 175.956680 562.446045 215.970551 -1 -1 -1 -1000.000000 -1000.000000 -1000.000000 -10 -1000
000000 2 Cyclist -1 -1 -10 554.502930 169.398254 667.301392 267.659637 -1 -1 -1 -1000.000000 -1000.000000 -1000.000000 -10 -1000
000001 1 Car -1 -1 -10 473.092675 176.068522 573.806001 215.026340 -1 -1 -1 -1000.000000 -1000.000000 -1000.000000 -10 -1000
000001 2 Cyclist -1 -1 -10 571.227274 170.390917 681.249524 269.321035 -1 -1 -1 -1000.000000 -1000.000000 -1000.000000 -10 -1000
000002 1 Car -1 -1 -10 482.128313 177.083643 580.187974 214.880191 -1 -1 -1 -1000.000000 -1000.000000 -1000.000000 -10 -1000
000002 2 Cyclist -1 -1 -10 589.394468 169.669466 693.749431 267.841164 -1 -1 -1 -1000.000000 -1000.000000 -1000.000000 -10 -1000
000003 1 Car -1 -1 -10 496.208221 177.285522 592.155499 214.424883 -1 -1 -1 -1000.000000 -1000.000000 -1000.000000 -10 -1000
000003 2 Cyclist -1 -1 -10 610.087336 167.578241 712.533084 264.345401 -1 -1 -1 -1000.000000 -1000.000000 -1000.000000 -10 -1000
000004 1 Car -1 -1 -10 510.874661 178.438148 604.927757 213.859036 -1 -1 -1 -1000.000000 -1000.000000 -1000.000000 -10 -1000
000004 2 Cyclist -1 -1 -10 627.383704 166.058141 733.143653 266.498349 -1 -1 -1 -1000.000000 -1000.000000 -1000.000000 -10 -1000
000005 1 Car -1 -1 -10 527.103463 179.006049 619.734045 214.065197 -1 -1 -1 -1000.000000 -1000.000000 -1000.000000 -10 -1000
000005 2 Cyclist -1 -1 -10 651.060964 167.245697 752.949329 260.888227 -1 -1 -1 -1000.000000 -1000.000000 -1000.000000 -10 -1000
000006 1 Car -1 -1 -10 539.213551 177.973612 637.014601 214.113851 -1 -1 -1 -1000.000000 -1000.000000 -1000.000000 -10 -1000
000006 2 Cyclist -1 -1 -10 670.403000 167.126724 774.899931 263.121455 -1 -1 -1 -1000.000000 -1000.000000 -1000.000000 -10 -1000
000007 1 Car -1 -1 -10 551.405296 177.930271 648.841923 214.392727 -1 -1 -1 -1000.000000 -1000.000000 -1000.000000 -10 -1000
000007 2 Cyclist -1 -1 -10 686.318261 168.180467 791.149038 263.182623 -1 -1 -1 -1000.000000 -1000.000000 -1000.000000 -10 -1000
000008 1 Car -1 -1 -10 561.093756 177.524872 657.377025 213.619848 -1 -1 -1 -1000.000000 -1000.000000 -1000.000000 -10 -1000
000008 2 Cyclist -1 -1 -10 700.281333 166.591486 810.470797 263.655950 -1 -1 -1 -1000.000000 -1000.000000 -1000.000000 -10 -1000
000009 1 Car -1 -1 -10 571.744437 177.459423 669.977225 213.598555 -1 -1 -1 -1000.000000 -1000.000000 -1000.000000 -10 -1000
000009 2 Cyclist -1 -1 -10 718.199535 167.641575 823.948120 261.584901 -1 -1 -1 -1000.000000 -1000.000000 -1000.000000 -10 -1000
000010 1 Car -1 -1 -10 584.850003 178.424611 679.827886 213.411987 -1 -1 -1 -1000.000000 -1000.000000 -1000.000000 -10 -1000
000010 2 Cyclist -1 -1 -10 739.091160 167.636340 844.645302 260.444922 -1 -1 -1 -1000.000000 -1000.000000 -1000.000000 -10 -1000
000011 1 Car -1 -1 -10 593.543556 178.097925 688.614205 213.237452 -1 -1 -1 -1000.000000 -1000.000000 -1000.000000 -10 -1000
000011 2 Cyclist -1 -1 -10 752.815330 165.218551 861.048353 260.982351 -1 -1 -1 -1000.000000 -1000.000000 -1000.000000 -10 -1000
000012 1 Car -1 -1 -10 605.832382 177.192571 697.520184 211.666259 -1 -1 -1 -1000.000000 -1000.000000 -1000.000000 -10 -1000
000012 2 Cyclist -1 -1 -10 770.234094 164.315874 881.631045 260.783503 -1 -1 -1 -1000.000000 -1000.000000 -1000.000000 -10 -1000
000013 1 Car -1 -1 -10 619.906802 177.606203 706.698134 211.220018 -1 -1 -1 -1000.000000 -1000.000000 -1000.000000 -10 -1000
000013 2 Cyclist -1 -1 -10 785.087191 163.858265 895.337237 261.382935 -1 -1 -1 -1000.000000 -1000.000000 -1000.000000 -10 -1000
000014 1 Car -1 -1 -10 629.117727 177.588771 712.575144 210.738052 -1 -1 -1 -1000.000000 -1000.000000 -1000.000000 -10 -1000
000014 2 Cyclist -1 -1 -10 801.685861 162.457565 916.536925 263.986205 -1 -1 -1 -1000.000000 -1000.000000 -1000.000000 -10 -1000
000015 1 Car -1 -1 -10 639.473503 177.281356 718.702760 209.917574 -1 -1 -1 -1000.000000 -1000.000000 -1000.000000 -10 -1000
000015 2 Cyclist -1 -1 -10 817.701142 164.083202 932.044798 264.088149 -1 -1 -1 -1000.000000 -1000.000000 -1000.000000 -10 -1000
000016 1 Car -1 -1 -10 651.887050 177.879904 724.012392 209.920408 -1 -1 -1 -1000.000000 -1000.000000 -1000.000000 -10 -1000
000016 2 Cyclist -1 -1 -10 837.846925 165.628358 950.285715 262.323312 -1 -1 -1 -1000.000000 -1000.000000 -1000.000000 -10 -1000
000017 1 Car -1 -1 -10 662.928986 178.592317 730.303675 209.735153 -1 -1 -1 -1000.000000 -1000.000000 -1000.000000 -10 -1000
000017 2 Cyclist -1 -1 -10 855.844360 164.004244 969.209909 260.916519 -1 -1 -1 -1000.000000 -1000.000000 -1000.000000 -10 -1000
000018 1 Car -1 -1 -10 669.777686 178.571540 735.940645 209.266061 -1 -1 -1 -1000.000000 -1000.000000 -1000.000000 -10 -1000
000018 2 Cyclist -1 -1 -10 874.174739 164.631517 984.003077 258.129847 -1 -1 -1 -1000.000000 -1000.000000 -1000.000000 -10 -1000
000019 1 Car -1 -1 -10 680.745587 178.014498 742.005912 207.622436 -1 -1 -1 -1000.000000 -1000.000000 -1000.000000 -10 -1000
000019 2 Cyclist -1 -1 -10 891.779128 164.729790 1001.954606 257.860127 -1 -1 -1 -1000.000000 -1000.000000 -1000.000000 -10 -1000
000020 1 Car -1 -1 -10 690.629244 177.605672 747.460264 206.921283 -1 -1 -1 -1000.000000 -1000.000000 -1000.000000 -10 -1000
000020 2 Cyclist -1 -1 -10 905.763788 162.595544 1018.199615 256.321971 -1 -1 -1 -1000.000000 -1000.000000 -1000.000000 -10 -1000
000021 1 Car -1 -1 -10 699.891344 177.744009 753.352302 206.953115 -1 -1 -1 -1000.000000 -1000.000000 -1000.000000 -10 -1000
000021 2 Cyclist -1 -1 -10 923.452785 164.329412 1036.238464 255.790045 -1 -1 -1 -1000.000000 -1000.000000 -1000.000000 -10 -1000
000021 42 Car -1 -1 -10 649.136318 180.240726 684.887350 204.362494 -1 -1 -1 -1000.000000 -1000.000000 -1000.000000 -10 -1000
000022 1 Car -1 -1 -10 705.224768 178.182731 756.163248 207.517128 -1 -1 -1 -1000.000000 -1000.000000 -1000.000000 -10 -1000
000022 2 Cyclist -1 -1 -10 938.790719 163.364901 1049.722686 252.787960 -1 -1 -1 -1000.000000 -1000.000000 -1000.000000 -10 -1000
000022 42 Car -1 -1 -10 650.160812 180.270254 686.209535 204.023411 -1 -1 -1 -1000.000000 -1000.000000 -1000.000000 -10 -1000
000023 1 Car -1 -1 -10 708.642336 178.137202 759.259422 208.133054 -1 -1 -1 -1000.000000 -1000.000000 -1000.000000 -10 -1000
000023 2 Cyclist -1 -1 -10 954.902660 162.734278 1066.312082 250.247157 -1 -1 -1 -1000.000000 -1000.000000 -1000.000000 -10 -1000
000023 42 Car -1 -1 -10 650.416414 179.678234 687.043082 203.440890 -1 -1 -1 -1000.000000 -1000.000000 -1000.000000 -10 -1000
000024 1 Car -1 -1 -10 710.974082 177.774836 759.308836 207.993576 -1 -1 -1 -1000.000000 -1000.000000 -1000.000000 -10 -1000
000024 2 Cyclist -1 -1 -10 966.620739 161.856614 1083.712481 253.835761 -1 -1 -1 -1000.000000 -1000.000000 -1000.000000 -10 -1000
000024 45 Car -1 -1 -10 650.609498 179.952989 687.037514 203.510023 -1 -1 -1 -1000.000000 -1000.000000 -1000.000000 -10 -1000
000025 1 Car -1 -1 -10 714.836260 177.363516 761.570965 206.889387 -1 -1 -1 -1000.000000 -1000.000000 -1000.000000 -10 -1000
000025 2 Cyclist -1 -1 -10 981.126445 162.377629 1099.155580 256.338369 -1 -1 -1 -1000.000000 -1000.000000 -1000.000000 -10 -1000
000025 45 Car -1 -1 -10 650.312781 179.421093 687.402201 203.464917 -1 -1 -1 -1000.000000 -1000.000000 -1000.000000 -10 -1000
000026 1 Car -1 -1 -10 718.267088 178.190018 762.907176 206.678926 -1 -1 -1 -1000.000000 -1000.000000 -1000.000000 -10 -1000
000026 2 Cyclist -1 -1 -10 997.395014 160.798648 1114.233448 257.282357 -1 -1 -1 -1000.000000 -1000.000000 -1000.000000 -10 -1000
000026 45 Car -1 -1 -10 650.173888 179.223550 687.489035 203.317528 -1 -1 -1 -1000.000000 -1000.000000 -1000.000000 -10 -1000
000027 1 Car -1 -1 -10 722.035321 179.009137 765.518844 206.907534 -1 -1 -1 -1000.000000 -1000.000000 -1000.000000 -10 -1000
000027 2 Cyclist -1 -1 -10 1015.525874 161.647425 1130.519862 254.474862 -1 -1 -1 -1000.000000 -1000.000000 -1000.000000 -10 -1000
000027 45 Car -1 -1 -10 649.863277 179.130844 687.800675 203.209893 -1 -1 -1 -1000.000000 -1000.000000 -1000.000000 -10 -1000
000028 1 Car -1 -1 -10 726.920060 179.829645 767.448499 206.774333 -1 -1 -1 -1000.000000 -1000.000000 -1000.000000 -10 -1000
000028 2 Cyclist -1 -1 -10 1034.706286 160.971126 1147.230108 251.468662 -1 -1 -1 -1000.000000 -1000.000000 -1000.000000 -10 -1000
000028 45 Car -1 -1 -10 649.041682 179.292319 687.713351 203.403026 -1 -1 -1 -1000.000000 -1000.000000 -1000.000000 -10 -1000
000029 1 Car -1 -1 -10 732.334149 180.035491 770.518591 206.859943 -1 -1 -1 -1000.000000 -1000.000000 -1000.000000 -10 -1000
000029 2 Cyclist -1 -1 -10 1057.182025 162.160918 1165.144361 247.984953 -1 -1 -1 -1000.000000 -1000.000000 -1000.000000 -10 -1000
000029 45 Car -1 -1 -10 648.172239 179.973282 687.298207 204.003771 -1 -1 -1 -1000.000000 -1000.000000 -1000.000000 -10 -1000
000030 1 Car -1 -1 -10 735.720099 180.133634 772.134158 206.738935 -1 -1 -1 -1000.000000 -1000.000000 -1000.000000 -10 -1000
000030 2 Cyclist -1 -1 -10 1071.931630 162.404789 1176.760445 245.444611 -1 -1 -1 -1000.000000 -1000.000000 -1000.000000 -10 -1000
000030 45 Car -1 -1 -10 647.831879 180.368381 686.443054 204.196721 -1 -1 -1 -1000.000000 -1000.000000 -1000.000000 -10 -1000
000031 1 Car -1 -1 -10 739.000027 180.368218 773.772627 206.468447 -1 -1 -1 -1000.000000 -1000.000000 -1000.000000 -10 -1000
000031 2 Cyclist -1 -1 -10 1082.536071 161.200718 1191.164996 246.520580 -1 -1 -1 -1000.000000 -1000.000000 -1000.000000 -10 -1000
000031 45 Car -1 -1 -10 648.455243 180.019140 686.745012 203.843485 -1 -1 -1 -1000.000000 -1000.000000 -1000.000000 -10 -1000
000032 1 Car -1 -1 -10 741.938367 179.635579 775.539751 205.236925 -1 -1 -1 -1000.000000 -1000.000000 -1000.000000 -10 -1000
000032 2 Cyclist -1 -1 -10 1105.029120 161.487748 1205.829304 243.018906 -1 -1 -1 -1000.000000 -1000.000000 -1000.000000 -10 -1000
000032 45 Car -1 -1 -10 648.298571 179.515166 686.483577 203.314673 -1 -1 -1 -1000.000000 -1000.000000 -1000.000000 -10 -1000
000033 1 Car -1 -1 -10 744.015480 180.051909 776.109699 205.126212 -1 -1 -1 -1000.000000 -1000.000000 -1000.000000 -10 -1000
000033 2 Cyclist -1 -1 -10 1129.154319 161.011923 1229.514191 240.682584 -1 -1 -1 -1000.000000 -1000.000000 -1000.000000 -10 -1000
000033 45 Car -1 -1 -10 648.515599 180.216917 685.714028 203.416211 -1 -1 -1 -1000.000000 -1000.000000 -1000.000000 -10 -1000
000034 1 Car -1 -1 -10 745.567209 179.759144 776.805711 204.893727 -1 -1 -1 -1000.000000 -1000.000000 -1000.000000 -10 -1000
000034 2 Cyclist -1 -1 -10 1145.768464 162.116364 1242.330561 240.341592 -1 -1 -1 -1000.000000 -1000.000000 -1000.000000 -10 -1000
000034 45 Car -1 -1 -10 648.846592 181.241183 685.792317 203.985120 -1 -1 -1 -1000.000000 -1000.000000 -1000.000000 -10 -1000
000035 1 Car -1 -1 -10 746.983596 179.573950 777.106159 204.503283 -1 -1 -1 -1000.000000 -1000.000000 -1000.000000 -10 -1000
000035 2 Pedestrian -1 -1 -10 1167.004167 158.686968 1238.147375 241.010358 -1 -1 -1 -1000.000000 -1000.000000 -1000.000000 -10 -1000
000035 45 Car -1 -1 -10 648.651496 181.162873 685.655143 203.842025 -1 -1 -1 -1000.000000 -1000.000000 -1000.000000 -10 -1000
000036 1 Car -1 -1 -10 747.735712 178.699358 776.448474 202.666581 -1 -1 -1 -1000.000000 -1000.000000 -1000.000000 -10 -1000
000036 2 Cyclist -1 -1 -10 1171.130503 161.085543 1248.757368 243.411742 -1 -1 -1 -1000.000000 -1000.000000 -1000.000000 -10 -1000
000036 45 Car -1 -1 -10 648.541933 181.763721 685.780388 204.539299 -1 -1 -1 -1000.000000 -1000.000000 -1000.000000 -10 -1000
000037 1 Car -1 -1 -10 747.963478 178.284040 776.019545 201.611604 -1 -1 -1 -1000.000000 -1000.000000 -1000.000000 -10 -1000
000037 2 Car -1 -1 -10 1178.930840 162.663950 1256.557704 244.990149 -1 -1 -1 -1000.000000 -1000.000000 -1000.000000 -10 -1000
000037 45 Car -1 -1 -10 648.629418 181.319316 685.498185 203.997760 -1 -1 -1 -1000.000000 -1000.000000 -1000.000000 -10 -1000
000038 1 Car -1 -1 -10 747.884666 178.146845 775.658095 201.275619 -1 -1 -1 -1000.000000 -1000.000000 -1000.000000 -10 -1000
000038 45 Car -1 -1 -10 648.898523 181.645892 685.426049 204.609089 -1 -1 -1 -1000.000000 -1000.000000 -1000.000000 -10 -1000
000039 1 Car -1 -1 -10 747.960505 178.394655 775.859723 201.579963 -1 -1 -1 -1000.000000 -1000.000000 -1000.000000 -10 -1000
000039 45 Car -1 -1 -10 648.652489 181.784909 685.958059 204.976763 -1 -1 -1 -1000.000000 -1000.000000 -1000.000000 -10 -1000
000040 1 Car -1 -1 -10 747.829817 178.700528 776.064318 201.833355 -1 -1 -1 -1000.000000 -1000.000000 -1000.000000 -10 -1000
000040 45 Car -1 -1 -10 648.657081 181.243632 685.604879 204.125014 -1 -1 -1 -1000.000000 -1000.000000 -1000.000000 -10 -1000
000041 1 Car -1 -1 -10 748.295424 179.122195 775.450976 201.452399 -1 -1 -1 -1000.000000 -1000.000000 -1000.000000 -10 -1000
000041 45 Car -1 -1 -10 648.690880 181.931909 686.017454 205.245707 -1 -1 -1 -1000.000000 -1000.000000 -1000.000000 -10 -1000
000042 1 Car -1 -1 -10 748.506113 179.849312 775.249053 201.645478 -1 -1 -1 -1000.000000 -1000.000000 -1000.000000 -10 -1000
000042 45 Car -1 -1 -10 648.647830 182.061494 686.015601 204.988546 -1 -1 -1 -1000.000000 -1000.000000 -1000.000000 -10 -1000
000042 106 Pedestrian -1 -1 -10 518.100647 182.346268 529.687073 207.052353 -1 -1 -1 -1000.000000 -1000.000000 -1000.000000 -10 -1000
000043 1 Car -1 -1 -10 748.533479 180.863766 774.723534 202.039358 -1 -1 -1 -1000.000000 -1000.000000 -1000.000000 -10 -1000
000043 45 Car -1 -1 -10 648.657950 181.345429 685.609152 204.047725 -1 -1 -1 -1000.000000 -1000.000000 -1000.000000 -10 -1000
000044 45 Car -1 -1 -10 648.153797 180.743560 685.928261 203.903568 -1 -1 -1 -1000.000000 -1000.000000 -1000.000000 -10 -1000
000044 100 Car -1 -1 -10 748.385541 181.287454 774.555599 202.203697 -1 -1 -1 -1000.000000 -1000.000000 -1000.000000 -10 -1000
000045 45 Car -1 -1 -10 648.586423 181.302151 686.875994 204.578367 -1 -1 -1 -1000.000000 -1000.000000 -1000.000000 -10 -1000
000045 100 Car -1 -1 -10 748.643000 181.674306 774.150051 202.052105 -1 -1 -1 -1000.000000 -1000.000000 -1000.000000 -10 -1000
000046 45 Car -1 -1 -10 649.024406 181.616413 687.227005 205.049616 -1 -1 -1 -1000.000000 -1000.000000 -1000.000000 -10 -1000
000046 100 Car -1 -1 -10 748.898044 180.940357 774.287202 201.139583 -1 -1 -1 -1000.000000 -1000.000000 -1000.000000 -10 -1000
000047 45 Car -1 -1 -10 649.155462 181.556151 687.384975 205.517252 -1 -1 -1 -1000.000000 -1000.000000 -1000.000000 -10 -1000
000047 100 Car -1 -1 -10 749.142467 180.348747 773.730742 200.079389 -1 -1 -1 -1000.000000 -1000.000000 -1000.000000 -10 -1000
000048 45 Car -1 -1 -10 649.273045 181.571494 687.341466 205.536832 -1 -1 -1 -1000.000000 -1000.000000 -1000.000000 -10 -1000
000048 100 Car -1 -1 -10 749.265344 179.984321 773.493975 199.539774 -1 -1 -1 -1000.000000 -1000.000000 -1000.000000 -10 -1000
000048 119 Pedestrian -1 -1 -10 499.385651 177.273163 514.667603 207.527130 -1 -1 -1 -1000.000000 -1000.000000 -1000.000000 -10 -1000
000049 45 Car -1 -1 -10 649.416171 181.670260 687.119307 205.434656 -1 -1 -1 -1000.000000 -1000.000000 -1000.000000 -10 -1000
000049 100 Car -1 -1 -10 749.074458 179.831509 773.614900 199.375868 -1 -1 -1 -1000.000000 -1000.000000 -1000.000000 -10 -1000
000049 119 Pedestrian -1 -1 -10 499.579961 177.074638 513.788465 205.320779 -1 -1 -1 -1000.000000 -1000.000000 -1000.000000 -10 -1000
000050 45 Car -1 -1 -10 649.187723 180.966521 687.138947 204.822793 -1 -1 -1 -1000.000000 -1000.000000 -1000.000000 -10 -1000
000050 100 Car -1 -1 -10 748.470514 179.916800 773.844015 199.936262 -1 -1 -1 -1000.000000 -1000.000000 -1000.000000 -10 -1000
000050 119 Pedestrian -1 -1 -10 497.470869 177.718905 513.048550 207.144093 -1 -1 -1 -1000.000000 -1000.000000 -1000.000000 -10 -1000
000051 45 Car -1 -1 -10 648.507572 180.527853 686.401903 204.235910 -1 -1 -1 -1000.000000 -1000.000000 -1000.000000 -10 -1000
000051 100 Car -1 -1 -10 748.322635 180.202630 773.781131 200.037850 -1 -1 -1 -1000.000000 -1000.000000 -1000.000000 -10 -1000
000051 119 Pedestrian -1 -1 -10 495.495789 179.000201 511.726790 209.257320 -1 -1 -1 -1000.000000 -1000.000000 -1000.000000 -10 -1000
000052 45 Car -1 -1 -10 648.022473 181.159843 686.489747 204.766886 -1 -1 -1 -1000.000000 -1000.000000 -1000.000000 -10 -1000
000052 100 Car -1 -1 -10 748.110152 180.045239 774.343468 199.955541 -1 -1 -1 -1000.000000 -1000.000000 -1000.000000 -10 -1000
000052 119 Car -1 -1 -10 494.538499 180.306900 510.365668 210.005272 -1 -1 -1 -1000.000000 -1000.000000 -1000.000000 -10 -1000
000053 45 Car -1 -1 -10 648.525961 181.543874 686.898618 205.151834 -1 -1 -1 -1000.000000 -1000.000000 -1000.000000 -10 -1000
000053 100 Car -1 -1 -10 748.147488 180.100871 774.428605 199.729615 -1 -1 -1 -1000.000000 -1000.000000 -1000.000000 -10 -1000
000054 45 Car -1 -1 -10 649.039782 181.648374 687.125135 205.473240 -1 -1 -1 -1000.000000 -1000.000000 -1000.000000 -10 -1000
000054 100 Car -1 -1 -10 748.425947 179.962416 774.385960 199.786538 -1 -1 -1 -1000.000000 -1000.000000 -1000.000000 -10 -1000
000055 45 Car -1 -1 -10 649.411072 181.610763 687.054834 205.646242 -1 -1 -1 -1000.000000 -1000.000000 -1000.000000 -10 -1000
000055 100 Car -1 -1 -10 747.950015 180.324119 773.586688 199.748518 -1 -1 -1 -1000.000000 -1000.000000 -1000.000000 -10 -1000
000055 119 Pedestrian -1 -1 -10 483.223937 176.453542 502.222038 207.820942 -1 -1 -1 -1000.000000 -1000.000000 -1000.000000 -10 -1000
000056 45 Car -1 -1 -10 649.203377 181.576176 687.290623 205.688624 -1 -1 -1 -1000.000000 -1000.000000 -1000.000000 -10 -1000
000056 100 Car -1 -1 -10 745.730618 181.160687 772.397465 199.919648 -1 -1 -1 -1000.000000 -1000.000000 -1000.000000 -10 -1000
000057 100 Car -1 -1 -10 744.736809 181.265047 771.040534 199.527750 -1 -1 -1 -1000.000000 -1000.000000 -1000.000000 -10 -1000
000057 136 Car -1 -1 -10 648.663316 181.481555 686.677991 205.535894 -1 -1 -1 -1000.000000 -1000.000000 -1000.000000 -10 -1000
000058 100 Car -1 -1 -10 745.495458 181.122055 772.208064 199.516323 -1 -1 -1 -1000.000000 -1000.000000 -1000.000000 -10 -1000
000058 136 Car -1 -1 -10 648.652543 181.479196 687.181076 205.522402 -1 -1 -1 -1000.000000 -1000.000000 -1000.000000 -10 -1000
000059 100 Car -1 -1 -10 746.016261 180.810253 773.230925 199.670887 -1 -1 -1 -1000.000000 -1000.000000 -1000.000000 -10 -1000
000059 136 Car -1 -1 -10 648.567348 181.713184 686.470447 205.159315 -1 -1 -1 -1000.000000 -1000.000000 -1000.000000 -10 -1000
000060 100 Car -1 -1 -10 745.833884 180.968027 773.369911 199.534038 -1 -1 -1 -1000.000000 -1000.000000 -1000.000000 -10 -1000
000060 136 Car -1 -1 -10 648.471403 181.769610 686.191768 205.168045 -1 -1 -1 -1000.000000 -1000.000000 -1000.000000 -10 -1000
000061 100 Car -1 -1 -10 743.699232 180.405114 772.027942 198.830635 -1 -1 -1 -1000.000000 -1000.000000 -1000.000000 -10 -1000
000061 136 Car -1 -1 -10 648.550278 181.888286 686.220701 205.217536 -1 -1 -1 -1000.000000 -1000.000000 -1000.000000 -10 -1000
000062 100 Car -1 -1 -10 742.397231 179.922566 771.094826 198.376536 -1 -1 -1 -1000.000000 -1000.000000 -1000.000000 -10 -1000
000062 136 Car -1 -1 -10 648.920600 181.698090 686.823748 205.407252 -1 -1 -1 -1000.000000 -1000.000000 -1000.000000 -10 -1000
000062 152 Pedestrian -1 -1 -10 465.911804 178.135193 484.129761 213.384201 -1 -1 -1 -1000.000000 -1000.000000 -1000.000000 -10 -1000
000063 100 Car -1 -1 -10 741.319046 180.013520 770.621916 198.598123 -1 -1 -1 -1000.000000 -1000.000000 -1000.000000 -10 -1000
000063 136 Car -1 -1 -10 648.798254 181.792206 686.624787 205.557542 -1 -1 -1 -1000.000000 -1000.000000 -1000.000000 -10 -1000
000064 100 Car -1 -1 -10 739.898740 180.053037 769.197588 198.852119 -1 -1 -1 -1000.000000 -1000.000000 -1000.000000 -10 -1000
000064 136 Car -1 -1 -10 648.981210 181.020910 687.079651 204.979775 -1 -1 -1 -1000.000000 -1000.000000 -1000.000000 -10 -1000
000065 100 Car -1 -1 -10 737.992971 179.831127 767.311747 197.756875 -1 -1 -1 -1000.000000 -1000.000000 -1000.000000 -10 -1000
000065 136 Car -1 -1 -10 648.855969 181.400932 686.645069 205.237686 -1 -1 -1 -1000.000000 -1000.000000 -1000.000000 -10 -1000
000066 100 Car -1 -1 -10 736.999429 179.813263 766.327542 196.945330 -1 -1 -1 -1000.000000 -1000.000000 -1000.000000 -10 -1000
000066 136 Car -1 -1 -10 648.811504 181.470681 687.192072 205.402146 -1 -1 -1 -1000.000000 -1000.000000 -1000.000000 -10 -1000
000067 100 Car -1 -1 -10 735.676197 179.385210 764.653033 196.153459 -1 -1 -1 -1000.000000 -1000.000000 -1000.000000 -10 -1000
000067 136 Car -1 -1 -10 649.589840 180.746494 687.512026 204.542173 -1 -1 -1 -1000.000000 -1000.000000 -1000.000000 -10 -1000
000068 100 Car -1 -1 -10 734.380398 178.954221 763.357233 195.722469 -1 -1 -1 -1000.000000 -1000.000000 -1000.000000 -10 -1000
000068 136 Car -1 -1 -10 649.515810 180.465288 687.315460 204.243076 -1 -1 -1 -1000.000000 -1000.000000 -1000.000000 -10 -1000
000069 100 Car -1 -1 -10 735.532569 180.013917 765.159646 196.450027 -1 -1 -1 -1000.000000 -1000.000000 -1000.000000 -10 -1000
000069 136 Car -1 -1 -10 650.327064 180.393191 687.000202 203.705108 -1 -1 -1 -1000.000000 -1000.000000 -1000.000000 -10 -1000
000070 100 Car -1 -1 -10 737.323621 179.755853 766.516569 196.413172 -1 -1 -1 -1000.000000 -1000.000000 -1000.000000 -10 -1000
000070 136 Car -1 -1 -10 649.975927 181.105386 686.819399 204.543175 -1 -1 -1 -1000.000000 -1000.000000 -1000.000000 -10 -1000
000071 100 Car -1 -1 -10 735.819581 179.876128 765.800149 196.696352 -1 -1 -1 -1000.000000 -1000.000000 -1000.000000 -10 -1000
000071 136 Car -1 -1 -10 650.425775 180.855241 686.786058 204.053591 -1 -1 -1 -1000.000000 -1000.000000 -1000.000000 -10 -1000
000072 100 Car -1 -1 -10 734.803329 179.740888 764.465847 196.391846 -1 -1 -1 -1000.000000 -1000.000000 -1000.000000 -10 -1000
000072 136 Car -1 -1 -10 650.507042 180.698422 687.046617 203.843147 -1 -1 -1 -1000.000000 -1000.000000 -1000.000000 -10 -1000
000073 100 Car -1 -1 -10 733.677000 179.761745 763.403182 196.364486 -1 -1 -1 -1000.000000 -1000.000000 -1000.000000 -10 -1000
000073 136 Car -1 -1 -10 649.682637 180.447242 686.489524 203.943854 -1 -1 -1 -1000.000000 -1000.000000 -1000.000000 -10 -1000
000074 100 Car -1 -1 -10 733.792432 179.681459 762.205322 196.305777 -1 -1 -1 -1000.000000 -1000.000000 -1000.000000 -10 -1000
000074 136 Car -1 -1 -10 650.082836 180.391871 686.829232 203.891141 -1 -1 -1 -1000.000000 -1000.000000 -1000.000000 -10 -1000
000075 100 Car -1 -1 -10 733.055508 179.631384 761.468398 196.255702 -1 -1 -1 -1000.000000 -1000.000000 -1000.000000 -10 -1000
000075 136 Car -1 -1 -10 649.915161 181.201617 686.612692 204.690451 -1 -1 -1 -1000.000000 -1000.000000 -1000.000000 -10 -1000
000076 136 Car -1 -1 -10 650.370162 181.421368 686.832826 204.667516 -1 -1 -1 -1000.000000 -1000.000000 -1000.000000 -10 -1000
000077 136 Car -1 -1 -10 650.698001 180.986543 686.833241 204.113477 -1 -1 -1 -1000.000000 -1000.000000 -1000.000000 -10 -1000
