000000 1 Pedestrian -1 -1 -10 418.337677 133.983307 524.967773 353.209778 -1 -1 -1 -1000.000000 -1000.000000 -1000.000000 -10 -1000
000000 2 Pedestrian -1 -1 -10 478.227051 142.675217 566.234619 321.000610 -1 -1 -1 -1000.000000 -1000.000000 -1000.000000 -10 -1000
000000 3 Pedestrian -1 -1 -10 559.176453 147.841599 574.250427 183.737595 -1 -1 -1 -1000.000000 -1000.000000 -1000.000000 -10 -1000
000001 1 Pedestrian -1 -1 -10 400.600518 145.957954 505.319859 352.958181 -1 -1 -1 -1000.000000 -1000.000000 -1000.000000 -10 -1000
000001 2 Pedestrian -1 -1 -10 466.152314 141.551287 556.725007 336.287284 -1 -1 -1 -1000.000000 -1000.000000 -1000.000000 -10 -1000
000001 3 Pedestrian -1 -1 -10 559.560398 144.941187 577.752692 182.344033 -1 -1 -1 -1000.000000 -1000.000000 -1000.000000 -10 -1000
000002 1 Pedestrian -1 -1 -10 416.429179 150.290185 516.276110 358.659015 -1 -1 -1 -1000.000000 -1000.000000 -1000.000000 -10 -1000
000002 2 Pedestrian -1 -1 -10 480.981224 138.395122 569.613091 339.122110 -1 -1 -1 -1000.000000 -1000.000000 -1000.000000 -10 -1000
000002 3 Pedestrian -1 -1 -10 559.567315 144.779271 577.759609 182.182117 -1 -1 -1 -1000.000000 -1000.000000 -1000.000000 -10 -1000
000003 1 Pedestrian -1 -1 -10 432.192734 145.445471 524.601556 346.210098 -1 -1 -1 -1000.000000 -1000.000000 -1000.000000 -10 -1000
000003 2 Pedestrian -1 -1 -10 492.589573 137.947636 581.037735 338.507550 -1 -1 -1 -1000.000000 -1000.000000 -1000.000000 -10 -1000
000004 1 Pedestrian -1 -1 -10 438.606133 146.508185 531.508589 345.882456 -1 -1 -1 -1000.000000 -1000.000000 -1000.000000 -10 -1000
000004 2 Pedestrian -1 -1 -10 502.278229 136.459313 595.027981 344.078155 -1 -1 -1 -1000.000000 -1000.000000 -1000.000000 -10 -1000
000005 1 Pedestrian -1 -1 -10 482.761423 142.655548 578.506342 352.424736 -1 -1 -1 -1000.000000 -1000.000000 -1000.000000 -10 -1000
000005 2 Pedestrian -1 -1 -10 534.596082 134.325665 626.924417 330.034546 -1 -1 -1 -1000.000000 -1000.000000 -1000.000000 -10 -1000
000006 2 Pedestrian -1 -1 -10 462.070045 146.426254 559.106629 361.234504 -1 -1 -1 -1000.000000 -1000.000000 -1000.000000 -10 -1000
000006 14 Pedestrian -1 -1 -10 516.071828 143.410629 611.891924 344.919329 -1 -1 -1 -1000.000000 -1000.000000 -1000.000000 -10 -1000
000007 2 Pedestrian -1 -1 -10 528.080165 139.715893 621.915073 352.624182 -1 -1 -1 -1000.000000 -1000.000000 -1000.000000 -10 -1000
000007 16 Pedestrian -1 -1 -10 471.482468 138.736750 570.772064 355.346974 -1 -1 -1 -1000.000000 -1000.000000 -1000.000000 -10 -1000
000007 19 Pedestrian -1 -1 -10 487.887207 148.412247 522.927063 217.974808 -1 -1 -1 -1000.000000 -1000.000000 -1000.000000 -10 -1000
000008 1 Pedestrian -1 -1 -10 493.490782 158.525939 587.258604 372.235630 -1 -1 -1 -1000.000000 -1000.000000 -1000.000000 -10 -1000
000008 14 Pedestrian -1 -1 -10 536.988985 138.753211 628.545916 349.556262 -1 -1 -1 -1000.000000 -1000.000000 -1000.000000 -10 -1000
000008 19 Pedestrian -1 -1 -10 490.820997 143.057320 519.540751 210.136188 -1 -1 -1 -1000.000000 -1000.000000 -1000.000000 -10 -1000
000009 1 Pedestrian -1 -1 -10 551.329085 143.240304 647.612167 356.262718 -1 -1 -1 -1000.000000 -1000.000000 -1000.000000 -10 -1000
000009 2 Pedestrian -1 -1 -10 495.328628 146.004231 590.691056 360.699460 -1 -1 -1 -1000.000000 -1000.000000 -1000.000000 -10 -1000
000009 19 Pedestrian -1 -1 -10 492.715977 139.832104 519.244085 206.374383 -1 -1 -1 -1000.000000 -1000.000000 -1000.000000 -10 -1000
000010 1 Pedestrian -1 -1 -10 556.235764 138.772025 661.998268 361.444720 -1 -1 -1 -1000.000000 -1000.000000 -1000.000000 -10 -1000
000010 14 Pedestrian -1 -1 -10 454.127458 151.466524 550.060329 363.862863 -1 -1 -1 -1000.000000 -1000.000000 -1000.000000 -10 -1000
000010 19 Pedestrian -1 -1 -10 493.312331 137.268011 519.048042 203.454773 -1 -1 -1 -1000.000000 -1000.000000 -1000.000000 -10 -1000
000010 28 Pedestrian -1 -1 -10 232.176743 135.992538 310.380951 305.559387 -1 -1 -1 -1000.000000 -1000.000000 -1000.000000 -10 -1000
000011 2 Pedestrian -1 -1 -10 562.567067 137.350178 675.103613 369.057265 -1 -1 -1 -1000.000000 -1000.000000 -1000.000000 -10 -1000
000011 19 Pedestrian -1 -1 -10 494.689692 136.255706 519.697491 201.430968 -1 -1 -1 -1000.000000 -1000.000000 -1000.000000 -10 -1000
000011 28 Pedestrian -1 -1 -10 244.519956 132.189549 321.490566 300.094616 -1 -1 -1 -1000.000000 -1000.000000 -1000.000000 -10 -1000
000011 32 Pedestrian -1 -1 -10 539.442505 141.199539 563.573181 191.387772 -1 -1 -1 -1000.000000 -1000.000000 -1000.000000 -10 -1000
000012 2 Pedestrian -1 -1 -10 574.391169 139.624554 687.947588 374.571668 -1 -1 -1 -1000.000000 -1000.000000 -1000.000000 -10 -1000
000012 19 Pedestrian -1 -1 -10 495.236584 138.804496 521.507356 200.181090 -1 -1 -1 -1000.000000 -1000.000000 -1000.000000 -10 -1000
000012 28 Pedestrian -1 -1 -10 246.753924 149.238427 327.721126 317.372644 -1 -1 -1 -1000.000000 -1000.000000 -1000.000000 -10 -1000
000012 32 Pedestrian -1 -1 -10 537.026552 141.347728 560.295367 189.806097 -1 -1 -1 -1000.000000 -1000.000000 -1000.000000 -10 -1000
000013 14 Pedestrian -1 -1 -10 583.587460 138.635958 696.108816 376.244929 -1 -1 -1 -1000.000000 -1000.000000 -1000.000000 -10 -1000
000013 19 Pedestrian -1 -1 -10 498.790828 142.532211 523.407493 200.963718 -1 -1 -1 -1000.000000 -1000.000000 -1000.000000 -10 -1000
000013 28 Pedestrian -1 -1 -10 264.182908 147.824142 343.757190 311.862074 -1 -1 -1 -1000.000000 -1000.000000 -1000.000000 -10 -1000
000013 32 Pedestrian -1 -1 -10 540.176500 143.120809 562.075845 190.540197 -1 -1 -1 -1000.000000 -1000.000000 -1000.000000 -10 -1000
000014 2 Pedestrian -1 -1 -10 603.537821 134.172964 713.761064 370.144846 -1 -1 -1 -1000.000000 -1000.000000 -1000.000000 -10 -1000
000014 19 Pedestrian -1 -1 -10 502.279880 143.692330 525.334981 199.957845 -1 -1 -1 -1000.000000 -1000.000000 -1000.000000 -10 -1000
000014 28 Pedestrian -1 -1 -10 260.264063 144.352989 337.000274 307.399627 -1 -1 -1 -1000.000000 -1000.000000 -1000.000000 -10 -1000
000014 32 Pedestrian -1 -1 -10 541.620771 143.903987 563.520116 191.323375 -1 -1 -1 -1000.000000 -1000.000000 -1000.000000 -10 -1000
000014 43 Pedestrian -1 -1 -10 223.934235 135.624542 295.349670 298.647003 -1 -1 -1 -1000.000000 -1000.000000 -1000.000000 -10 -1000
000015 1 Pedestrian -1 -1 -10 611.623467 134.741970 727.174259 368.385965 -1 -1 -1 -1000.000000 -1000.000000 -1000.000000 -10 -1000
000015 19 Pedestrian -1 -1 -10 503.754566 144.471535 525.810814 199.658683 -1 -1 -1 -1000.000000 -1000.000000 -1000.000000 -10 -1000
000015 28 Pedestrian -1 -1 -10 280.910162 146.565736 359.939640 313.038493 -1 -1 -1 -1000.000000 -1000.000000 -1000.000000 -10 -1000
000015 32 Pedestrian -1 -1 -10 537.224248 144.159760 557.906270 192.053328 -1 -1 -1 -1000.000000 -1000.000000 -1000.000000 -10 -1000
000015 43 Pedestrian -1 -1 -10 222.984429 129.595234 297.772243 295.379616 -1 -1 -1 -1000.000000 -1000.000000 -1000.000000 -10 -1000
000015 50 Pedestrian -1 -1 -10 566.047607 141.672836 594.008118 198.930954 -1 -1 -1 -1000.000000 -1000.000000 -1000.000000 -10 -1000
000016 14 Pedestrian -1 -1 -10 625.283818 136.038907 744.097897 369.130436 -1 -1 -1 -1000.000000 -1000.000000 -1000.000000 -10 -1000
000016 19 Cyclist -1 -1 -10 504.007660 144.746495 526.900451 201.771779 -1 -1 -1 -1000.000000 -1000.000000 -1000.000000 -10 -1000
000016 28 Pedestrian -1 -1 -10 301.834524 147.206938 381.129943 314.609455 -1 -1 -1 -1000.000000 -1000.000000 -1000.000000 -10 -1000
000016 32 Pedestrian -1 -1 -10 537.721641 142.216473 560.328821 192.470466 -1 -1 -1 -1000.000000 -1000.000000 -1000.000000 -10 -1000
000016 43 Pedestrian -1 -1 -10 249.325156 138.533585 319.043461 303.175580 -1 -1 -1 -1000.000000 -1000.000000 -1000.000000 -10 -1000
000016 50 Pedestrian -1 -1 -10 564.031706 138.957777 591.761071 195.081406 -1 -1 -1 -1000.000000 -1000.000000 -1000.000000 -10 -1000
000016 56 Cyclist -1 -1 -10 460.113892 138.976852 491.634857 195.220596 -1 -1 -1 -1000.000000 -1000.000000 -1000.000000 -10 -1000
000017 1 Pedestrian -1 -1 -10 677.896684 175.244827 778.928249 340.735251 -1 -1 -1 -1000.000000 -1000.000000 -1000.000000 -10 -1000
000017 2 Pedestrian -1 -1 -10 638.968544 137.170348 755.440676 376.281093 -1 -1 -1 -1000.000000 -1000.000000 -1000.000000 -10 -1000
000017 19 Pedestrian -1 -1 -10 505.023387 145.655907 527.916178 202.681191 -1 -1 -1 -1000.000000 -1000.000000 -1000.000000 -10 -1000
000017 28 Pedestrian -1 -1 -10 321.198626 146.026457 401.659406 319.488596 -1 -1 -1 -1000.000000 -1000.000000 -1000.000000 -10 -1000
000017 32 Pedestrian -1 -1 -10 539.821248 141.121310 563.163086 193.672501 -1 -1 -1 -1000.000000 -1000.000000 -1000.000000 -10 -1000
000017 43 Pedestrian -1 -1 -10 252.848068 142.015228 323.232461 307.353173 -1 -1 -1 -1000.000000 -1000.000000 -1000.000000 -10 -1000
000017 50 Pedestrian -1 -1 -10 566.347082 139.484373 594.105281 196.259541 -1 -1 -1 -1000.000000 -1000.000000 -1000.000000 -10 -1000
000017 56 Cyclist -1 -1 -10 460.156809 140.390789 491.330907 194.530892 -1 -1 -1 -1000.000000 -1000.000000 -1000.000000 -10 -1000
000018 1 Cyclist -1 -1 -10 697.951143 179.368741 798.982708 344.859165 -1 -1 -1 -1000.000000 -1000.000000 -1000.000000 -10 -1000
000018 14 Pedestrian -1 -1 -10 653.790616 133.183184 770.954052 378.749096 -1 -1 -1 -1000.000000 -1000.000000 -1000.000000 -10 -1000
000018 19 Pedestrian -1 -1 -10 509.954154 142.337626 534.459682 202.688082 -1 -1 -1 -1000.000000 -1000.000000 -1000.000000 -10 -1000
000018 28 Pedestrian -1 -1 -10 335.074545 139.187180 419.752750 324.432461 -1 -1 -1 -1000.000000 -1000.000000 -1000.000000 -10 -1000
000018 32 Pedestrian -1 -1 -10 541.278345 141.274780 565.421466 195.313245 -1 -1 -1 -1000.000000 -1000.000000 -1000.000000 -10 -1000
000018 43 Pedestrian -1 -1 -10 257.499161 142.464228 335.074974 320.317565 -1 -1 -1 -1000.000000 -1000.000000 -1000.000000 -10 -1000
000018 50 Pedestrian -1 -1 -10 568.465250 141.565427 596.124719 198.356992 -1 -1 -1 -1000.000000 -1000.000000 -1000.000000 -10 -1000
000018 56 Pedestrian -1 -1 -10 460.005861 140.459940 491.179958 194.600044 -1 -1 -1 -1000.000000 -1000.000000 -1000.000000 -10 -1000
000018 68 Pedestrian -1 -1 -10 1099.428467 126.093086 1271.259277 357.606110 -1 -1 -1 -1000.000000 -1000.000000 -1000.000000 -10 -1000
000019 2 Pedestrian -1 -1 -10 672.347214 132.057854 787.171822 377.836246 -1 -1 -1 -1000.000000 -1000.000000 -1000.000000 -10 -1000
000019 19 Pedestrian -1 -1 -10 512.596087 143.097509 536.894509 204.353020 -1 -1 -1 -1000.000000 -1000.000000 -1000.000000 -10 -1000
000019 28 Pedestrian -1 -1 -10 345.565361 139.238559 427.308349 313.078192 -1 -1 -1 -1000.000000 -1000.000000 -1000.000000 -10 -1000
000019 32 Pedestrian -1 -1 -10 543.698506 142.070408 567.643518 197.853009 -1 -1 -1 -1000.000000 -1000.000000 -1000.000000 -10 -1000
000019 43 Pedestrian -1 -1 -10 272.556151 138.466072 357.971940 329.581251 -1 -1 -1 -1000.000000 -1000.000000 -1000.000000 -10 -1000
000019 50 Pedestrian -1 -1 -10 570.302304 143.155615 597.961773 199.947181 -1 -1 -1 -1000.000000 -1000.000000 -1000.000000 -10 -1000
000019 68 Pedestrian -1 -1 -10 1081.048804 134.532438 1245.419965 376.472415 -1 -1 -1 -1000.000000 -1000.000000 -1000.000000 -10 -1000
000020 14 Pedestrian -1 -1 -10 682.143795 136.276542 798.094818 379.470490 -1 -1 -1 -1000.000000 -1000.000000 -1000.000000 -10 -1000
000020 28 Pedestrian -1 -1 -10 359.594740 147.204190 440.651856 319.036446 -1 -1 -1 -1000.000000 -1000.000000 -1000.000000 -10 -1000
000020 32 Pedestrian -1 -1 -10 543.014949 142.471253 566.781023 198.345306 -1 -1 -1 -1000.000000 -1000.000000 -1000.000000 -10 -1000
000020 43 Pedestrian -1 -1 -10 277.806022 133.556143 366.435642 333.725779 -1 -1 -1 -1000.000000 -1000.000000 -1000.000000 -10 -1000
000020 56 Cyclist -1 -1 -10 451.027038 141.844524 479.870330 188.979795 -1 -1 -1 -1000.000000 -1000.000000 -1000.000000 -10 -1000
000020 68 Pedestrian -1 -1 -10 1048.359724 127.603132 1210.358787 371.507291 -1 -1 -1 -1000.000000 -1000.000000 -1000.000000 -10 -1000
000020 71 Pedestrian -1 -1 -10 512.533001 142.153588 538.253785 203.652478 -1 -1 -1 -1000.000000 -1000.000000 -1000.000000 -10 -1000
000021 2 Pedestrian -1 -1 -10 686.087904 129.776148 822.017394 388.111010 -1 -1 -1 -1000.000000 -1000.000000 -1000.000000 -10 -1000
000021 28 Pedestrian -1 -1 -10 373.520706 144.780215 454.738411 318.340292 -1 -1 -1 -1000.000000 -1000.000000 -1000.000000 -10 -1000
000021 32 Pedestrian -1 -1 -10 542.697870 142.967127 565.744629 197.516549 -1 -1 -1 -1000.000000 -1000.000000 -1000.000000 -10 -1000
000021 43 Pedestrian -1 -1 -10 287.747154 136.557826 374.562618 334.108318 -1 -1 -1 -1000.000000 -1000.000000 -1000.000000 -10 -1000
000021 56 Cyclist -1 -1 -10 445.648281 142.827945 474.639839 192.611092 -1 -1 -1 -1000.000000 -1000.000000 -1000.000000 -10 -1000
000021 68 Pedestrian -1 -1 -10 1013.497720 129.675305 1177.981790 377.819139 -1 -1 -1 -1000.000000 -1000.000000 -1000.000000 -10 -1000
000021 71 Pedestrian -1 -1 -10 511.848307 141.725358 538.324390 203.778796 -1 -1 -1 -1000.000000 -1000.000000 -1000.000000 -10 -1000
000022 14 Pedestrian -1 -1 -10 699.936181 128.637576 837.799754 389.814095 -1 -1 -1 -1000.000000 -1000.000000 -1000.000000 -10 -1000
000022 28 Pedestrian -1 -1 -10 380.183849 148.700914 465.191779 318.596582 -1 -1 -1 -1000.000000 -1000.000000 -1000.000000 -10 -1000
000022 32 Pedestrian -1 -1 -10 542.810473 142.540948 565.474657 196.725650 -1 -1 -1 -1000.000000 -1000.000000 -1000.000000 -10 -1000
000022 43 Pedestrian -1 -1 -10 296.512874 136.536725 385.979844 338.782385 -1 -1 -1 -1000.000000 -1000.000000 -1000.000000 -10 -1000
000022 56 Cyclist -1 -1 -10 437.964929 145.794964 469.002105 196.796982 -1 -1 -1 -1000.000000 -1000.000000 -1000.000000 -10 -1000
000022 68 Pedestrian -1 -1 -10 984.177052 137.574532 1146.360798 385.994201 -1 -1 -1 -1000.000000 -1000.000000 -1000.000000 -10 -1000
000022 71 Pedestrian -1 -1 -10 512.907384 142.028092 540.242152 205.185199 -1 -1 -1 -1000.000000 -1000.000000 -1000.000000 -10 -1000
000023 2 Pedestrian -1 -1 -10 721.388986 129.507785 858.603687 384.609036 -1 -1 -1 -1000.000000 -1000.000000 -1000.000000 -10 -1000
000023 28 Pedestrian -1 -1 -10 399.598736 149.697514 487.125842 323.464631 -1 -1 -1 -1000.000000 -1000.000000 -1000.000000 -10 -1000
000023 32 Pedestrian -1 -1 -10 543.846260 142.050724 566.121744 195.187982 -1 -1 -1 -1000.000000 -1000.000000 -1000.000000 -10 -1000
000023 43 Pedestrian -1 -1 -10 306.170675 135.371528 399.647292 338.518043 -1 -1 -1 -1000.000000 -1000.000000 -1000.000000 -10 -1000
000023 56 Pedestrian -1 -1 -10 432.183038 148.488940 463.220214 199.490958 -1 -1 -1 -1000.000000 -1000.000000 -1000.000000 -10 -1000
000023 71 Pedestrian -1 -1 -10 513.503858 142.837270 540.997827 208.355394 -1 -1 -1 -1000.000000 -1000.000000 -1000.000000 -10 -1000
000023 88 Pedestrian -1 -1 -10 943.348937 137.602582 1103.223539 386.318734 -1 -1 -1 -1000.000000 -1000.000000 -1000.000000 -10 -1000
000024 2 Pedestrian -1 -1 -10 751.864289 127.446923 889.078989 382.548174 -1 -1 -1 -1000.000000 -1000.000000 -1000.000000 -10 -1000
000024 28 Pedestrian -1 -1 -10 405.108866 153.830280 491.960523 327.367073 -1 -1 -1 -1000.000000 -1000.000000 -1000.000000 -10 -1000
000024 32 Pedestrian -1 -1 -10 545.530693 142.578025 567.022772 195.645601 -1 -1 -1 -1000.000000 -1000.000000 -1000.000000 -10 -1000
000024 43 Pedestrian -1 -1 -10 315.132674 141.194448 408.314003 343.790692 -1 -1 -1 -1000.000000 -1000.000000 -1000.000000 -10 -1000
000024 71 Pedestrian -1 -1 -10 515.050691 143.656041 541.010798 207.807431 -1 -1 -1 -1000.000000 -1000.000000 -1000.000000 -10 -1000
000024 88 Pedestrian -1 -1 -10 917.518285 132.569093 1077.762521 379.479912 -1 -1 -1 -1000.000000 -1000.000000 -1000.000000 -10 -1000
000024 106 Pedestrian -1 -1 -10 742.895325 131.341751 870.879456 379.348907 -1 -1 -1 -1000.000000 -1000.000000 -1000.000000 -10 -1000
000024 111 Pedestrian -1 -1 -10 577.869507 145.677109 599.099976 196.088364 -1 -1 -1 -1000.000000 -1000.000000 -1000.000000 -10 -1000
000025 14 Pedestrian -1 -1 -10 979.212519 136.891396 1131.422304 387.537582 -1 -1 -1 -1000.000000 -1000.000000 -1000.000000 -10 -1000
000025 28 Pedestrian -1 -1 -10 426.278619 151.137835 513.855139 335.250971 -1 -1 -1 -1000.000000 -1000.000000 -1000.000000 -10 -1000
000025 32 Pedestrian -1 -1 -10 546.082911 143.939605 566.647796 195.429193 -1 -1 -1 -1000.000000 -1000.000000 -1000.000000 -10 -1000
000025 43 Pedestrian -1 -1 -10 332.060875 137.967691 424.739785 343.351703 -1 -1 -1 -1000.000000 -1000.000000 -1000.000000 -10 -1000
000025 68 Pedestrian -1 -1 -10 913.117344 142.285704 1046.768784 376.090831 -1 -1 -1 -1000.000000 -1000.000000 -1000.000000 -10 -1000
000025 71 Pedestrian -1 -1 -10 519.416822 144.086877 543.161886 206.712855 -1 -1 -1 -1000.000000 -1000.000000 -1000.000000 -10 -1000
000025 106 Pedestrian -1 -1 -10 756.122413 130.392830 883.470203 377.395120 -1 -1 -1 -1000.000000 -1000.000000 -1000.000000 -10 -1000
000025 111 Pedestrian -1 -1 -10 580.561993 147.051166 601.063302 196.779829 -1 -1 -1 -1000.000000 -1000.000000 -1000.000000 -10 -1000
000026 2 Pedestrian -1 -1 -10 745.762445 123.864427 888.143290 383.300940 -1 -1 -1 -1000.000000 -1000.000000 -1000.000000 -10 -1000
000026 14 Pedestrian -1 -1 -10 910.069512 133.358341 1070.116654 396.011407 -1 -1 -1 -1000.000000 -1000.000000 -1000.000000 -10 -1000
000026 28 Pedestrian -1 -1 -10 437.580080 147.434321 523.530714 333.275682 -1 -1 -1 -1000.000000 -1000.000000 -1000.000000 -10 -1000
000026 32 Pedestrian -1 -1 -10 546.565462 144.321029 567.130347 195.810617 -1 -1 -1 -1000.000000 -1000.000000 -1000.000000 -10 -1000
000026 43 Pedestrian -1 -1 -10 337.387092 137.288605 431.085825 343.630490 -1 -1 -1 -1000.000000 -1000.000000 -1000.000000 -10 -1000
000026 68 Pedestrian -1 -1 -10 894.445360 148.872764 1028.096801 382.677892 -1 -1 -1 -1000.000000 -1000.000000 -1000.000000 -10 -1000
000026 71 Pedestrian -1 -1 -10 520.619342 141.503573 543.823239 203.822658 -1 -1 -1 -1000.000000 -1000.000000 -1000.000000 -10 -1000
000026 111 Pedestrian -1 -1 -10 580.827443 146.119206 601.951699 198.150017 -1 -1 -1 -1000.000000 -1000.000000 -1000.000000 -10 -1000
000027 2 Pedestrian -1 -1 -10 800.251422 128.013126 943.961704 389.712773 -1 -1 -1 -1000.000000 -1000.000000 -1000.000000 -10 -1000
000027 28 Pedestrian -1 -1 -10 454.869550 142.999523 540.878774 336.078241 -1 -1 -1 -1000.000000 -1000.000000 -1000.000000 -10 -1000
000027 43 Pedestrian -1 -1 -10 351.362265 132.695313 446.149601 347.880661 -1 -1 -1 -1000.000000 -1000.000000 -1000.000000 -10 -1000
000027 71 Pedestrian -1 -1 -10 526.107045 141.998159 549.611420 203.610857 -1 -1 -1 -1000.000000 -1000.000000 -1000.000000 -10 -1000
000027 106 Pedestrian -1 -1 -10 1028.183393 138.665936 1179.247189 400.816008 -1 -1 -1 -1000.000000 -1000.000000 -1000.000000 -10 -1000
000027 111 Pedestrian -1 -1 -10 580.201030 145.136666 602.483493 201.121084 -1 -1 -1 -1000.000000 -1000.000000 -1000.000000 -10 -1000
000028 2 Pedestrian -1 -1 -10 811.286914 128.075900 962.389335 387.098334 -1 -1 -1 -1000.000000 -1000.000000 -1000.000000 -10 -1000
000028 28 Pedestrian -1 -1 -10 463.970010 143.944372 553.719892 337.369482 -1 -1 -1 -1000.000000 -1000.000000 -1000.000000 -10 -1000
000028 43 Pedestrian -1 -1 -10 364.134091 131.372141 459.655858 350.085245 -1 -1 -1 -1000.000000 -1000.000000 -1000.000000 -10 -1000
000028 71 Pedestrian -1 -1 -10 529.732757 140.916398 554.507441 204.235520 -1 -1 -1 -1000.000000 -1000.000000 -1000.000000 -10 -1000
000028 111 Pedestrian -1 -1 -10 582.339294 142.534323 606.024186 200.483394 -1 -1 -1 -1000.000000 -1000.000000 -1000.000000 -10 -1000
000029 28 Pedestrian -1 -1 -10 469.541921 145.504278 562.419697 345.135614 -1 -1 -1 -1000.000000 -1000.000000 -1000.000000 -10 -1000
000029 43 Pedestrian -1 -1 -10 374.004942 128.171868 471.067917 343.421226 -1 -1 -1 -1000.000000 -1000.000000 -1000.000000 -10 -1000
000029 68 Pedestrian -1 -1 -10 829.770938 131.899605 986.604418 385.636912 -1 -1 -1 -1000.000000 -1000.000000 -1000.000000 -10 -1000
000029 71 Pedestrian -1 -1 -10 533.827606 140.764741 558.776393 205.345324 -1 -1 -1 -1000.000000 -1000.000000 -1000.000000 -10 -1000
000029 111 Pedestrian -1 -1 -10 584.617511 142.751544 608.110555 201.034882 -1 -1 -1 -1000.000000 -1000.000000 -1000.000000 -10 -1000
000030 28 Pedestrian -1 -1 -10 490.347414 144.586428 584.339642 348.185300 -1 -1 -1 -1000.000000 -1000.000000 -1000.000000 -10 -1000
000030 43 Pedestrian -1 -1 -10 385.473408 125.796610 488.187757 351.334811 -1 -1 -1 -1000.000000 -1000.000000 -1000.000000 -10 -1000
000030 68 Pedestrian -1 -1 -10 822.483065 129.988013 992.574525 390.795063 -1 -1 -1 -1000.000000 -1000.000000 -1000.000000 -10 -1000
000030 71 Pedestrian -1 -1 -10 537.943379 140.975417 562.892165 205.556000 -1 -1 -1 -1000.000000 -1000.000000 -1000.000000 -10 -1000
000030 111 Pedestrian -1 -1 -10 584.115045 143.037468 608.640165 203.358658 -1 -1 -1 -1000.000000 -1000.000000 -1000.000000 -10 -1000
000031 2 Pedestrian -1 -1 -10 802.692668 126.859416 984.609240 397.254969 -1 -1 -1 -1000.000000 -1000.000000 -1000.000000 -10 -1000
000031 28 Pedestrian -1 -1 -10 500.325375 142.913837 593.580602 344.920159 -1 -1 -1 -1000.000000 -1000.000000 -1000.000000 -10 -1000
000031 43 Pedestrian -1 -1 -10 394.142053 130.084065 503.180717 362.745703 -1 -1 -1 -1000.000000 -1000.000000 -1000.000000 -10 -1000
000031 68 Pedestrian -1 -1 -10 854.365398 115.357762 1048.917255 379.707045 -1 -1 -1 -1000.000000 -1000.000000 -1000.000000 -10 -1000
000031 111 Pedestrian -1 -1 -10 586.737135 143.536834 608.688990 200.236981 -1 -1 -1 -1000.000000 -1000.000000 -1000.000000 -10 -1000
000032 2 Pedestrian -1 -1 -10 879.803256 119.575482 1068.798850 390.011008 -1 -1 -1 -1000.000000 -1000.000000 -1000.000000 -10 -1000
000032 28 Pedestrian -1 -1 -10 519.233032 136.629629 613.766909 341.555188 -1 -1 -1 -1000.000000 -1000.000000 -1000.000000 -10 -1000
000032 43 Pedestrian -1 -1 -10 421.397927 124.732887 531.972091 362.248022 -1 -1 -1 -1000.000000 -1000.000000 -1000.000000 -10 -1000
000032 68 Pedestrian -1 -1 -10 730.897458 136.744129 874.303755 387.026336 -1 -1 -1 -1000.000000 -1000.000000 -1000.000000 -10 -1000
000032 111 Pedestrian -1 -1 -10 587.490790 144.144619 608.350330 199.612931 -1 -1 -1 -1000.000000 -1000.000000 -1000.000000 -10 -1000
000033 2 Pedestrian -1 -1 -10 709.588978 142.380152 833.734064 368.831823 -1 -1 -1 -1000.000000 -1000.000000 -1000.000000 -10 -1000
000033 28 Pedestrian -1 -1 -10 530.791947 141.977911 624.263179 346.467869 -1 -1 -1 -1000.000000 -1000.000000 -1000.000000 -10 -1000
000033 43 Pedestrian -1 -1 -10 424.962132 127.407046 535.308137 366.289887 -1 -1 -1 -1000.000000 -1000.000000 -1000.000000 -10 -1000
000033 68 Pedestrian -1 -1 -10 906.775440 118.360551 1101.569409 381.559841 -1 -1 -1 -1000.000000 -1000.000000 -1000.000000 -10 -1000
000033 71 Pedestrian -1 -1 -10 525.754744 136.016028 549.632354 200.795360 -1 -1 -1 -1000.000000 -1000.000000 -1000.000000 -10 -1000
000033 111 Pedestrian -1 -1 -10 590.166691 143.796771 612.650039 203.074031 -1 -1 -1 -1000.000000 -1000.000000 -1000.000000 -10 -1000
000034 28 Pedestrian -1 -1 -10 545.606290 144.508256 636.669225 347.488683 -1 -1 -1 -1000.000000 -1000.000000 -1000.000000 -10 -1000
000034 43 Pedestrian -1 -1 -10 433.499129 121.907107 550.135682 365.161977 -1 -1 -1 -1000.000000 -1000.000000 -1000.000000 -10 -1000
000034 68 Pedestrian -1 -1 -10 703.646767 148.377213 813.480600 362.970964 -1 -1 -1 -1000.000000 -1000.000000 -1000.000000 -10 -1000
000034 71 Pedestrian -1 -1 -10 524.602138 138.909815 548.377371 203.523584 -1 -1 -1 -1000.000000 -1000.000000 -1000.000000 -10 -1000
000034 111 Pedestrian -1 -1 -10 592.962520 144.869274 615.445868 204.146534 -1 -1 -1 -1000.000000 -1000.000000 -1000.000000 -10 -1000
000034 157 Pedestrian -1 -1 -10 920.382327 129.518872 1114.548748 386.180863 -1 -1 -1 -1000.000000 -1000.000000 -1000.000000 -10 -1000
000035 28 Pedestrian -1 -1 -10 560.674640 144.947672 654.710809 354.205529 -1 -1 -1 -1000.000000 -1000.000000 -1000.000000 -10 -1000
000035 43 Pedestrian -1 -1 -10 448.720415 126.296471 562.254572 364.955504 -1 -1 -1 -1000.000000 -1000.000000 -1000.000000 -10 -1000
000035 68 Pedestrian -1 -1 -10 681.487736 152.380432 787.777805 359.020568 -1 -1 -1 -1000.000000 -1000.000000 -1000.000000 -10 -1000
000035 71 Pedestrian -1 -1 -10 532.521343 141.642519 557.153396 205.958603 -1 -1 -1 -1000.000000 -1000.000000 -1000.000000 -10 -1000
000035 157 Pedestrian -1 -1 -10 956.911643 127.542031 1155.017418 391.658104 -1 -1 -1 -1000.000000 -1000.000000 -1000.000000 -10 -1000
000036 2 Pedestrian -1 -1 -10 968.009499 122.390724 1160.276658 392.405493 -1 -1 -1 -1000.000000 -1000.000000 -1000.000000 -10 -1000
000036 28 Pedestrian -1 -1 -10 574.627259 146.855243 666.513633 352.912202 -1 -1 -1 -1000.000000 -1000.000000 -1000.000000 -10 -1000
000036 43 Pedestrian -1 -1 -10 458.495665 131.961752 569.463829 364.864817 -1 -1 -1 -1000.000000 -1000.000000 -1000.000000 -10 -1000
000036 68 Pedestrian -1 -1 -10 661.938294 153.723920 762.216396 356.830549 -1 -1 -1 -1000.000000 -1000.000000 -1000.000000 -10 -1000
000036 71 Pedestrian -1 -1 -10 543.098211 143.370918 568.912738 209.088123 -1 -1 -1 -1000.000000 -1000.000000 -1000.000000 -10 -1000
000037 2 Pedestrian -1 -1 -10 967.885117 135.274649 1160.152275 405.289418 -1 -1 -1 -1000.000000 -1000.000000 -1000.000000 -10 -1000
000037 28 Pedestrian -1 -1 -10 588.885628 143.686916 671.975549 327.150556 -1 -1 -1 -1000.000000 -1000.000000 -1000.000000 -10 -1000
000037 43 Pedestrian -1 -1 -10 476.967950 128.956185 589.972948 369.416932 -1 -1 -1 -1000.000000 -1000.000000 -1000.000000 -10 -1000
000037 68 Pedestrian -1 -1 -10 618.891401 145.864446 717.686719 360.531899 -1 -1 -1 -1000.000000 -1000.000000 -1000.000000 -10 -1000
000037 111 Pedestrian -1 -1 -10 545.699931 144.685379 571.086585 210.387312 -1 -1 -1 -1000.000000 -1000.000000 -1000.000000 -10 -1000
000037 177 Pedestrian -1 -1 -10 991.508179 117.203171 1215.884888 390.149139 -1 -1 -1 -1000.000000 -1000.000000 -1000.000000 -10 -1000
000038 28 Pedestrian -1 -1 -10 598.586495 129.460060 681.676416 312.923700 -1 -1 -1 -1000.000000 -1000.000000 -1000.000000 -10 -1000
000038 43 Pedestrian -1 -1 -10 490.625545 121.671955 604.813687 364.487111 -1 -1 -1 -1000.000000 -1000.000000 -1000.000000 -10 -1000
000038 68 Pedestrian -1 -1 -10 606.538223 143.723853 706.955060 357.855547 -1 -1 -1 -1000.000000 -1000.000000 -1000.000000 -10 -1000
000038 71 Pedestrian -1 -1 -10 588.882416 146.977968 612.611438 209.128976 -1 -1 -1 -1000.000000 -1000.000000 -1000.000000 -10 -1000
000038 111 Pedestrian -1 -1 -10 537.853845 145.936382 563.240498 211.638315 -1 -1 -1 -1000.000000 -1000.000000 -1000.000000 -10 -1000
000038 177 Pedestrian -1 -1 -10 1010.122407 117.181284 1237.146854 388.429711 -1 -1 -1 -1000.000000 -1000.000000 -1000.000000 -10 -1000
000039 2 Pedestrian -1 -1 -10 -17.110350 143.618137 200.813849 414.011050 -1 -1 -1 -1000.000000 -1000.000000 -1000.000000 -10 -1000
000039 43 Pedestrian -1 -1 -10 504.065225 116.363491 620.956312 365.322732 -1 -1 -1 -1000.000000 -1000.000000 -1000.000000 -10 -1000
000039 68 Pedestrian -1 -1 -10 612.908779 151.475098 715.789404 363.760166 -1 -1 -1 -1000.000000 -1000.000000 -1000.000000 -10 -1000
000039 71 Pedestrian -1 -1 -10 593.255705 144.123208 617.057563 206.348441 -1 -1 -1 -1000.000000 -1000.000000 -1000.000000 -10 -1000
000039 177 Pedestrian -1 -1 -10 1042.372588 123.818157 1265.475935 388.515295 -1 -1 -1 -1000.000000 -1000.000000 -1000.000000 -10 -1000
000040 28 Pedestrian -1 -1 -10 624.534936 145.593636 724.527902 354.770736 -1 -1 -1 -1000.000000 -1000.000000 -1000.000000 -10 -1000
000040 43 Pedestrian -1 -1 -10 523.897807 115.093415 640.788895 364.052657 -1 -1 -1 -1000.000000 -1000.000000 -1000.000000 -10 -1000
000040 68 Pedestrian -1 -1 -10 539.873863 141.223983 643.055100 364.802739 -1 -1 -1 -1000.000000 -1000.000000 -1000.000000 -10 -1000
000040 71 Pedestrian -1 -1 -10 588.881124 136.292855 620.698902 214.227000 -1 -1 -1 -1000.000000 -1000.000000 -1000.000000 -10 -1000
000040 111 Pedestrian -1 -1 -10 524.779301 135.749421 550.029083 202.266731 -1 -1 -1 -1000.000000 -1000.000000 -1000.000000 -10 -1000
000040 157 Pedestrian -1 -1 -10 1036.290755 111.858751 1255.191786 365.906067 -1 -1 -1 -1000.000000 -1000.000000 -1000.000000 -10 -1000
000041 28 Pedestrian -1 -1 -10 648.869129 144.635479 750.290001 365.175805 -1 -1 -1 -1000.000000 -1000.000000 -1000.000000 -10 -1000
000041 43 Pedestrian -1 -1 -10 550.430222 120.426486 672.402346 381.869345 -1 -1 -1 -1000.000000 -1000.000000 -1000.000000 -10 -1000
000041 68 Pedestrian -1 -1 -10 492.361126 143.566732 595.542363 367.145488 -1 -1 -1 -1000.000000 -1000.000000 -1000.000000 -10 -1000
000041 71 Pedestrian -1 -1 -10 591.394390 136.039683 623.212168 213.973829 -1 -1 -1 -1000.000000 -1000.000000 -1000.000000 -10 -1000
000041 111 Pedestrian -1 -1 -10 524.653979 136.158907 547.726799 200.498638 -1 -1 -1 -1000.000000 -1000.000000 -1000.000000 -10 -1000
000041 157 Pedestrian -1 -1 -10 1159.753613 67.319425 1378.654644 321.366741 -1 -1 -1 -1000.000000 -1000.000000 -1000.000000 -10 -1000
000041 196 Pedestrian -1 -1 -10 553.397339 143.931839 579.399353 212.929611 -1 -1 -1 -1000.000000 -1000.000000 -1000.000000 -10 -1000
000041 197 Pedestrian -1 -1 -10 1074.229004 136.570007 1306.117432 369.448639 -1 -1 -1 -1000.000000 -1000.000000 -1000.000000 -10 -1000
000041 198 Pedestrian -1 -1 -10 487.515991 143.274551 503.205902 182.983475 -1 -1 -1 -1000.000000 -1000.000000 -1000.000000 -10 -1000
000042 2 Pedestrian -1 -1 -10 9422.816298 65.420892 9649.798104 311.480945 -1 -1 -1 -1000.000000 -1000.000000 -1000.000000 -10 -1000
000042 28 Pedestrian -1 -1 -10 644.400320 140.534538 746.755443 362.680714 -1 -1 -1 -1000.000000 -1000.000000 -1000.000000 -10 -1000
000042 43 Pedestrian -1 -1 -10 550.104490 126.079771 673.012686 384.322728 -1 -1 -1 -1000.000000 -1000.000000 -1000.000000 -10 -1000
000042 111 Pedestrian -1 -1 -10 523.985683 135.943636 546.770040 201.036730 -1 -1 -1 -1000.000000 -1000.000000 -1000.000000 -10 -1000
000042 196 Pedestrian -1 -1 -10 554.633669 143.838266 580.500618 212.927300 -1 -1 -1 -1000.000000 -1000.000000 -1000.000000 -10 -1000
000043 28 Pedestrian -1 -1 -10 677.571812 135.852295 783.182622 361.968582 -1 -1 -1 -1000.000000 -1000.000000 -1000.000000 -10 -1000
000043 43 Pedestrian -1 -1 -10 566.024757 125.869569 679.194102 369.125978 -1 -1 -1 -1000.000000 -1000.000000 -1000.000000 -10 -1000
000043 68 Pedestrian -1 -1 -10 486.699361 155.853378 570.689711 332.981667 -1 -1 -1 -1000.000000 -1000.000000 -1000.000000 -10 -1000
000043 195 Pedestrian -1 -1 -10 526.046669 139.101928 546.647486 200.010280 -1 -1 -1 -1000.000000 -1000.000000 -1000.000000 -10 -1000
000043 196 Pedestrian -1 -1 -10 554.693750 143.885199 580.560699 212.974233 -1 -1 -1 -1000.000000 -1000.000000 -1000.000000 -10 -1000
000044 28 Pedestrian -1 -1 -10 694.111495 142.270560 803.491626 365.498839 -1 -1 -1 -1000.000000 -1000.000000 -1000.000000 -10 -1000
000044 43 Pedestrian -1 -1 -10 606.029473 130.914299 722.933684 372.258361 -1 -1 -1 -1000.000000 -1000.000000 -1000.000000 -10 -1000
000044 68 Pedestrian -1 -1 -10 495.869720 148.242766 593.964273 334.349179 -1 -1 -1 -1000.000000 -1000.000000 -1000.000000 -10 -1000
000044 195 Pedestrian -1 -1 -10 526.270193 139.573417 546.871010 200.481769 -1 -1 -1 -1000.000000 -1000.000000 -1000.000000 -10 -1000
000044 196 Pedestrian -1 -1 -10 552.653875 146.429936 586.040472 228.562181 -1 -1 -1 -1000.000000 -1000.000000 -1000.000000 -10 -1000
000045 28 Pedestrian -1 -1 -10 707.695005 139.654473 823.513180 375.601421 -1 -1 -1 -1000.000000 -1000.000000 -1000.000000 -10 -1000
000045 43 Pedestrian -1 -1 -10 602.995624 125.456103 724.490288 377.332738 -1 -1 -1 -1000.000000 -1000.000000 -1000.000000 -10 -1000
000045 196 Pedestrian -1 -1 -10 557.080354 145.599329 587.037990 218.426399 -1 -1 -1 -1000.000000 -1000.000000 -1000.000000 -10 -1000
000045 205 Pedestrian -1 -1 -10 488.348860 152.594880 580.213295 340.058662 -1 -1 -1 -1000.000000 -1000.000000 -1000.000000 -10 -1000
000045 215 Pedestrian -1 -1 -10 596.211304 138.934753 630.900269 213.829208 -1 -1 -1 -1000.000000 -1000.000000 -1000.000000 -10 -1000
000046 28 Pedestrian -1 -1 -10 719.781000 140.547542 835.412698 376.056863 -1 -1 -1 -1000.000000 -1000.000000 -1000.000000 -10 -1000
000046 43 Pedestrian -1 -1 -10 610.941298 127.682374 738.580523 383.991984 -1 -1 -1 -1000.000000 -1000.000000 -1000.000000 -10 -1000
000046 195 Pedestrian -1 -1 -10 566.267106 148.625361 592.158145 212.510351 -1 -1 -1 -1000.000000 -1000.000000 -1000.000000 -10 -1000
000046 196 Pedestrian -1 -1 -10 528.607087 140.158218 557.534138 214.141204 -1 -1 -1 -1000.000000 -1000.000000 -1000.000000 -10 -1000
000046 205 Pedestrian -1 -1 -10 465.857319 154.408005 552.674130 339.877202 -1 -1 -1 -1000.000000 -1000.000000 -1000.000000 -10 -1000
000046 215 Pedestrian -1 -1 -10 599.835029 141.197571 629.818882 207.798755 -1 -1 -1 -1000.000000 -1000.000000 -1000.000000 -10 -1000
000047 28 Pedestrian -1 -1 -10 740.529257 136.565564 856.477210 372.498666 -1 -1 -1 -1000.000000 -1000.000000 -1000.000000 -10 -1000
000047 43 Pedestrian -1 -1 -10 643.287696 127.250621 769.427001 375.092940 -1 -1 -1 -1000.000000 -1000.000000 -1000.000000 -10 -1000
000047 195 Pedestrian -1 -1 -10 568.035879 146.245719 596.808406 215.930336 -1 -1 -1 -1000.000000 -1000.000000 -1000.000000 -10 -1000
000047 196 Pedestrian -1 -1 -10 522.706280 136.063396 550.490526 209.301932 -1 -1 -1 -1000.000000 -1000.000000 -1000.000000 -10 -1000
000047 205 Pedestrian -1 -1 -10 448.611662 149.010896 540.783339 347.632193 -1 -1 -1 -1000.000000 -1000.000000 -1000.000000 -10 -1000
000047 215 Pedestrian -1 -1 -10 602.448331 141.860911 632.261378 207.985923 -1 -1 -1 -1000.000000 -1000.000000 -1000.000000 -10 -1000
000048 28 Pedestrian -1 -1 -10 726.834307 133.859443 852.801398 373.585605 -1 -1 -1 -1000.000000 -1000.000000 -1000.000000 -10 -1000
000048 43 Pedestrian -1 -1 -10 637.433285 132.641243 768.939360 374.734548 -1 -1 -1 -1000.000000 -1000.000000 -1000.000000 -10 -1000
000048 195 Pedestrian -1 -1 -10 572.014737 145.837535 602.060009 217.989550 -1 -1 -1 -1000.000000 -1000.000000 -1000.000000 -10 -1000
000048 196 Pedestrian -1 -1 -10 522.354846 137.253346 548.614618 201.025680 -1 -1 -1 -1000.000000 -1000.000000 -1000.000000 -10 -1000
000048 205 Pedestrian -1 -1 -10 430.219271 147.844354 525.414253 343.665029 -1 -1 -1 -1000.000000 -1000.000000 -1000.000000 -10 -1000
000048 215 Pedestrian -1 -1 -10 606.212209 143.732076 634.454657 208.125393 -1 -1 -1 -1000.000000 -1000.000000 -1000.000000 -10 -1000
000048 234 Pedestrian -1 -1 -10 494.682098 141.193100 513.313843 182.442993 -1 -1 -1 -1000.000000 -1000.000000 -1000.000000 -10 -1000
000049 28 Pedestrian -1 -1 -10 723.880506 128.228495 857.948838 375.217575 -1 -1 -1 -1000.000000 -1000.000000 -1000.000000 -10 -1000
000049 43 Pedestrian -1 -1 -10 667.710124 139.889422 797.107363 369.869947 -1 -1 -1 -1000.000000 -1000.000000 -1000.000000 -10 -1000
000049 195 Pedestrian -1 -1 -10 573.801018 145.033978 605.214873 218.493074 -1 -1 -1 -1000.000000 -1000.000000 -1000.000000 -10 -1000
000049 196 Pedestrian -1 -1 -10 523.107210 135.246709 551.616835 203.554294 -1 -1 -1 -1000.000000 -1000.000000 -1000.000000 -10 -1000
000049 205 Pedestrian -1 -1 -10 409.358708 148.776972 501.486100 343.755473 -1 -1 -1 -1000.000000 -1000.000000 -1000.000000 -10 -1000
000049 215 Pedestrian -1 -1 -10 608.854038 144.097431 637.087506 205.628166 -1 -1 -1 -1000.000000 -1000.000000 -1000.000000 -10 -1000
000050 28 Pedestrian -1 -1 -10 734.975100 124.785620 880.265815 378.418671 -1 -1 -1 -1000.000000 -1000.000000 -1000.000000 -10 -1000
000050 43 Pedestrian -1 -1 -10 702.162782 140.715565 831.560021 370.696090 -1 -1 -1 -1000.000000 -1000.000000 -1000.000000 -10 -1000
000050 195 Pedestrian -1 -1 -10 574.341540 144.497788 605.117291 217.901207 -1 -1 -1 -1000.000000 -1000.000000 -1000.000000 -10 -1000
000050 196 Pedestrian -1 -1 -10 524.749655 136.003215 552.070202 205.003740 -1 -1 -1 -1000.000000 -1000.000000 -1000.000000 -10 -1000
000050 205 Pedestrian -1 -1 -10 391.319249 145.774712 483.066019 339.353483 -1 -1 -1 -1000.000000 -1000.000000 -1000.000000 -10 -1000
000050 215 Pedestrian -1 -1 -10 611.107696 145.747602 639.139440 207.103277 -1 -1 -1 -1000.000000 -1000.000000 -1000.000000 -10 -1000
000050 246 Pedestrian -1 -1 -10 553.546448 141.703690 581.624268 214.650696 -1 -1 -1 -1000.000000 -1000.000000 -1000.000000 -10 -1000
000050 247 Pedestrian -1 -1 -10 659.298462 118.405922 813.228455 376.129700 -1 -1 -1 -1000.000000 -1000.000000 -1000.000000 -10 -1000
000051 28 Pedestrian -1 -1 -10 806.982036 141.825371 949.056735 386.012084 -1 -1 -1 -1000.000000 -1000.000000 -1000.000000 -10 -1000
000051 195 Pedestrian -1 -1 -10 580.932492 145.574158 612.117067 218.050676 -1 -1 -1 -1000.000000 -1000.000000 -1000.000000 -10 -1000
000051 196 Pedestrian -1 -1 -10 526.174008 138.381652 552.674602 207.311388 -1 -1 -1 -1000.000000 -1000.000000 -1000.000000 -10 -1000
000051 205 Pedestrian -1 -1 -10 374.962554 154.210211 459.135049 342.733560 -1 -1 -1 -1000.000000 -1000.000000 -1000.000000 -10 -1000
000051 215 Pedestrian -1 -1 -10 611.834140 147.223414 640.549642 207.764434 -1 -1 -1 -1000.000000 -1000.000000 -1000.000000 -10 -1000
000051 234 Cyclist -1 -1 -10 490.835956 141.482869 510.988757 185.700515 -1 -1 -1 -1000.000000 -1000.000000 -1000.000000 -10 -1000
000051 246 Pedestrian -1 -1 -10 559.739919 142.357705 588.750146 215.109171 -1 -1 -1 -1000.000000 -1000.000000 -1000.000000 -10 -1000
000051 247 Pedestrian -1 -1 -10 716.309137 119.984061 869.272500 372.805398 -1 -1 -1 -1000.000000 -1000.000000 -1000.000000 -10 -1000
000052 28 Pedestrian -1 -1 -10 688.698911 110.947480 837.171335 362.311591 -1 -1 -1 -1000.000000 -1000.000000 -1000.000000 -10 -1000
000052 43 Pedestrian -1 -1 -10 895.030258 154.152600 1029.424435 385.955213 -1 -1 -1 -1000.000000 -1000.000000 -1000.000000 -10 -1000
000052 195 Pedestrian -1 -1 -10 587.104560 146.087909 617.667227 218.188267 -1 -1 -1 -1000.000000 -1000.000000 -1000.000000 -10 -1000
000052 196 Pedestrian -1 -1 -10 527.321375 139.036074 551.551970 202.864445 -1 -1 -1 -1000.000000 -1000.000000 -1000.000000 -10 -1000
000052 205 Pedestrian -1 -1 -10 360.549460 148.031355 448.416095 338.473399 -1 -1 -1 -1000.000000 -1000.000000 -1000.000000 -10 -1000
000052 215 Pedestrian -1 -1 -10 615.901414 148.198195 643.641596 209.958364 -1 -1 -1 -1000.000000 -1000.000000 -1000.000000 -10 -1000
000052 234 Cyclist -1 -1 -10 488.740408 143.631003 508.444888 186.164412 -1 -1 -1 -1000.000000 -1000.000000 -1000.000000 -10 -1000
000052 246 Pedestrian -1 -1 -10 558.126292 143.218703 585.475374 213.264917 -1 -1 -1 -1000.000000 -1000.000000 -1000.000000 -10 -1000
000052 247 Pedestrian -1 -1 -10 826.204771 105.192138 1004.140247 370.558860 -1 -1 -1 -1000.000000 -1000.000000 -1000.000000 -10 -1000
000053 28 Pedestrian -1 -1 -10 802.811217 117.547778 977.123660 379.724721 -1 -1 -1 -1000.000000 -1000.000000 -1000.000000 -10 -1000
000053 43 Pedestrian -1 -1 -10 898.941156 172.290467 1016.919583 358.841171 -1 -1 -1 -1000.000000 -1000.000000 -1000.000000 -10 -1000
000053 195 Pedestrian -1 -1 -10 588.047674 146.109538 618.714219 221.446605 -1 -1 -1 -1000.000000 -1000.000000 -1000.000000 -10 -1000
000053 196 Pedestrian -1 -1 -10 526.819768 137.669894 552.258292 201.388113 -1 -1 -1 -1000.000000 -1000.000000 -1000.000000 -10 -1000
000053 205 Pedestrian -1 -1 -10 340.989449 148.645241 428.785034 333.859768 -1 -1 -1 -1000.000000 -1000.000000 -1000.000000 -10 -1000
000053 215 Pedestrian -1 -1 -10 617.944129 148.283338 644.834610 212.072409 -1 -1 -1 -1000.000000 -1000.000000 -1000.000000 -10 -1000
000053 234 Cyclist -1 -1 -10 482.802496 143.391388 506.124608 186.401544 -1 -1 -1 -1000.000000 -1000.000000 -1000.000000 -10 -1000
000053 246 Pedestrian -1 -1 -10 556.919329 142.129271 584.388682 213.833997 -1 -1 -1 -1000.000000 -1000.000000 -1000.000000 -10 -1000
000053 247 Pedestrian -1 -1 -10 1183.854434 81.032528 1361.789910 346.399250 -1 -1 -1 -1000.000000 -1000.000000 -1000.000000 -10 -1000
000054 28 Pedestrian -1 -1 -10 945.554201 126.246035 1119.866643 388.422978 -1 -1 -1 -1000.000000 -1000.000000 -1000.000000 -10 -1000
000054 43 Pedestrian -1 -1 -10 930.086515 172.345626 1048.064941 358.896330 -1 -1 -1 -1000.000000 -1000.000000 -1000.000000 -10 -1000
000054 195 Pedestrian -1 -1 -10 586.853865 146.895944 619.664943 223.648490 -1 -1 -1 -1000.000000 -1000.000000 -1000.000000 -10 -1000
000054 196 Pedestrian -1 -1 -10 527.368893 139.473664 553.736232 205.587904 -1 -1 -1 -1000.000000 -1000.000000 -1000.000000 -10 -1000
000054 205 Pedestrian -1 -1 -10 328.512051 148.915564 409.810156 328.006378 -1 -1 -1 -1000.000000 -1000.000000 -1000.000000 -10 -1000
000054 215 Pedestrian -1 -1 -10 620.484196 146.495662 647.813328 213.456921 -1 -1 -1 -1000.000000 -1000.000000 -1000.000000 -10 -1000
000054 234 Cyclist -1 -1 -10 469.938259 141.761578 499.982346 188.333453 -1 -1 -1 -1000.000000 -1000.000000 -1000.000000 -10 -1000
000054 246 Pedestrian -1 -1 -10 557.134262 142.623892 583.787602 213.342982 -1 -1 -1 -1000.000000 -1000.000000 -1000.000000 -10 -1000
000054 272 Pedestrian -1 -1 -10 795.239075 108.486946 1007.762878 381.182648 -1 -1 -1 -1000.000000 -1000.000000 -1000.000000 -10 -1000
000055 195 Pedestrian -1 -1 -10 586.839237 146.645525 620.204368 222.949190 -1 -1 -1 -1000.000000 -1000.000000 -1000.000000 -10 -1000
000055 196 Pedestrian -1 -1 -10 527.710721 140.551891 554.410666 208.104921 -1 -1 -1 -1000.000000 -1000.000000 -1000.000000 -10 -1000
000055 205 Pedestrian -1 -1 -10 313.023638 148.344579 391.843216 323.667381 -1 -1 -1 -1000.000000 -1000.000000 -1000.000000 -10 -1000
000055 215 Pedestrian -1 -1 -10 621.259429 145.901488 648.490022 214.321224 -1 -1 -1 -1000.000000 -1000.000000 -1000.000000 -10 -1000
000055 234 Cyclist -1 -1 -10 462.434998 141.489880 495.754456 188.475639 -1 -1 -1 -1000.000000 -1000.000000 -1000.000000 -10 -1000
000055 246 Pedestrian -1 -1 -10 558.311932 142.329837 585.401064 213.833171 -1 -1 -1 -1000.000000 -1000.000000 -1000.000000 -10 -1000
000055 272 Pedestrian -1 -1 -10 828.425160 114.602535 1027.107888 381.977749 -1 -1 -1 -1000.000000 -1000.000000 -1000.000000 -10 -1000
000056 195 Pedestrian -1 -1 -10 589.825078 146.158957 622.930089 221.248967 -1 -1 -1 -1000.000000 -1000.000000 -1000.000000 -10 -1000
000056 196 Pedestrian -1 -1 -10 528.086933 139.750328 555.324411 208.561933 -1 -1 -1 -1000.000000 -1000.000000 -1000.000000 -10 -1000
000056 205 Pedestrian -1 -1 -10 298.415274 149.456579 378.131966 327.860304 -1 -1 -1 -1000.000000 -1000.000000 -1000.000000 -10 -1000
000056 215 Pedestrian -1 -1 -10 621.314932 144.831953 648.501663 215.754471 -1 -1 -1 -1000.000000 -1000.000000 -1000.000000 -10 -1000
000056 234 Cyclist -1 -1 -10 458.760790 141.340468 494.800685 189.309959 -1 -1 -1 -1000.000000 -1000.000000 -1000.000000 -10 -1000
000056 246 Pedestrian -1 -1 -10 559.038409 141.494813 586.657912 213.625723 -1 -1 -1 -1000.000000 -1000.000000 -1000.000000 -10 -1000
000056 272 Pedestrian -1 -1 -10 844.638610 108.882269 1045.858893 371.991195 -1 -1 -1 -1000.000000 -1000.000000 -1000.000000 -10 -1000
000056 290 Pedestrian -1 -1 -10 748.416016 101.271553 987.296204 377.436981 -1 -1 -1 -1000.000000 -1000.000000 -1000.000000 -10 -1000
000057 28 Pedestrian -1 -1 -10 -6418.817415 -407.424714 -6203.346841 -136.330936 -1 -1 -1 -1000.000000 -1000.000000 -1000.000000 -10 -1000
000057 195 Pedestrian -1 -1 -10 596.269628 147.213860 629.381582 222.319926 -1 -1 -1 -1000.000000 -1000.000000 -1000.000000 -10 -1000
000057 196 Pedestrian -1 -1 -10 530.410850 140.088386 557.721604 208.232219 -1 -1 -1 -1000.000000 -1000.000000 -1000.000000 -10 -1000
000057 205 Pedestrian -1 -1 -10 279.985943 150.305664 356.162095 325.074777 -1 -1 -1 -1000.000000 -1000.000000 -1000.000000 -10 -1000
000057 215 Pedestrian -1 -1 -10 625.714763 144.914656 652.511372 209.052547 -1 -1 -1 -1000.000000 -1000.000000 -1000.000000 -10 -1000
000057 234 Cyclist -1 -1 -10 457.110452 141.614985 491.890984 187.608691 -1 -1 -1 -1000.000000 -1000.000000 -1000.000000 -10 -1000
000057 246 Pedestrian -1 -1 -10 561.152320 142.236920 588.339876 212.916426 -1 -1 -1 -1000.000000 -1000.000000 -1000.000000 -10 -1000
000057 272 Pedestrian -1 -1 -10 856.161649 111.167539 1067.783176 374.470288 -1 -1 -1 -1000.000000 -1000.000000 -1000.000000 -10 -1000
000057 298 Pedestrian -1 -1 -10 779.081177 123.416405 1008.111816 386.807159 -1 -1 -1 -1000.000000 -1000.000000 -1000.000000 -10 -1000
000058 195 Pedestrian -1 -1 -10 600.327260 146.288491 633.857002 223.764056 -1 -1 -1 -1000.000000 -1000.000000 -1000.000000 -10 -1000
000058 196 Pedestrian -1 -1 -10 533.089107 140.270362 560.423293 209.549742 -1 -1 -1 -1000.000000 -1000.000000 -1000.000000 -10 -1000
000058 205 Pedestrian -1 -1 -10 266.420226 145.818310 341.169724 321.316660 -1 -1 -1 -1000.000000 -1000.000000 -1000.000000 -10 -1000
000058 234 Cyclist -1 -1 -10 455.620498 141.314291 489.189103 186.123950 -1 -1 -1 -1000.000000 -1000.000000 -1000.000000 -10 -1000
000058 246 Pedestrian -1 -1 -10 564.526652 143.072723 592.296211 213.544166 -1 -1 -1 -1000.000000 -1000.000000 -1000.000000 -10 -1000
000058 272 Pedestrian -1 -1 -10 883.779373 111.599524 1099.685713 376.979404 -1 -1 -1 -1000.000000 -1000.000000 -1000.000000 -10 -1000
000058 298 Pedestrian -1 -1 -10 802.293607 122.519379 1031.324247 385.910134 -1 -1 -1 -1000.000000 -1000.000000 -1000.000000 -10 -1000
000059 195 Pedestrian -1 -1 -10 605.838029 143.588078 642.332064 227.047392 -1 -1 -1 -1000.000000 -1000.000000 -1000.000000 -10 -1000
000059 196 Pedestrian -1 -1 -10 534.500532 137.656147 563.942267 211.728819 -1 -1 -1 -1000.000000 -1000.000000 -1000.000000 -10 -1000
000059 205 Pedestrian -1 -1 -10 249.167529 148.578539 322.262868 320.408008 -1 -1 -1 -1000.000000 -1000.000000 -1000.000000 -10 -1000
000059 234 Cyclist -1 -1 -10 455.587164 141.320157 488.355780 185.814394 -1 -1 -1 -1000.000000 -1000.000000 -1000.000000 -10 -1000
000059 246 Pedestrian -1 -1 -10 565.941613 142.577329 596.265490 216.674187 -1 -1 -1 -1000.000000 -1000.000000 -1000.000000 -10 -1000
000059 294 Pedestrian -1 -1 -10 888.268866 104.934508 1135.109957 378.887920 -1 -1 -1 -1000.000000 -1000.000000 -1000.000000 -10 -1000
000059 313 Cyclist -1 -1 -10 389.712891 136.637695 434.363495 194.811691 -1 -1 -1 -1000.000000 -1000.000000 -1000.000000 -10 -1000
000060 195 Pedestrian -1 -1 -10 612.345889 143.962583 648.737971 226.633408 -1 -1 -1 -1000.000000 -1000.000000 -1000.000000 -10 -1000
000060 196 Pedestrian -1 -1 -10 538.053004 137.136140 567.178200 211.023184 -1 -1 -1 -1000.000000 -1000.000000 -1000.000000 -10 -1000
000060 205 Pedestrian -1 -1 -10 247.574707 151.205392 314.611274 312.322089 -1 -1 -1 -1000.000000 -1000.000000 -1000.000000 -10 -1000
000060 234 Cyclist -1 -1 -10 453.416373 141.142383 487.918437 186.181841 -1 -1 -1 -1000.000000 -1000.000000 -1000.000000 -10 -1000
000060 246 Pedestrian -1 -1 -10 568.203088 143.321296 600.089519 219.439968 -1 -1 -1 -1000.000000 -1000.000000 -1000.000000 -10 -1000
000060 294 Pedestrian -1 -1 -10 948.309882 72.327639 1195.150973 346.281051 -1 -1 -1 -1000.000000 -1000.000000 -1000.000000 -10 -1000
000060 313 Cyclist -1 -1 -10 387.046145 139.889973 430.051597 194.735337 -1 -1 -1 -1000.000000 -1000.000000 -1000.000000 -10 -1000
000060 314 Pedestrian -1 -1 -10 913.225403 106.707077 1196.198364 374.694794 -1 -1 -1 -1000.000000 -1000.000000 -1000.000000 -10 -1000
000061 195 Pedestrian -1 -1 -10 614.005680 145.951679 652.645248 232.306196 -1 -1 -1 -1000.000000 -1000.000000 -1000.000000 -10 -1000
000061 196 Pedestrian -1 -1 -10 541.900348 138.096583 571.462309 212.264033 -1 -1 -1 -1000.000000 -1000.000000 -1000.000000 -10 -1000
000061 205 Pedestrian -1 -1 -10 242.674614 148.713079 309.711180 309.829777 -1 -1 -1 -1000.000000 -1000.000000 -1000.000000 -10 -1000
000061 234 Cyclist -1 -1 -10 452.138612 140.144922 486.629398 187.661098 -1 -1 -1 -1000.000000 -1000.000000 -1000.000000 -10 -1000
000061 246 Pedestrian -1 -1 -10 570.913414 142.216930 603.853687 219.831884 -1 -1 -1 -1000.000000 -1000.000000 -1000.000000 -10 -1000
000061 313 Pedestrian -1 -1 -10 386.956066 140.036944 429.961518 194.882307 -1 -1 -1 -1000.000000 -1000.000000 -1000.000000 -10 -1000
000061 314 Pedestrian -1 -1 -10 912.317545 106.815938 1195.290507 374.803654 -1 -1 -1 -1000.000000 -1000.000000 -1000.000000 -10 -1000
000061 322 Pedestrian -1 -1 -10 941.132080 100.909958 1235.227905 368.904999 -1 -1 -1 -1000.000000 -1000.000000 -1000.000000 -10 -1000
000062 195 Pedestrian -1 -1 -10 615.290630 146.304944 655.644995 235.357524 -1 -1 -1 -1000.000000 -1000.000000 -1000.000000 -10 -1000
000062 196 Pedestrian -1 -1 -10 544.649398 139.312905 574.204426 214.002267 -1 -1 -1 -1000.000000 -1000.000000 -1000.000000 -10 -1000
000062 234 Cyclist -1 -1 -10 446.001248 144.123581 482.551870 188.142533 -1 -1 -1 -1000.000000 -1000.000000 -1000.000000 -10 -1000
000062 246 Pedestrian -1 -1 -10 573.913699 140.818596 607.464421 219.751763 -1 -1 -1 -1000.000000 -1000.000000 -1000.000000 -10 -1000
000062 314 Pedestrian -1 -1 -10 835.714116 62.197091 1100.263738 323.974063 -1 -1 -1 -1000.000000 -1000.000000 -1000.000000 -10 -1000
000062 322 Pedestrian -1 -1 -10 935.200324 101.438723 1229.296149 369.433763 -1 -1 -1 -1000.000000 -1000.000000 -1000.000000 -10 -1000
000063 195 Pedestrian -1 -1 -10 617.954965 144.960839 658.490092 236.766596 -1 -1 -1 -1000.000000 -1000.000000 -1000.000000 -10 -1000
000063 196 Pedestrian -1 -1 -10 545.265319 138.204934 574.931382 213.328826 -1 -1 -1 -1000.000000 -1000.000000 -1000.000000 -10 -1000
000063 234 Cyclist -1 -1 -10 441.848544 144.566465 478.533834 189.384811 -1 -1 -1 -1000.000000 -1000.000000 -1000.000000 -10 -1000
000063 246 Pedestrian -1 -1 -10 574.399154 140.785793 608.320246 220.574191 -1 -1 -1 -1000.000000 -1000.000000 -1000.000000 -10 -1000
000063 329 Pedestrian -1 -1 -10 966.530728 102.954307 1223.466209 364.307826 -1 -1 -1 -1000.000000 -1000.000000 -1000.000000 -10 -1000
000064 195 Pedestrian -1 -1 -10 625.917905 143.779779 667.123403 237.831137 -1 -1 -1 -1000.000000 -1000.000000 -1000.000000 -10 -1000
000064 196 Pedestrian -1 -1 -10 544.223448 137.498936 574.481428 211.949443 -1 -1 -1 -1000.000000 -1000.000000 -1000.000000 -10 -1000
000064 234 Cyclist -1 -1 -10 440.459518 144.016846 475.323455 187.855567 -1 -1 -1 -1000.000000 -1000.000000 -1000.000000 -10 -1000
000064 246 Pedestrian -1 -1 -10 574.244410 140.683772 609.112140 220.688098 -1 -1 -1 -1000.000000 -1000.000000 -1000.000000 -10 -1000
000064 329 Pedestrian -1 -1 -10 979.593787 89.179161 1238.425498 359.381192 -1 -1 -1 -1000.000000 -1000.000000 -1000.000000 -10 -1000
000065 195 Pedestrian -1 -1 -10 628.035298 146.013073 670.970010 241.766298 -1 -1 -1 -1000.000000 -1000.000000 -1000.000000 -10 -1000
000065 196 Pedestrian -1 -1 -10 544.638622 135.934580 575.324302 211.527525 -1 -1 -1 -1000.000000 -1000.000000 -1000.000000 -10 -1000
000065 234 Cyclist -1 -1 -10 437.431616 144.531571 471.894718 186.090498 -1 -1 -1 -1000.000000 -1000.000000 -1000.000000 -10 -1000
000065 246 Pedestrian -1 -1 -10 574.119202 141.310813 610.252991 222.864937 -1 -1 -1 -1000.000000 -1000.000000 -1000.000000 -10 -1000
000065 329 Pedestrian -1 -1 -10 1023.251536 85.184341 1275.871477 361.995468 -1 -1 -1 -1000.000000 -1000.000000 -1000.000000 -10 -1000
000066 195 Pedestrian -1 -1 -10 631.706429 149.190718 676.263250 246.508941 -1 -1 -1 -1000.000000 -1000.000000 -1000.000000 -10 -1000
000066 196 Pedestrian -1 -1 -10 547.148897 134.165707 577.170889 210.067812 -1 -1 -1 -1000.000000 -1000.000000 -1000.000000 -10 -1000
000066 234 Cyclist -1 -1 -10 434.472617 143.917063 468.036374 188.004434 -1 -1 -1 -1000.000000 -1000.000000 -1000.000000 -10 -1000
000066 246 Pedestrian -1 -1 -10 576.725130 142.662556 613.414773 222.343104 -1 -1 -1 -1000.000000 -1000.000000 -1000.000000 -10 -1000
000066 329 Pedestrian -1 -1 -10 1058.520446 85.933322 1311.140387 362.744448 -1 -1 -1 -1000.000000 -1000.000000 -1000.000000 -10 -1000
000066 349 Pedestrian -1 -1 -10 1109.262573 93.499481 1301.668945 329.115356 -1 -1 -1 -1000.000000 -1000.000000 -1000.000000 -10 -1000
000067 195 Pedestrian -1 -1 -10 634.126311 148.820746 678.912081 247.629356 -1 -1 -1 -1000.000000 -1000.000000 -1000.000000 -10 -1000
000067 196 Pedestrian -1 -1 -10 546.992518 136.249649 577.604149 209.639668 -1 -1 -1 -1000.000000 -1000.000000 -1000.000000 -10 -1000
000067 234 Cyclist -1 -1 -10 426.065228 143.380542 461.772454 196.203041 -1 -1 -1 -1000.000000 -1000.000000 -1000.000000 -10 -1000
000067 246 Pedestrian -1 -1 -10 577.783957 144.224448 614.971960 223.941007 -1 -1 -1 -1000.000000 -1000.000000 -1000.000000 -10 -1000
000068 195 Pedestrian -1 -1 -10 640.746038 143.979713 685.911878 249.546613 -1 -1 -1 -1000.000000 -1000.000000 -1000.000000 -10 -1000
000068 196 Pedestrian -1 -1 -10 549.025176 135.891057 581.409428 213.946739 -1 -1 -1 -1000.000000 -1000.000000 -1000.000000 -10 -1000
000068 234 Cyclist -1 -1 -10 422.392107 142.579829 457.911229 196.238744 -1 -1 -1 -1000.000000 -1000.000000 -1000.000000 -10 -1000
000068 246 Pedestrian -1 -1 -10 580.569850 139.837538 618.675362 224.288427 -1 -1 -1 -1000.000000 -1000.000000 -1000.000000 -10 -1000
000069 195 Pedestrian -1 -1 -10 644.611001 142.546096 688.495652 246.923468 -1 -1 -1 -1000.000000 -1000.000000 -1000.000000 -10 -1000
000069 196 Pedestrian -1 -1 -10 547.625908 133.771845 581.832761 216.953503 -1 -1 -1 -1000.000000 -1000.000000 -1000.000000 -10 -1000
000069 234 Cyclist -1 -1 -10 422.442725 143.429671 457.080407 200.400341 -1 -1 -1 -1000.000000 -1000.000000 -1000.000000 -10 -1000
000069 246 Pedestrian -1 -1 -10 581.933122 136.839163 620.071559 223.028634 -1 -1 -1 -1000.000000 -1000.000000 -1000.000000 -10 -1000
000070 195 Pedestrian -1 -1 -10 647.455903 142.970043 691.823897 247.220177 -1 -1 -1 -1000.000000 -1000.000000 -1000.000000 -10 -1000
000070 196 Pedestrian -1 -1 -10 548.642593 132.764680 582.622984 218.575616 -1 -1 -1 -1000.000000 -1000.000000 -1000.000000 -10 -1000
000070 234 Cyclist -1 -1 -10 422.866315 141.695813 455.736743 200.017568 -1 -1 -1 -1000.000000 -1000.000000 -1000.000000 -10 -1000
000070 246 Pedestrian -1 -1 -10 584.375847 138.597675 621.026826 224.026140 -1 -1 -1 -1000.000000 -1000.000000 -1000.000000 -10 -1000
000071 195 Pedestrian -1 -1 -10 653.175187 144.440087 698.171084 245.584250 -1 -1 -1 -1000.000000 -1000.000000 -1000.000000 -10 -1000
000071 196 Pedestrian -1 -1 -10 549.905716 132.227520 582.673817 218.283596 -1 -1 -1 -1000.000000 -1000.000000 -1000.000000 -10 -1000
000071 234 Cyclist -1 -1 -10 422.292604 140.991373 455.086492 199.795255 -1 -1 -1 -1000.000000 -1000.000000 -1000.000000 -10 -1000
000071 246 Pedestrian -1 -1 -10 585.607674 142.164070 621.910802 226.034188 -1 -1 -1 -1000.000000 -1000.000000 -1000.000000 -10 -1000
000072 195 Pedestrian -1 -1 -10 657.454215 147.181738 701.270428 244.602745 -1 -1 -1 -1000.000000 -1000.000000 -1000.000000 -10 -1000
000072 196 Pedestrian -1 -1 -10 551.202664 133.085465 584.392164 222.676833 -1 -1 -1 -1000.000000 -1000.000000 -1000.000000 -10 -1000
000072 234 Cyclist -1 -1 -10 422.833226 138.827682 451.178808 194.169817 -1 -1 -1 -1000.000000 -1000.000000 -1000.000000 -10 -1000
000072 246 Pedestrian -1 -1 -10 588.278966 143.564760 624.379264 225.782267 -1 -1 -1 -1000.000000 -1000.000000 -1000.000000 -10 -1000
000073 195 Pedestrian -1 -1 -10 672.278641 147.964518 716.696383 253.158448 -1 -1 -1 -1000.000000 -1000.000000 -1000.000000 -10 -1000
000073 196 Pedestrian -1 -1 -10 553.110677 134.210221 585.348846 223.421547 -1 -1 -1 -1000.000000 -1000.000000 -1000.000000 -10 -1000
000073 234 Pedestrian -1 -1 -10 421.675591 136.046448 450.021173 191.388583 -1 -1 -1 -1000.000000 -1000.000000 -1000.000000 -10 -1000
000073 246 Pedestrian -1 -1 -10 592.595178 141.706486 627.788217 223.178877 -1 -1 -1 -1000.000000 -1000.000000 -1000.000000 -10 -1000
000073 377 Pedestrian -1 -1 -10 652.151001 146.804688 680.768372 220.042480 -1 -1 -1 -1000.000000 -1000.000000 -1000.000000 -10 -1000
000074 195 Pedestrian -1 -1 -10 679.571260 146.910305 723.235242 253.079416 -1 -1 -1 -1000.000000 -1000.000000 -1000.000000 -10 -1000
000074 196 Pedestrian -1 -1 -10 552.101428 134.045178 585.465808 223.620693 -1 -1 -1 -1000.000000 -1000.000000 -1000.000000 -10 -1000
000074 234 Cyclist -1 -1 -10 424.661049 138.528627 453.526033 198.560528 -1 -1 -1 -1000.000000 -1000.000000 -1000.000000 -10 -1000
000074 246 Pedestrian -1 -1 -10 597.531607 141.719164 632.640297 223.115720 -1 -1 -1 -1000.000000 -1000.000000 -1000.000000 -10 -1000
000074 377 Pedestrian -1 -1 -10 652.187867 146.837077 682.766097 219.633203 -1 -1 -1 -1000.000000 -1000.000000 -1000.000000 -10 -1000
000075 195 Pedestrian -1 -1 -10 680.329793 147.533996 726.294658 255.562078 -1 -1 -1 -1000.000000 -1000.000000 -1000.000000 -10 -1000
000075 196 Pedestrian -1 -1 -10 551.158670 132.941600 586.761370 227.387174 -1 -1 -1 -1000.000000 -1000.000000 -1000.000000 -10 -1000
000075 234 Pedestrian -1 -1 -10 425.532058 139.542341 454.397042 199.574242 -1 -1 -1 -1000.000000 -1000.000000 -1000.000000 -10 -1000
000075 246 Pedestrian -1 -1 -10 602.889376 143.126748 637.398753 224.443086 -1 -1 -1 -1000.000000 -1000.000000 -1000.000000 -10 -1000
000075 377 Pedestrian -1 -1 -10 652.285351 148.505455 682.686982 217.669610 -1 -1 -1 -1000.000000 -1000.000000 -1000.000000 -10 -1000
000076 195 Pedestrian -1 -1 -10 687.054344 151.052150 734.861640 259.781247 -1 -1 -1 -1000.000000 -1000.000000 -1000.000000 -10 -1000
000076 196 Pedestrian -1 -1 -10 551.248791 130.872778 588.678360 229.374849 -1 -1 -1 -1000.000000 -1000.000000 -1000.000000 -10 -1000
000076 246 Pedestrian -1 -1 -10 607.802951 143.937654 641.800289 223.768946 -1 -1 -1 -1000.000000 -1000.000000 -1000.000000 -10 -1000
000076 377 Pedestrian -1 -1 -10 659.944158 149.497716 690.211076 215.850808 -1 -1 -1 -1000.000000 -1000.000000 -1000.000000 -10 -1000
000077 195 Pedestrian -1 -1 -10 694.038794 151.805246 745.933475 264.921493 -1 -1 -1 -1000.000000 -1000.000000 -1000.000000 -10 -1000
000077 196 Pedestrian -1 -1 -10 550.264119 129.851683 590.143902 232.657741 -1 -1 -1 -1000.000000 -1000.000000 -1000.000000 -10 -1000
000077 246 Pedestrian -1 -1 -10 611.482664 142.805812 647.420815 226.693682 -1 -1 -1 -1000.000000 -1000.000000 -1000.000000 -10 -1000
000077 381 Pedestrian -1 -1 -10 665.689032 148.539017 699.629875 219.665844 -1 -1 -1 -1000.000000 -1000.000000 -1000.000000 -10 -1000
000078 195 Pedestrian -1 -1 -10 701.973574 148.425556 754.869719 269.582216 -1 -1 -1 -1000.000000 -1000.000000 -1000.000000 -10 -1000
000078 196 Pedestrian -1 -1 -10 550.228747 131.308171 591.772264 234.627546 -1 -1 -1 -1000.000000 -1000.000000 -1000.000000 -10 -1000
000078 246 Pedestrian -1 -1 -10 610.995764 139.077531 650.036058 230.117446 -1 -1 -1 -1000.000000 -1000.000000 -1000.000000 -10 -1000
000078 381 Pedestrian -1 -1 -10 668.548896 149.515481 704.770594 225.561241 -1 -1 -1 -1000.000000 -1000.000000 -1000.000000 -10 -1000
000079 195 Pedestrian -1 -1 -10 706.149206 145.575664 757.621570 267.824337 -1 -1 -1 -1000.000000 -1000.000000 -1000.000000 -10 -1000
000079 196 Pedestrian -1 -1 -10 550.623499 132.367171 593.106703 236.914873 -1 -1 -1 -1000.000000 -1000.000000 -1000.000000 -10 -1000
000079 246 Pedestrian -1 -1 -10 611.293024 136.606505 651.474488 232.757262 -1 -1 -1 -1000.000000 -1000.000000 -1000.000000 -10 -1000
000079 381 Pedestrian -1 -1 -10 669.488231 147.918998 705.679145 227.245635 -1 -1 -1 -1000.000000 -1000.000000 -1000.000000 -10 -1000
000080 195 Pedestrian -1 -1 -10 711.157257 149.390416 764.535090 273.723436 -1 -1 -1 -1000.000000 -1000.000000 -1000.000000 -10 -1000
000080 196 Pedestrian -1 -1 -10 551.553690 132.396252 593.491679 234.787387 -1 -1 -1 -1000.000000 -1000.000000 -1000.000000 -10 -1000
000080 246 Pedestrian -1 -1 -10 613.902673 137.024131 652.686382 232.503139 -1 -1 -1 -1000.000000 -1000.000000 -1000.000000 -10 -1000
000080 381 Pedestrian -1 -1 -10 672.830452 149.009291 707.911413 228.542304 -1 -1 -1 -1000.000000 -1000.000000 -1000.000000 -10 -1000
000081 195 Pedestrian -1 -1 -10 717.545242 151.682888 775.064595 277.698417 -1 -1 -1 -1000.000000 -1000.000000 -1000.000000 -10 -1000
000081 196 Pedestrian -1 -1 -10 553.796417 135.652003 594.451353 233.285245 -1 -1 -1 -1000.000000 -1000.000000 -1000.000000 -10 -1000
000081 246 Pedestrian -1 -1 -10 615.861161 140.740370 653.300530 231.848649 -1 -1 -1 -1000.000000 -1000.000000 -1000.000000 -10 -1000
000081 381 Pedestrian -1 -1 -10 675.808160 148.928548 712.708448 231.924558 -1 -1 -1 -1000.000000 -1000.000000 -1000.000000 -10 -1000
000082 195 Pedestrian -1 -1 -10 726.350500 151.057851 786.176267 280.498258 -1 -1 -1 -1000.000000 -1000.000000 -1000.000000 -10 -1000
000082 196 Pedestrian -1 -1 -10 555.427211 135.137940 594.924783 232.216890 -1 -1 -1 -1000.000000 -1000.000000 -1000.000000 -10 -1000
000082 246 Pedestrian -1 -1 -10 617.209995 143.187924 652.246923 231.075345 -1 -1 -1 -1000.000000 -1000.000000 -1000.000000 -10 -1000
000082 381 Pedestrian -1 -1 -10 677.894818 144.924338 714.658449 229.948564 -1 -1 -1 -1000.000000 -1000.000000 -1000.000000 -10 -1000
000083 195 Pedestrian -1 -1 -10 733.546504 150.038431 793.539843 284.650321 -1 -1 -1 -1000.000000 -1000.000000 -1000.000000 -10 -1000
000083 196 Pedestrian -1 -1 -10 557.694667 135.586063 597.817257 232.854058 -1 -1 -1 -1000.000000 -1000.000000 -1000.000000 -10 -1000
000083 246 Pedestrian -1 -1 -10 621.226441 143.493894 656.718040 226.723639 -1 -1 -1 -1000.000000 -1000.000000 -1000.000000 -10 -1000
000083 381 Pedestrian -1 -1 -10 679.776342 143.700438 715.714461 226.511384 -1 -1 -1 -1000.000000 -1000.000000 -1000.000000 -10 -1000
000084 195 Pedestrian -1 -1 -10 738.522352 150.970363 798.985807 289.358992 -1 -1 -1 -1000.000000 -1000.000000 -1000.000000 -10 -1000
000084 196 Pedestrian -1 -1 -10 560.705445 136.268498 601.018367 235.199466 -1 -1 -1 -1000.000000 -1000.000000 -1000.000000 -10 -1000
000084 246 Pedestrian -1 -1 -10 623.915516 144.571677 659.504159 226.446290 -1 -1 -1 -1000.000000 -1000.000000 -1000.000000 -10 -1000
000084 381 Pedestrian -1 -1 -10 681.654764 146.127371 716.872185 226.949356 -1 -1 -1 -1000.000000 -1000.000000 -1000.000000 -10 -1000
000085 195 Pedestrian -1 -1 -10 744.199963 152.228099 808.801550 293.501486 -1 -1 -1 -1000.000000 -1000.000000 -1000.000000 -10 -1000
000085 196 Pedestrian -1 -1 -10 563.748555 136.712188 604.640891 237.156068 -1 -1 -1 -1000.000000 -1000.000000 -1000.000000 -10 -1000
000085 246 Pedestrian -1 -1 -10 627.066357 146.042066 663.494908 228.987930 -1 -1 -1 -1000.000000 -1000.000000 -1000.000000 -10 -1000
000085 381 Pedestrian -1 -1 -10 682.799582 148.078171 717.838668 225.857480 -1 -1 -1 -1000.000000 -1000.000000 -1000.000000 -10 -1000
000086 195 Pedestrian -1 -1 -10 757.374086 154.935613 820.802701 294.981767 -1 -1 -1 -1000.000000 -1000.000000 -1000.000000 -10 -1000
000086 196 Pedestrian -1 -1 -10 566.094546 136.754853 607.670076 238.975042 -1 -1 -1 -1000.000000 -1000.000000 -1000.000000 -10 -1000
000086 246 Pedestrian -1 -1 -10 626.969395 145.732954 664.621007 230.860048 -1 -1 -1 -1000.000000 -1000.000000 -1000.000000 -10 -1000
000086 381 Pedestrian -1 -1 -10 684.841016 147.554163 720.713929 225.272242 -1 -1 -1 -1000.000000 -1000.000000 -1000.000000 -10 -1000
000087 195 Pedestrian -1 -1 -10 764.675411 152.988298 826.895053 295.317122 -1 -1 -1 -1000.000000 -1000.000000 -1000.000000 -10 -1000
000087 196 Pedestrian -1 -1 -10 570.186733 134.591263 612.156206 237.200895 -1 -1 -1 -1000.000000 -1000.000000 -1000.000000 -10 -1000
000087 246 Pedestrian -1 -1 -10 630.733754 146.450609 668.399335 232.572674 -1 -1 -1 -1000.000000 -1000.000000 -1000.000000 -10 -1000
000087 381 Pedestrian -1 -1 -10 688.858284 148.043253 727.446902 228.856757 -1 -1 -1 -1000.000000 -1000.000000 -1000.000000 -10 -1000
000088 195 Pedestrian -1 -1 -10 769.981124 155.899711 834.058799 299.920836 -1 -1 -1 -1000.000000 -1000.000000 -1000.000000 -10 -1000
000088 196 Pedestrian -1 -1 -10 570.695809 135.032702 615.991985 243.037297 -1 -1 -1 -1000.000000 -1000.000000 -1000.000000 -10 -1000
000088 246 Pedestrian -1 -1 -10 634.829316 146.074465 674.160258 235.375133 -1 -1 -1 -1000.000000 -1000.000000 -1000.000000 -10 -1000
000088 381 Pedestrian -1 -1 -10 694.556926 149.721026 734.005429 230.430606 -1 -1 -1 -1000.000000 -1000.000000 -1000.000000 -10 -1000
000089 195 Pedestrian -1 -1 -10 780.775393 155.811614 846.933884 302.041568 -1 -1 -1 -1000.000000 -1000.000000 -1000.000000 -10 -1000
000089 196 Pedestrian -1 -1 -10 572.582807 137.221488 617.616424 245.683363 -1 -1 -1 -1000.000000 -1000.000000 -1000.000000 -10 -1000
000089 246 Pedestrian -1 -1 -10 636.928476 147.016913 676.853755 238.917134 -1 -1 -1 -1000.000000 -1000.000000 -1000.000000 -10 -1000
000089 381 Pedestrian -1 -1 -10 701.730179 152.934643 740.416355 232.588556 -1 -1 -1 -1000.000000 -1000.000000 -1000.000000 -10 -1000
000090 195 Pedestrian -1 -1 -10 790.502917 157.430269 860.826590 309.097375 -1 -1 -1 -1000.000000 -1000.000000 -1000.000000 -10 -1000
000090 196 Pedestrian -1 -1 -10 576.809466 135.498278 622.178196 247.603517 -1 -1 -1 -1000.000000 -1000.000000 -1000.000000 -10 -1000
000090 246 Pedestrian -1 -1 -10 638.349879 147.911347 678.235263 239.399140 -1 -1 -1 -1000.000000 -1000.000000 -1000.000000 -10 -1000
000090 381 Pedestrian -1 -1 -10 705.144164 153.637872 744.340033 234.746668 -1 -1 -1 -1000.000000 -1000.000000 -1000.000000 -10 -1000
000091 195 Pedestrian -1 -1 -10 792.755896 159.626933 871.981944 317.233384 -1 -1 -1 -1000.000000 -1000.000000 -1000.000000 -10 -1000
000091 196 Pedestrian -1 -1 -10 579.877866 134.135969 625.555170 248.905525 -1 -1 -1 -1000.000000 -1000.000000 -1000.000000 -10 -1000
000091 246 Pedestrian -1 -1 -10 639.164810 146.054384 681.203786 244.236818 -1 -1 -1 -1000.000000 -1000.000000 -1000.000000 -10 -1000
000091 381 Pedestrian -1 -1 -10 708.346306 150.031105 748.876663 234.507159 -1 -1 -1 -1000.000000 -1000.000000 -1000.000000 -10 -1000
000092 195 Pedestrian -1 -1 -10 806.628184 158.040982 889.520519 321.316968 -1 -1 -1 -1000.000000 -1000.000000 -1000.000000 -10 -1000
000092 196 Pedestrian -1 -1 -10 582.485655 134.907827 628.060703 247.803584 -1 -1 -1 -1000.000000 -1000.000000 -1000.000000 -10 -1000
000092 246 Pedestrian -1 -1 -10 640.242054 145.942007 683.824969 250.042750 -1 -1 -1 -1000.000000 -1000.000000 -1000.000000 -10 -1000
000092 381 Pedestrian -1 -1 -10 709.502463 146.038085 750.707493 235.451539 -1 -1 -1 -1000.000000 -1000.000000 -1000.000000 -10 -1000
000093 195 Pedestrian -1 -1 -10 823.769824 152.134676 900.217717 314.679265 -1 -1 -1 -1000.000000 -1000.000000 -1000.000000 -10 -1000
000093 196 Pedestrian -1 -1 -10 583.618505 136.117371 628.972592 245.882748 -1 -1 -1 -1000.000000 -1000.000000 -1000.000000 -10 -1000
000093 246 Pedestrian -1 -1 -10 642.901301 145.067667 685.776658 249.803266 -1 -1 -1 -1000.000000 -1000.000000 -1000.000000 -10 -1000
000093 381 Pedestrian -1 -1 -10 711.547850 147.016157 752.157005 236.961964 -1 -1 -1 -1000.000000 -1000.000000 -1000.000000 -10 -1000
000094 195 Pedestrian -1 -1 -10 832.569372 156.269919 912.029491 325.975251 -1 -1 -1 -1000.000000 -1000.000000 -1000.000000 -10 -1000
000094 196 Pedestrian -1 -1 -10 585.567822 137.556183 631.832147 248.302861 -1 -1 -1 -1000.000000 -1000.000000 -1000.000000 -10 -1000
000094 246 Pedestrian -1 -1 -10 645.119994 142.910115 686.109337 245.120204 -1 -1 -1 -1000.000000 -1000.000000 -1000.000000 -10 -1000
000094 381 Pedestrian -1 -1 -10 714.657522 148.960620 752.250840 235.056350 -1 -1 -1 -1000.000000 -1000.000000 -1000.000000 -10 -1000
000095 195 Pedestrian -1 -1 -10 848.113167 153.035728 932.302781 328.084846 -1 -1 -1 -1000.000000 -1000.000000 -1000.000000 -10 -1000
000095 196 Pedestrian -1 -1 -10 589.517454 138.654065 635.965658 249.145713 -1 -1 -1 -1000.000000 -1000.000000 -1000.000000 -10 -1000
000095 246 Pedestrian -1 -1 -10 646.063384 143.820178 687.542114 247.289971 -1 -1 -1 -1000.000000 -1000.000000 -1000.000000 -10 -1000
000095 381 Pedestrian -1 -1 -10 718.629269 149.982319 755.813645 235.424861 -1 -1 -1 -1000.000000 -1000.000000 -1000.000000 -10 -1000
000096 195 Pedestrian -1 -1 -10 860.960264 153.828155 949.193745 334.221340 -1 -1 -1 -1000.000000 -1000.000000 -1000.000000 -10 -1000
000096 196 Pedestrian -1 -1 -10 594.710070 138.516333 642.638844 252.724962 -1 -1 -1 -1000.000000 -1000.000000 -1000.000000 -10 -1000
000096 246 Pedestrian -1 -1 -10 647.147768 145.195397 689.534384 247.114029 -1 -1 -1 -1000.000000 -1000.000000 -1000.000000 -10 -1000
000096 381 Pedestrian -1 -1 -10 724.016626 149.467420 762.483464 234.129788 -1 -1 -1 -1000.000000 -1000.000000 -1000.000000 -10 -1000
000097 195 Pedestrian -1 -1 -10 876.929749 153.828274 964.498746 338.203979 -1 -1 -1 -1000.000000 -1000.000000 -1000.000000 -10 -1000
000097 196 Pedestrian -1 -1 -10 598.053340 138.845840 645.425665 254.207290 -1 -1 -1 -1000.000000 -1000.000000 -1000.000000 -10 -1000
000097 246 Pedestrian -1 -1 -10 646.398976 146.460900 689.321190 248.995221 -1 -1 -1 -1000.000000 -1000.000000 -1000.000000 -10 -1000
000097 381 Pedestrian -1 -1 -10 732.211912 150.595646 771.727519 238.223333 -1 -1 -1 -1000.000000 -1000.000000 -1000.000000 -10 -1000
000098 195 Pedestrian -1 -1 -10 885.503994 153.906679 975.437310 341.437964 -1 -1 -1 -1000.000000 -1000.000000 -1000.000000 -10 -1000
000098 196 Pedestrian -1 -1 -10 601.054723 136.210235 649.808987 259.979793 -1 -1 -1 -1000.000000 -1000.000000 -1000.000000 -10 -1000
000098 246 Pedestrian -1 -1 -10 648.328508 146.591668 691.529567 251.103659 -1 -1 -1 -1000.000000 -1000.000000 -1000.000000 -10 -1000
000098 381 Pedestrian -1 -1 -10 739.436071 151.471438 780.169186 243.972676 -1 -1 -1 -1000.000000 -1000.000000 -1000.000000 -10 -1000
000099 195 Pedestrian -1 -1 -10 901.334621 150.448345 997.881107 349.866137 -1 -1 -1 -1000.000000 -1000.000000 -1000.000000 -10 -1000
000099 196 Pedestrian -1 -1 -10 601.910613 135.932091 651.424118 263.468436 -1 -1 -1 -1000.000000 -1000.000000 -1000.000000 -10 -1000
000099 246 Pedestrian -1 -1 -10 651.230427 148.446610 695.666006 255.828168 -1 -1 -1 -1000.000000 -1000.000000 -1000.000000 -10 -1000
000099 381 Pedestrian -1 -1 -10 742.068069 149.476134 784.114767 248.109491 -1 -1 -1 -1000.000000 -1000.000000 -1000.000000 -10 -1000
000100 195 Pedestrian -1 -1 -10 910.221162 149.294007 1022.605431 355.756603 -1 -1 -1 -1000.000000 -1000.000000 -1000.000000 -10 -1000
000100 196 Pedestrian -1 -1 -10 607.567766 138.763485 656.333875 268.857973 -1 -1 -1 -1000.000000 -1000.000000 -1000.000000 -10 -1000
000100 246 Pedestrian -1 -1 -10 654.585401 149.119162 700.187902 261.792931 -1 -1 -1 -1000.000000 -1000.000000 -1000.000000 -10 -1000
000100 381 Pedestrian -1 -1 -10 744.438227 150.195724 785.055159 244.907372 -1 -1 -1 -1000.000000 -1000.000000 -1000.000000 -10 -1000
000101 195 Pedestrian -1 -1 -10 924.114345 142.857982 1052.228930 366.365822 -1 -1 -1 -1000.000000 -1000.000000 -1000.000000 -10 -1000
000101 196 Pedestrian -1 -1 -10 610.963195 136.321662 660.428196 266.890961 -1 -1 -1 -1000.000000 -1000.000000 -1000.000000 -10 -1000
000101 246 Pedestrian -1 -1 -10 660.017013 148.887898 705.859565 264.251844 -1 -1 -1 -1000.000000 -1000.000000 -1000.000000 -10 -1000
000101 381 Pedestrian -1 -1 -10 745.516172 149.788181 786.562726 244.222364 -1 -1 -1 -1000.000000 -1000.000000 -1000.000000 -10 -1000
000102 195 Pedestrian -1 -1 -10 944.901643 139.607890 1073.470917 368.944276 -1 -1 -1 -1000.000000 -1000.000000 -1000.000000 -10 -1000
000102 196 Pedestrian -1 -1 -10 611.623114 134.866520 661.597830 268.136159 -1 -1 -1 -1000.000000 -1000.000000 -1000.000000 -10 -1000
000102 246 Pedestrian -1 -1 -10 664.864321 146.414190 712.863201 270.101749 -1 -1 -1 -1000.000000 -1000.000000 -1000.000000 -10 -1000
000102 381 Pedestrian -1 -1 -10 749.411833 151.427783 792.184042 246.036161 -1 -1 -1 -1000.000000 -1000.000000 -1000.000000 -10 -1000
000103 195 Pedestrian -1 -1 -10 966.260574 136.736466 1088.720175 363.290283 -1 -1 -1 -1000.000000 -1000.000000 -1000.000000 -10 -1000
000103 196 Pedestrian -1 -1 -10 610.741697 135.590230 661.785145 267.489852 -1 -1 -1 -1000.000000 -1000.000000 -1000.000000 -10 -1000
000103 246 Pedestrian -1 -1 -10 668.542438 146.475900 716.269849 271.097271 -1 -1 -1 -1000.000000 -1000.000000 -1000.000000 -10 -1000
000103 381 Pedestrian -1 -1 -10 758.458033 152.012314 802.433154 246.745434 -1 -1 -1 -1000.000000 -1000.000000 -1000.000000 -10 -1000
000104 195 Pedestrian -1 -1 -10 987.628186 138.831021 1106.031824 363.089437 -1 -1 -1 -1000.000000 -1000.000000 -1000.000000 -10 -1000
000104 196 Pedestrian -1 -1 -10 610.790345 135.977408 665.408729 267.579458 -1 -1 -1 -1000.000000 -1000.000000 -1000.000000 -10 -1000
000104 246 Pedestrian -1 -1 -10 672.053319 145.696054 721.048599 274.266793 -1 -1 -1 -1000.000000 -1000.000000 -1000.000000 -10 -1000
000104 381 Pedestrian -1 -1 -10 766.021192 152.684555 811.217846 248.101783 -1 -1 -1 -1000.000000 -1000.000000 -1000.000000 -10 -1000
000105 195 Pedestrian -1 -1 -10 1004.851858 136.811264 1138.930630 370.821353 -1 -1 -1 -1000.000000 -1000.000000 -1000.000000 -10 -1000
000105 196 Pedestrian -1 -1 -10 613.187221 138.786029 668.790889 273.710832 -1 -1 -1 -1000.000000 -1000.000000 -1000.000000 -10 -1000
000105 246 Pedestrian -1 -1 -10 674.410010 146.602185 724.609310 274.623539 -1 -1 -1 -1000.000000 -1000.000000 -1000.000000 -10 -1000
000105 381 Pedestrian -1 -1 -10 771.069166 150.475252 814.951691 251.114399 -1 -1 -1 -1000.000000 -1000.000000 -1000.000000 -10 -1000
000106 195 Pedestrian -1 -1 -10 1027.256032 135.458005 1161.300456 373.175576 -1 -1 -1 -1000.000000 -1000.000000 -1000.000000 -10 -1000
000106 196 Pedestrian -1 -1 -10 613.874420 140.417281 669.232384 276.316294 -1 -1 -1 -1000.000000 -1000.000000 -1000.000000 -10 -1000
000106 246 Pedestrian -1 -1 -10 677.731056 150.514482 726.220140 273.615147 -1 -1 -1 -1000.000000 -1000.000000 -1000.000000 -10 -1000
000106 381 Pedestrian -1 -1 -10 775.910834 150.599855 819.399055 251.916321 -1 -1 -1 -1000.000000 -1000.000000 -1000.000000 -10 -1000
000107 195 Pedestrian -1 -1 -10 1056.260305 132.137637 1189.676146 374.256097 -1 -1 -1 -1000.000000 -1000.000000 -1000.000000 -10 -1000
000107 196 Pedestrian -1 -1 -10 616.940597 139.769452 674.635013 277.951673 -1 -1 -1 -1000.000000 -1000.000000 -1000.000000 -10 -1000
000107 246 Pedestrian -1 -1 -10 679.345881 148.156508 730.554619 274.012391 -1 -1 -1 -1000.000000 -1000.000000 -1000.000000 -10 -1000
000107 381 Pedestrian -1 -1 -10 780.151013 151.222438 825.344209 255.535062 -1 -1 -1 -1000.000000 -1000.000000 -1000.000000 -10 -1000
000108 195 Pedestrian -1 -1 -10 1082.461774 125.976768 1224.844888 374.690416 -1 -1 -1 -1000.000000 -1000.000000 -1000.000000 -10 -1000
000108 196 Pedestrian -1 -1 -10 621.547082 136.298382 681.922575 281.866103 -1 -1 -1 -1000.000000 -1000.000000 -1000.000000 -10 -1000
000108 246 Pedestrian -1 -1 -10 687.828315 144.413820 740.994421 274.981080 -1 -1 -1 -1000.000000 -1000.000000 -1000.000000 -10 -1000
000108 381 Pedestrian -1 -1 -10 791.113672 153.033333 835.714101 258.431747 -1 -1 -1 -1000.000000 -1000.000000 -1000.000000 -10 -1000
000109 195 Pedestrian -1 -1 -10 1094.782946 124.488802 1252.767789 381.782307 -1 -1 -1 -1000.000000 -1000.000000 -1000.000000 -10 -1000
000109 196 Pedestrian -1 -1 -10 628.049538 135.542424 689.185765 286.206139 -1 -1 -1 -1000.000000 -1000.000000 -1000.000000 -10 -1000
000109 246 Pedestrian -1 -1 -10 695.499527 147.086218 750.750242 283.332022 -1 -1 -1 -1000.000000 -1000.000000 -1000.000000 -10 -1000
000109 381 Pedestrian -1 -1 -10 795.741615 153.375846 842.168523 262.986098 -1 -1 -1 -1000.000000 -1000.000000 -1000.000000 -10 -1000
000110 195 Pedestrian -1 -1 -10 1126.975428 130.942416 1284.960271 388.235921 -1 -1 -1 -1000.000000 -1000.000000 -1000.000000 -10 -1000
000110 196 Pedestrian -1 -1 -10 628.457042 139.159709 690.379741 294.275982 -1 -1 -1 -1000.000000 -1000.000000 -1000.000000 -10 -1000
000110 246 Pedestrian -1 -1 -10 698.398961 152.247709 753.419718 288.063240 -1 -1 -1 -1000.000000 -1000.000000 -1000.000000 -10 -1000
000110 381 Pedestrian -1 -1 -10 801.015975 152.881438 847.831311 265.240925 -1 -1 -1 -1000.000000 -1000.000000 -1000.000000 -10 -1000
000110 527 Pedestrian -1 -1 -10 1087.307373 117.719681 1316.167969 390.575043 -1 -1 -1 -1000.000000 -1000.000000 -1000.000000 -10 -1000
000111 196 Pedestrian -1 -1 -10 632.671562 139.250861 694.002506 297.052666 -1 -1 -1 -1000.000000 -1000.000000 -1000.000000 -10 -1000
000111 246 Pedestrian -1 -1 -10 700.456559 153.750309 756.720747 294.767071 -1 -1 -1 -1000.000000 -1000.000000 -1000.000000 -10 -1000
000111 381 Pedestrian -1 -1 -10 804.675951 151.049865 850.318653 264.466289 -1 -1 -1 -1000.000000 -1000.000000 -1000.000000 -10 -1000
000112 196 Pedestrian -1 -1 -10 635.230852 138.824599 696.317827 298.401893 -1 -1 -1 -1000.000000 -1000.000000 -1000.000000 -10 -1000
000112 246 Pedestrian -1 -1 -10 700.262471 150.076854 757.407766 296.284929 -1 -1 -1 -1000.000000 -1000.000000 -1000.000000 -10 -1000
000112 381 Pedestrian -1 -1 -10 807.893766 151.055531 854.939564 264.920973 -1 -1 -1 -1000.000000 -1000.000000 -1000.000000 -10 -1000
000113 196 Pedestrian -1 -1 -10 638.209831 139.467120 699.973610 300.279996 -1 -1 -1 -1000.000000 -1000.000000 -1000.000000 -10 -1000
000113 246 Pedestrian -1 -1 -10 704.722105 152.104874 763.755214 295.797265 -1 -1 -1 -1000.000000 -1000.000000 -1000.000000 -10 -1000
000113 381 Pedestrian -1 -1 -10 815.214237 152.754405 863.714871 265.159820 -1 -1 -1 -1000.000000 -1000.000000 -1000.000000 -10 -1000
000114 196 Pedestrian -1 -1 -10 637.687870 139.962267 700.955284 301.246218 -1 -1 -1 -1000.000000 -1000.000000 -1000.000000 -10 -1000
000114 246 Pedestrian -1 -1 -10 712.046752 155.915816 773.062186 301.464882 -1 -1 -1 -1000.000000 -1000.000000 -1000.000000 -10 -1000
000114 381 Pedestrian -1 -1 -10 822.808327 152.807203 873.085246 267.543352 -1 -1 -1 -1000.000000 -1000.000000 -1000.000000 -10 -1000
000115 196 Pedestrian -1 -1 -10 636.838256 140.156577 704.967067 305.666326 -1 -1 -1 -1000.000000 -1000.000000 -1000.000000 -10 -1000
000115 535 Pedestrian -1 -1 -10 830.758723 152.684770 880.092190 268.291469 -1 -1 -1 -1000.000000 -1000.000000 -1000.000000 -10 -1000
000115 536 Pedestrian -1 -1 -10 716.290078 153.085695 781.902126 304.115213 -1 -1 -1 -1000.000000 -1000.000000 -1000.000000 -10 -1000
000116 196 Pedestrian -1 -1 -10 640.900844 142.041038 712.689327 312.910569 -1 -1 -1 -1000.000000 -1000.000000 -1000.000000 -10 -1000
000116 535 Pedestrian -1 -1 -10 837.998469 155.998211 886.689455 272.131829 -1 -1 -1 -1000.000000 -1000.000000 -1000.000000 -10 -1000
000116 536 Pedestrian -1 -1 -10 721.306528 153.338341 785.964702 307.053218 -1 -1 -1 -1000.000000 -1000.000000 -1000.000000 -10 -1000
000117 196 Pedestrian -1 -1 -10 651.431669 140.764223 722.646637 315.209884 -1 -1 -1 -1000.000000 -1000.000000 -1000.000000 -10 -1000
000117 535 Pedestrian -1 -1 -10 851.954923 159.016607 904.163681 281.536558 -1 -1 -1 -1000.000000 -1000.000000 -1000.000000 -10 -1000
000117 536 Pedestrian -1 -1 -10 729.212795 153.435816 793.046505 309.118240 -1 -1 -1 -1000.000000 -1000.000000 -1000.000000 -10 -1000
000118 196 Pedestrian -1 -1 -10 659.240422 139.946531 730.693018 319.392117 -1 -1 -1 -1000.000000 -1000.000000 -1000.000000 -10 -1000
000118 535 Pedestrian -1 -1 -10 860.467731 156.919387 914.890109 282.039487 -1 -1 -1 -1000.000000 -1000.000000 -1000.000000 -10 -1000
000118 536 Pedestrian -1 -1 -10 732.031151 153.171095 799.203522 313.455363 -1 -1 -1 -1000.000000 -1000.000000 -1000.000000 -10 -1000
000119 196 Pedestrian -1 -1 -10 667.069870 143.166897 737.379415 322.392026 -1 -1 -1 -1000.000000 -1000.000000 -1000.000000 -10 -1000
000119 535 Pedestrian -1 -1 -10 864.941276 158.828953 919.805003 283.594762 -1 -1 -1 -1000.000000 -1000.000000 -1000.000000 -10 -1000
000119 536 Pedestrian -1 -1 -10 734.929612 154.620989 803.537337 317.689410 -1 -1 -1 -1000.000000 -1000.000000 -1000.000000 -10 -1000
000120 196 Pedestrian -1 -1 -10 667.513122 141.106033 742.641128 326.916999 -1 -1 -1 -1000.000000 -1000.000000 -1000.000000 -10 -1000
000120 535 Pedestrian -1 -1 -10 867.738356 156.414193 922.544974 282.335349 -1 -1 -1 -1000.000000 -1000.000000 -1000.000000 -10 -1000
000120 536 Pedestrian -1 -1 -10 738.252252 155.405634 809.509926 323.622135 -1 -1 -1 -1000.000000 -1000.000000 -1000.000000 -10 -1000
000121 196 Pedestrian -1 -1 -10 670.236066 141.785078 745.740234 323.380311 -1 -1 -1 -1000.000000 -1000.000000 -1000.000000 -10 -1000
000121 535 Pedestrian -1 -1 -10 879.858439 155.997048 936.318875 280.342774 -1 -1 -1 -1000.000000 -1000.000000 -1000.000000 -10 -1000
000121 536 Pedestrian -1 -1 -10 734.681822 153.197336 811.281263 328.357712 -1 -1 -1 -1000.000000 -1000.000000 -1000.000000 -10 -1000
000122 196 Pedestrian -1 -1 -10 678.655686 142.155367 757.608229 330.060588 -1 -1 -1 -1000.000000 -1000.000000 -1000.000000 -10 -1000
000122 535 Pedestrian -1 -1 -10 891.384279 155.488020 951.510005 283.025695 -1 -1 -1 -1000.000000 -1000.000000 -1000.000000 -10 -1000
000122 536 Pedestrian -1 -1 -10 746.057459 154.561546 825.064907 334.215908 -1 -1 -1 -1000.000000 -1000.000000 -1000.000000 -10 -1000
000123 196 Pedestrian -1 -1 -10 687.214222 143.681844 767.621316 339.394796 -1 -1 -1 -1000.000000 -1000.000000 -1000.000000 -10 -1000
000123 535 Pedestrian -1 -1 -10 899.404388 158.336149 959.772159 286.049211 -1 -1 -1 -1000.000000 -1000.000000 -1000.000000 -10 -1000
000123 536 Pedestrian -1 -1 -10 755.205399 155.659548 833.606710 340.373286 -1 -1 -1 -1000.000000 -1000.000000 -1000.000000 -10 -1000
000124 196 Pedestrian -1 -1 -10 708.150903 137.585241 794.303045 342.779444 -1 -1 -1 -1000.000000 -1000.000000 -1000.000000 -10 -1000
000124 535 Pedestrian -1 -1 -10 917.162910 158.206917 977.398517 290.006750 -1 -1 -1 -1000.000000 -1000.000000 -1000.000000 -10 -1000
000124 536 Pedestrian -1 -1 -10 762.439920 159.609309 845.755718 343.057297 -1 -1 -1 -1000.000000 -1000.000000 -1000.000000 -10 -1000
000125 196 Pedestrian -1 -1 -10 706.090837 137.604581 795.371110 345.550474 -1 -1 -1 -1000.000000 -1000.000000 -1000.000000 -10 -1000
000125 535 Pedestrian -1 -1 -10 924.681815 160.530912 984.953104 293.345563 -1 -1 -1 -1000.000000 -1000.000000 -1000.000000 -10 -1000
000125 536 Pedestrian -1 -1 -10 768.983959 156.540811 856.383091 344.629138 -1 -1 -1 -1000.000000 -1000.000000 -1000.000000 -10 -1000
000126 196 Pedestrian -1 -1 -10 689.370531 136.548866 786.349255 350.566574 -1 -1 -1 -1000.000000 -1000.000000 -1000.000000 -10 -1000
000126 535 Pedestrian -1 -1 -10 937.292518 162.126412 999.397686 297.176520 -1 -1 -1 -1000.000000 -1000.000000 -1000.000000 -10 -1000
000126 536 Pedestrian -1 -1 -10 767.443578 150.899987 859.955110 355.707063 -1 -1 -1 -1000.000000 -1000.000000 -1000.000000 -10 -1000
000127 196 Pedestrian -1 -1 -10 701.844429 136.458740 805.064370 355.835286 -1 -1 -1 -1000.000000 -1000.000000 -1000.000000 -10 -1000
000127 535 Pedestrian -1 -1 -10 953.998222 164.906446 1016.596604 302.376710 -1 -1 -1 -1000.000000 -1000.000000 -1000.000000 -10 -1000
000127 536 Pedestrian -1 -1 -10 782.637228 152.055292 873.745382 357.862059 -1 -1 -1 -1000.000000 -1000.000000 -1000.000000 -10 -1000
000128 196 Pedestrian -1 -1 -10 736.887557 138.885353 841.575565 365.848009 -1 -1 -1 -1000.000000 -1000.000000 -1000.000000 -10 -1000
000128 535 Pedestrian -1 -1 -10 961.315023 167.236971 1025.146038 305.427891 -1 -1 -1 -1000.000000 -1000.000000 -1000.000000 -10 -1000
000128 536 Pedestrian -1 -1 -10 801.868282 150.643315 899.240967 363.457545 -1 -1 -1 -1000.000000 -1000.000000 -1000.000000 -10 -1000
000129 196 Pedestrian -1 -1 -10 723.840718 140.462326 824.460541 360.725691 -1 -1 -1 -1000.000000 -1000.000000 -1000.000000 -10 -1000
000129 535 Pedestrian -1 -1 -10 971.542659 166.665047 1037.769244 307.548753 -1 -1 -1 -1000.000000 -1000.000000 -1000.000000 -10 -1000
000129 536 Pedestrian -1 -1 -10 780.982488 145.998453 883.512913 366.495400 -1 -1 -1 -1000.000000 -1000.000000 -1000.000000 -10 -1000
000130 196 Pedestrian -1 -1 -10 721.311013 140.217714 822.986461 357.462171 -1 -1 -1 -1000.000000 -1000.000000 -1000.000000 -10 -1000
000130 535 Pedestrian -1 -1 -10 984.182947 159.135134 1052.159715 308.287110 -1 -1 -1 -1000.000000 -1000.000000 -1000.000000 -10 -1000
000130 536 Pedestrian -1 -1 -10 794.273477 143.777338 899.184113 372.611251 -1 -1 -1 -1000.000000 -1000.000000 -1000.000000 -10 -1000
000131 196 Pedestrian -1 -1 -10 722.640801 135.495354 827.538583 351.738818 -1 -1 -1 -1000.000000 -1000.000000 -1000.000000 -10 -1000
000131 535 Pedestrian -1 -1 -10 991.712205 157.725782 1062.835495 311.411565 -1 -1 -1 -1000.000000 -1000.000000 -1000.000000 -10 -1000
000131 536 Pedestrian -1 -1 -10 785.123345 140.941380 891.974356 371.198982 -1 -1 -1 -1000.000000 -1000.000000 -1000.000000 -10 -1000
000132 196 Pedestrian -1 -1 -10 738.058096 122.801959 849.135138 330.263545 -1 -1 -1 -1000.000000 -1000.000000 -1000.000000 -10 -1000
000132 535 Pedestrian -1 -1 -10 1013.709828 155.347955 1085.738757 314.717447 -1 -1 -1 -1000.000000 -1000.000000 -1000.000000 -10 -1000
000132 536 Pedestrian -1 -1 -10 786.163059 133.207544 911.134024 378.257792 -1 -1 -1 -1000.000000 -1000.000000 -1000.000000 -10 -1000
000133 196 Pedestrian -1 -1 -10 756.304946 106.320454 867.381989 313.782040 -1 -1 -1 -1000.000000 -1000.000000 -1000.000000 -10 -1000
000133 535 Pedestrian -1 -1 -10 1023.378812 159.428577 1101.084095 321.948080 -1 -1 -1 -1000.000000 -1000.000000 -1000.000000 -10 -1000
000133 536 Pedestrian -1 -1 -10 785.946938 131.055921 910.638271 374.782444 -1 -1 -1 -1000.000000 -1000.000000 -1000.000000 -10 -1000
000133 596 Pedestrian -1 -1 -10 850.768494 153.524582 966.419983 372.040344 -1 -1 -1 -1000.000000 -1000.000000 -1000.000000 -10 -1000
000134 535 Pedestrian -1 -1 -10 1040.933546 156.831848 1116.358646 321.872708 -1 -1 -1 -1000.000000 -1000.000000 -1000.000000 -10 -1000
000134 536 Pedestrian -1 -1 -10 749.485359 123.486511 879.350898 365.963734 -1 -1 -1 -1000.000000 -1000.000000 -1000.000000 -10 -1000
000134 596 Pedestrian -1 -1 -10 817.424820 140.297853 941.491736 379.210100 -1 -1 -1 -1000.000000 -1000.000000 -1000.000000 -10 -1000
000135 535 Pedestrian -1 -1 -10 1054.279741 161.003932 1135.810051 333.614242 -1 -1 -1 -1000.000000 -1000.000000 -1000.000000 -10 -1000
000135 536 Pedestrian -1 -1 -10 752.540290 139.149714 881.723709 373.236940 -1 -1 -1 -1000.000000 -1000.000000 -1000.000000 -10 -1000
000135 596 Pedestrian -1 -1 -10 824.227034 130.476340 958.049813 374.458844 -1 -1 -1 -1000.000000 -1000.000000 -1000.000000 -10 -1000
000135 603 Pedestrian -1 -1 -10 1114.367676 165.319107 1310.593262 370.364319 -1 -1 -1 -1000.000000 -1000.000000 -1000.000000 -10 -1000
000136 196 Pedestrian -1 -1 -10 747.578802 245.034421 869.470365 463.055178 -1 -1 -1 -1000.000000 -1000.000000 -1000.000000 -10 -1000
000136 535 Pedestrian -1 -1 -10 1098.032190 160.588885 1202.277679 340.638685 -1 -1 -1 -1000.000000 -1000.000000 -1000.000000 -10 -1000
000136 536 Pedestrian -1 -1 -10 789.262119 110.647330 937.625015 356.917031 -1 -1 -1 -1000.000000 -1000.000000 -1000.000000 -10 -1000
000136 600 Pedestrian -1 -1 -10 813.001374 126.811508 966.022736 375.515923 -1 -1 -1 -1000.000000 -1000.000000 -1000.000000 -10 -1000
000136 603 Pedestrian -1 -1 -10 1116.307405 168.662926 1307.228059 378.911072 -1 -1 -1 -1000.000000 -1000.000000 -1000.000000 -10 -1000
000137 535 Pedestrian -1 -1 -10 1094.857560 158.829442 1205.790774 351.538692 -1 -1 -1 -1000.000000 -1000.000000 -1000.000000 -10 -1000
000137 536 Pedestrian -1 -1 -10 820.058007 121.052450 987.697670 375.437815 -1 -1 -1 -1000.000000 -1000.000000 -1000.000000 -10 -1000
000137 600 Pedestrian -1 -1 -10 814.411216 125.756986 967.432578 374.461401 -1 -1 -1 -1000.000000 -1000.000000 -1000.000000 -10 -1000
000137 603 Pedestrian -1 -1 -10 1117.967630 174.628020 1308.888284 384.876165 -1 -1 -1 -1000.000000 -1000.000000 -1000.000000 -10 -1000
000137 610 Pedestrian -1 -1 -10 561.672180 144.824081 576.014343 179.417404 -1 -1 -1 -1000.000000 -1000.000000 -1000.000000 -10 -1000
000138 535 Pedestrian -1 -1 -10 1098.520656 152.343186 1207.562456 352.177355 -1 -1 -1 -1000.000000 -1000.000000 -1000.000000 -10 -1000
000138 536 Pedestrian -1 -1 -10 840.990834 128.933015 1028.144140 387.528446 -1 -1 -1 -1000.000000 -1000.000000 -1000.000000 -10 -1000
000139 535 Pedestrian -1 -1 -10 1114.891804 147.710933 1222.138931 351.538182 -1 -1 -1 -1000.000000 -1000.000000 -1000.000000 -10 -1000
000139 536 Pedestrian -1 -1 -10 842.967246 118.452078 1039.636181 378.276274 -1 -1 -1 -1000.000000 -1000.000000 -1000.000000 -10 -1000
000139 600 Pedestrian -1 -1 -10 721.276315 78.285518 906.797535 320.202579 -1 -1 -1 -1000.000000 -1000.000000 -1000.000000 -10 -1000
000140 535 Pedestrian -1 -1 -10 1135.581965 147.861781 1246.280192 357.218236 -1 -1 -1 -1000.000000 -1000.000000 -1000.000000 -10 -1000
000140 536 Pedestrian -1 -1 -10 893.941901 126.370734 1108.126290 393.263027 -1 -1 -1 -1000.000000 -1000.000000 -1000.000000 -10 -1000
000140 615 Pedestrian -1 -1 -10 784.906123 127.887167 980.946967 370.318136 -1 -1 -1 -1000.000000 -1000.000000 -1000.000000 -10 -1000
000141 535 Pedestrian -1 -1 -10 1147.267708 144.542545 1271.340378 362.907278 -1 -1 -1 -1000.000000 -1000.000000 -1000.000000 -10 -1000
000141 536 Pedestrian -1 -1 -10 794.897978 106.738857 1017.712204 364.499430 -1 -1 -1 -1000.000000 -1000.000000 -1000.000000 -10 -1000
000141 600 Pedestrian -1 -1 -10 914.491945 222.815539 1101.931050 466.860666 -1 -1 -1 -1000.000000 -1000.000000 -1000.000000 -10 -1000
000141 619 Pedestrian -1 -1 -10 934.233643 124.233772 1149.752930 383.485138 -1 -1 -1 -1000.000000 -1000.000000 -1000.000000 -10 -1000
000142 535 Pedestrian -1 -1 -10 1169.376649 145.628121 1293.449319 363.992854 -1 -1 -1 -1000.000000 -1000.000000 -1000.000000 -10 -1000
000142 619 Pedestrian -1 -1 -10 1033.877915 137.221307 1268.714064 397.998895 -1 -1 -1 -1000.000000 -1000.000000 -1000.000000 -10 -1000
000142 620 Pedestrian -1 -1 -10 875.464421 119.717761 1109.256280 377.840058 -1 -1 -1 -1000.000000 -1000.000000 -1000.000000 -10 -1000
000143 536 Pedestrian -1 -1 -10 602.035177 37.280574 830.317928 299.429975 -1 -1 -1 -1000.000000 -1000.000000 -1000.000000 -10 -1000
000143 600 Pedestrian -1 -1 -10 1384.091847 261.886628 1607.524130 516.137885 -1 -1 -1 -1000.000000 -1000.000000 -1000.000000 -10 -1000
000143 624 Pedestrian -1 -1 -10 897.995544 120.920052 1159.433228 387.465881 -1 -1 -1 -1000.000000 -1000.000000 -1000.000000 -10 -1000
000143 625 Pedestrian -1 -1 -10 1016.458984 145.851196 1287.136475 396.370850 -1 -1 -1 -1000.000000 -1000.000000 -1000.000000 -10 -1000
000144 536 Pedestrian -1 -1 -10 753.592137 24.702392 1006.960932 285.048432 -1 -1 -1 -1000.000000 -1000.000000 -1000.000000 -10 -1000
000144 624 Pedestrian -1 -1 -10 906.267701 114.482856 1167.705384 381.028686 -1 -1 -1 -1000.000000 -1000.000000 -1000.000000 -10 -1000
000144 625 Pedestrian -1 -1 -10 905.824380 146.770644 1159.633628 381.004206 -1 -1 -1 -1000.000000 -1000.000000 -1000.000000 -10 -1000
