000000 375 1242 2 515.802 244.448 88.4277 209.616 0.863567
000000 375 1242 2 438.634 258.1 102.001 218.106 0.829954
000000 375 1242 2 552.84 167.213 22.2644 54.073 0.658703
000000 375 1242 2 584.632 166.277 20.5637 53.1432 0.621644
000001 375 1242 2 533.383 246.306 71.0553 211.953 0.863333
000001 375 1242 2 453.331 254.725 91.3741 227.594 0.807076
000001 375 1242 2 580.665 166.089 23.2235 49.9059 0.803539
000002 375 1242 2 543.959 236.773 86.4255 222.692 0.851318
000002 375 1242 2 468.405 251.317 88.7878 213.542 0.845259
000002 375 1242 3 588.537 166.994 24.7181 54.8584 0.617089
000003 375 1242 2 550.741 244.082 75.5114 229.626 0.879276
000003 375 1242 2 483.656 250.617 80.549 213.794 0.847139
000004 375 1242 2 564.28 245.96 96.691 223.348 0.889633
000004 375 1242 2 499.152 251.14 87.2548 224.653 0.836763
000005 375 1242 2 578.856 237.326 92.3955 219.299 0.884584
000005 375 1242 2 501.531 251.62 88.0577 239.692 0.840992
000006 375 1242 2 592.645 247.116 90.6617 213.745 0.83263
000006 375 1242 2 516.436 252.089 102.494 245.822 0.803513
000007 375 1242 2 597.332 250.254 76.6332 225.716 0.863665
000007 375 1242 2 532.339 252.976 91.582 244.047 0.790282
000008 375 1242 2 610.592 250.248 80.7742 231.718 0.864525
000008 375 1242 2 550.566 261.631 86.4819 216.419 0.819203
000008 375 1242 2 511.24 177.932 23.5546 54.2879 0.617134
000009 375 1242 2 614.098 250.872 84.131 245.27 0.863561
000009 375 1242 2 564.076 254.571 74.5671 230.478 0.782956
000009 375 1242 2 513.099 177.184 22.7271 56.5255 0.657002
000009 375 1242 2 529.717 176.247 25.0697 52.1725 0.616852
000010 375 1242 2 641.347 251.664 94.2804 230.426 0.83071
000010 375 1242 2 270.501 227.918 58.2635 195.606 0.770064
000010 375 1242 2 534.863 167.283 19.5925 50.3223 0.681356
000010 375 1242 2 517.063 176.755 20.9193 59.3692 0.651907
000011 375 1242 2 645.397 253.095 94.1399 233.05 0.837956
000011 375 1242 2 274.704 228.528 57.6527 206.615 0.816967
000011 375 1242 2 549.851 167.475 20.7393 49.0423 0.678595
000011 375 1242 2 521.135 176.247 21.7517 60.7334 0.659942
000011 375 1242 2 530.66 167.74 19.6162 53.2595 0.633821
000012 375 1242 2 660.029 252.203 81.3722 230.33 0.852917
000012 375 1242 2 613.545 252.708 86.4287 223.354 0.800698
000012 375 1242 2 520.948 176.898 24.5251 60.524 0.684075
000012 375 1242 2 271.547 232.038 64.5921 222.776 0.660222
000012 375 1242 2 503.647 175.09 24.9434 56.1205 0.64326
000012 375 1242 2 531.495 167.546 19.5995 56.5977 0.612454
000013 375 1242 2 674.951 257.297 81.1029 235.405 0.827698
000013 375 1242 2 303.613 230.897 68.2993 187.844 0.824494
000013 375 1242 2 629.248 263.02 88.1641 220.13 0.784557
000013 375 1242 2 522.424 175.518 23.7012 69.4077 0.647656
000014 375 1242 2 320.474 233.694 75.7466 203.161 0.843774
000014 375 1242 2 691.602 249.311 91.47 251.378 0.832015
000014 375 1242 2 632.286 261.076 85.5895 223.651 0.816901
000014 375 1242 2 526.371 177.302 19.8373 61.8251 0.629455
000014 375 1242 2 553.196 168.344 19.8035 55.416 0.6166
000014 375 1242 3 488.146 167.409 25.847 49.275 0.704834
000015 375 1242 2 708.087 231.818 80.9072 194.174 0.837988
000015 375 1242 2 644.771 252.756 86.1055 215.447 0.827855
000015 375 1242 2 322.721 240.917 81.4254 193.021 0.802869
000015 375 1242 2 525.559 175.226 23.3901 70.5775 0.676266
000015 375 1242 3 485.074 167.948 29.4564 52.0353 0.746345
000016 375 1242 2 339.217 242.44 72.3287 206.028 0.879642
000016 375 1242 2 279.844 245.064 61.9393 224.974 0.874692
000016 375 1242 2 709.518 252.622 96.0511 234.492 0.803814
000016 375 1242 2 646.172 255.265 103.632 213.809 0.765325
000016 375 1242 2 527.523 176.416 23.4136 71.0829 0.679065
000016 375 1242 3 484.754 167.626 27.3308 51.5311 0.766524
000017 375 1242 1 1214.54 283.526 53.2354 182.947 0.8035
000017 375 1242 2 279.886 256.326 56.8264 202.594 0.873811
000017 375 1242 2 356.694 240.787 75.2434 189.341 0.856629
000017 375 1242 2 726.727 253.893 87.5146 236.896 0.817012
000017 375 1242 2 662.09 255.868 108.709 222.193 0.785181
000017 375 1242 2 525.378 177.732 27.6454 72.7118 0.76269
000017 375 1242 2 558.962 176.168 20.746 55.9891 0.60171
000017 375 1242 3 480.988 167.924 28.741 50.4589 0.772847
000018 375 1242 2 742.28 260.942 88.733 228.116 0.848036
000018 375 1242 2 305.783 227.896 69.062 214.487 0.825013
000018 375 1242 2 371.365 230.421 76.876 186.984 0.792631
000018 375 1242 2 527.271 176.866 26.4243 72.994 0.759217
000018 375 1242 2 1168.75 267.438 146.497 215.124 0.741253
000018 375 1242 2 556.921 176.002 20.9867 54.0391 0.612602
000018 375 1242 3 481.786 171.217 33.7233 68.0853 0.757291
000019 375 1242 2 307.404 247.756 76.6712 233.838 0.869898
000019 375 1242 2 756.263 266.097 88.9794 217.806 0.844037
000019 375 1242 2 387.449 241.559 76.6177 201.672 0.835898
000019 375 1242 2 528.077 175.871 26.8691 71.7525 0.760629
000019 375 1242 2 1175.14 263.536 106.238 222.928 0.688349
000019 375 1242 2 558.046 167.891 21.3253 58.2182 0.653186
000019 375 1242 3 483.261 167.85 30.8627 50.4658 0.736356
000020 375 1242 2 307.516 255.863 70.6904 207.719 0.852458
000020 375 1242 2 399.772 230.503 63.6421 180.366 0.847891
000020 375 1242 2 772.816 252.469 86.3759 245.063 0.81872
000020 375 1242 2 713.134 263.99 97.0062 222.02 0.816902
000020 375 1242 2 528.922 176.858 24.3911 72.5551 0.739027
000020 375 1242 2 1125.84 253.128 186.835 243.744 0.668742
000020 375 1242 2 557.203 176.299 20.8208 56.7935 0.633344
000020 375 1242 3 467.454 174.581 35.4929 69.8536 0.610259
000021 375 1242 2 322.95 248.923 82.0707 227.842 0.867665
000021 375 1242 2 729.06 255.256 87.5532 218.255 0.830606
000021 375 1242 2 405.273 233.544 73.1272 202.079 0.828531
000021 375 1242 2 1105.97 270.871 198.344 208.257 0.777959
000021 375 1242 2 531.04 179.38 27.6583 76.2509 0.775119
000021 375 1242 2 551.253 175.443 25.7856 70.1697 0.693263
000022 375 1242 2 338.992 246.69 76.2198 216.939 0.865105
000022 375 1242 2 422.151 240.931 73.7059 197.727 0.837001
000022 375 1242 2 804.631 249.913 91.4995 223.388 0.821019
000022 375 1242 2 530.192 181.368 28.6565 79.07 0.771685
000022 375 1242 2 1066.33 257.003 109.559 235.994 0.746696
000022 375 1242 2 550.801 177.301 25.7103 72.443 0.682824
000022 375 1242 2 419.231 184.656 30.4665 89.2973 0.643406
000022 375 1242 3 453.992 178.573 39.7495 80.6753 0.754532
000023 375 1242 2 436.781 244.863 87.8246 197.386 0.874432
000023 375 1242 2 354.071 247.473 84.605 221.721 0.85887
000023 375 1242 2 1046.26 255.745 100.181 233.553 0.824287
000023 375 1242 2 532.609 182.49 28.589 78.2119 0.799649
000023 375 1242 2 774.968 254.605 90.454 217.839 0.792445
000023 375 1242 2 549.455 179.788 25.9974 73.5497 0.721998
000023 375 1242 2 589.157 176.435 21.2179 56.5624 0.668818
000024 375 1242 2 451.85 245.366 84.8776 199.933 0.870152
000024 375 1242 2 368.84 247.846 83.7359 239.586 0.852811
000024 375 1242 2 1001.28 250.989 98.6453 221.896 0.833416
000024 375 1242 2 839.443 265.982 92.1262 218.036 0.817102
000024 375 1242 2 789.424 255.816 90.2848 237.802 0.789282
000024 375 1242 2 534.171 179.838 28.5956 76.0811 0.776647
000024 375 1242 2 590.146 176.713 20.657 55.6243 0.710255
000025 375 1242 2 466.555 246.481 84.3254 210.698 0.864736
000025 375 1242 2 372.086 248.299 81.3055 229.758 0.826096
000025 375 1242 2 854.873 267.669 95.4266 214.663 0.81934
000025 375 1242 2 983.84 254.451 104.565 241.097 0.800862
000025 375 1242 2 805.406 254.426 93.3367 241.147 0.792208
000025 375 1242 2 536.816 182.101 29.0378 78.1588 0.774464
000025 375 1242 2 389.029 184.377 39.4635 107.099 0.71763
000025 375 1242 2 433.728 179.392 25.8068 72.7942 0.641087
000025 375 1242 2 594.273 168.198 20.9215 58.0349 0.630022
000026 375 1242 2 387.006 248.203 84.8322 232.287 0.849171
000026 375 1242 2 470.563 244.014 82.3251 207.888 0.84742
000026 375 1242 2 546.526 181.232 28.8574 75.6595 0.782636
000026 375 1242 2 951.577 255.447 95.7498 239.106 0.779616
000026 375 1242 2 807.2 257.019 111.29 235.481 0.759161
000026 375 1242 2 431.922 179.584 31.3151 83.1863 0.721883
000026 375 1242 2 886.906 252.33 105.259 245.34 0.717234
000026 375 1242 2 594.867 168.068 18.3492 56.0556 0.631852
000027 375 1242 2 485.788 247.127 76.4369 210.103 0.879976
000027 375 1242 2 404.911 245.722 80.2428 236.192 0.838654
000027 375 1242 2 918.887 251.137 90.7654 238.184 0.825142
000027 375 1242 2 551.258 183.743 27.2246 77.746 0.801222
000027 375 1242 2 420.696 179.877 38.7601 91.4743 0.752603
000027 375 1242 2 820.442 251.809 187.778 219.718 0.746707
000027 375 1242 2 534.901 181.855 26.3903 77.6388 0.731981
000027 375 1242 2 595.961 176.353 19.7434 59.8734 0.730566
000027 375 1242 2 486.727 182.356 30.1898 83.0056 0.66571
000027 375 1242 2 519.612 178.965 23.1421 75.2878 0.643466
000028 375 1242 2 419.522 247.113 90.6946 231.971 0.820774
000028 375 1242 2 499.045 244.942 82.4282 204.457 0.809725
000028 375 1242 2 935.02 228.649 100.566 180.966 0.79582
000028 375 1242 2 552.079 184.189 26.8988 77.4171 0.78166
000028 375 1242 2 831.709 256.353 191.054 237.294 0.744244
000028 375 1242 2 597.951 176.807 19.9467 56.8333 0.733568
000028 375 1242 2 536.217 183.136 26.0457 75.4979 0.6614
000028 375 1242 2 516.222 181.431 25.6362 73.4736 0.64645
000029 375 1242 2 422.327 251.727 85.5233 233.118 0.842964
000029 375 1242 2 514.583 249.183 99.3491 230.091 0.8323
000029 375 1242 2 936.029 254.186 102.964 229.244 0.755763
000029 375 1242 2 555.175 179.978 24.6552 78.1107 0.72025
000029 375 1242 2 599.16 177.231 19.0437 56.9006 0.658886
000029 375 1242 2 505.232 166.122 20.2595 56.9253 0.635138
000029 375 1242 2 517.709 176.715 30.1485 72.1974 0.602183
000030 375 1242 2 436.88 237.315 91.6808 228.295 0.845213
000030 375 1242 2 532.473 248.851 86.1414 217.173 0.827664
000030 375 1242 2 966.364 235.165 91.4818 201.401 0.767263
000030 375 1242 2 402.918 179.715 26.2016 82.0109 0.660901
000030 375 1242 2 602.448 177.255 19.8751 61.23 0.629757
000030 375 1242 2 503.114 164.704 18.2961 49.0973 0.612482
000031 375 1242 2 547.25 249.031 81.7887 226.152 0.852892
000031 375 1242 2 451.231 247.945 99.2885 236.788 0.84902
000031 375 1242 2 826.041 270.058 102.674 209.884 0.843473
000031 375 1242 2 979.866 251.915 96.3325 244.23 0.711382
000031 375 1242 2 603.219 177.147 21.1956 59.7604 0.688696
000031 375 1242 2 471.674 163.118 24.7693 53.946 0.613217
000031 375 1242 2 509.031 164.502 18.3312 46.7112 0.605156
000031 375 1242 2 397.189 176.823 26.7238 77.6516 0.602915
000032 375 1242 2 562.766 249.467 87.0227 234.115 0.874755
000032 375 1242 2 808.412 270.414 88.4888 209.126 0.865906
000032 375 1242 2 453.031 250.257 75.0515 248.483 0.833246
000032 375 1242 2 936.168 254.178 109.692 237.442 0.812994
000032 375 1242 2 388.291 176.831 27.8514 74.7647 0.687004
000032 375 1242 2 608.155 178.078 19.6996 59.2098 0.604359
000033 375 1242 2 578.717 252.972 95.3356 223.472 0.882447
000033 375 1242 2 468.757 261.371 95.3101 227.258 0.864262
000033 375 1242 2 778.261 261.992 97.7744 226.015 0.86199
000033 375 1242 2 1014.49 233.053 88.2404 221.231 0.735168
000033 375 1242 2 385.468 179.51 27.9923 81.0434 0.734528
000033 375 1242 2 507.423 162.872 18.1674 49.145 0.615303
000033 375 1242 2 541.515 165.437 20.4564 48.24 0.6018
000034 375 1242 2 760.022 262.455 103.411 215.994 0.881772
000034 375 1242 2 484.373 239.135 97.3741 241.943 0.853266
000034 375 1242 2 593.221 253.009 94.1184 224.212 0.850799
000034 375 1242 2 1003.04 251.049 203.222 247.902 0.801217
000034 375 1242 2 543.161 174.728 25.1965 75.6231 0.655729
000034 375 1242 2 373.187 176.118 30.384 77.4197 0.603384
000035 375 1242 2 500.413 251.697 92.4328 245.808 0.872511
000035 375 1242 2 743.177 263.532 113.449 205.482 0.863557
000035 375 1242 2 609.41 255.163 88.2145 232.342 0.813072
000035 375 1242 2 564.925 178.249 28.0228 78.2791 0.730805
000035 375 1242 2 1026.54 250.126 189.923 249.748 0.729938
000035 375 1242 2 549.888 176.395 27.2169 79.114 0.718337
000035 375 1242 2 518.609 178.53 34.021 88.4514 0.61513
000036 375 1242 2 515.065 247.2 103.9 255.601 0.867039
000036 375 1242 2 712.346 263.016 88.4623 216.055 0.862156
000036 375 1242 2 625.167 253.962 89.5239 232.54 0.818785
000036 375 1242 2 1047.03 246.899 206.55 256.203 0.800419
000036 375 1242 2 567.985 180.689 26.3684 75.338 0.7541
000036 375 1242 2 552.48 180.524 26.6525 77.116 0.649675
000036 375 1242 2 517.89 165.404 30.3581 56.7191 0.606355
000037 375 1242 2 695.45 252.467 90.3881 222.987 0.858808
000037 375 1242 2 533.346 248.997 102.397 252.005 0.836898
000037 375 1242 2 632.921 264.032 85.6901 221.935 0.791408
000037 375 1242 2 1084.91 247.77 212.137 254.461 0.782079
000037 375 1242 2 573.046 181.732 27.297 72.3463 0.703126
000037 375 1242 2 496.161 165.907 21.9665 46.7784 0.674523
000037 375 1242 3 536.694 165.026 36.7047 46.8688 0.751006
000038 375 1242 2 549.283 246.024 96.0861 257.951 0.833238
000038 375 1242 2 1078.44 270.421 212.768 209.158 0.776968
000038 375 1242 2 661.123 262.77 85.5852 198.935 0.747671
000038 375 1242 2 608.999 178.879 24.556 58.146 0.65964
000038 375 1242 2 499.959 166.618 17.8665 49.336 0.642262
000038 375 1242 2 644.853 178.204 26.4553 59.8022 0.609218
000039 375 1242 2 661.475 268.546 103.646 212.908 0.865143
000039 375 1242 2 564.602 246.223 94.6809 257.554 0.859119
000039 375 1242 2 1138.9 248.698 206.203 252.604 0.790425
000039 375 1242 2 611.409 174.301 25.8702 68.2024 0.727759
000039 375 1242 2 499.571 165.631 16.6548 49.254 0.648207
000040 375 1242 2 580.718 253.579 81.6359 242.843 0.825904
000040 375 1242 2 676.203 268.825 88.5709 212.35 0.801112
000040 375 1242 2 630.016 271.583 82.767 206.262 0.789066
000040 375 1242 2 1138.92 271.86 205.877 206.28 0.78728
000040 375 1242 2 611.604 181.693 41.0559 95.9811 0.702802
000040 375 1242 2 501.026 164.593 17.0405 46.4932 0.655059
000040 375 1242 2 540.482 166.727 21.8384 56.3544 0.608772
000041 375 1242 2 692.765 262.29 87.248 220.124 0.808597
000041 375 1242 2 598.21 250.94 86.9095 248.121 0.798974
000041 375 1242 2 1153.14 270.752 177.718 208.495 0.772162
000041 375 1242 2 545.946 177.755 26.381 72.061 0.757297
000041 375 1242 2 615.001 183.277 44.7153 95.0249 0.737322
000041 375 1242 2 503.052 164.779 17.1041 44.0888 0.633279
000041 375 1242 2 579.394 177.412 32.7053 67.7421 0.607698
000042 375 1242 2 709.774 262.922 95.2299 224.155 0.863561
000042 375 1242 2 1163.92 272.683 156.154 204.633 0.838302
000042 375 1242 2 609.947 247.499 101.548 255.002 0.792789
000042 375 1242 2 545.698 178.615 24.3348 75.6606 0.782153
000042 375 1242 2 630.158 182.857 43.5421 94.528 0.727299
000042 375 1242 2 568.106 178.453 24.3624 73.0728 0.693322
000042 375 1242 2 493.557 164.747 16.9969 44.0404 0.64457
000043 375 1242 2 725.942 257.091 104.341 235.818 0.850059
000043 375 1242 2 629.14 249.755 87.8704 250.49 0.791413
000043 375 1242 2 581.059 255.298 91.3466 239.403 0.78763
000043 375 1242 2 645.753 182.657 46.5627 101.183 0.743128
000043 375 1242 2 543.575 177.909 26.1825 72.5063 0.741846
000043 375 1242 2 579.01 178.267 31.3372 57.6189 0.66228
000044 375 1242 2 552.231 247.114 105.374 246.348 0.858974
000044 375 1242 2 644.987 249.848 99.7792 250.304 0.809298
000044 375 1242 2 740.523 258.505 101.192 232.99 0.803145
000044 375 1242 2 585.738 182.892 26.8256 75.495 0.69826
000044 375 1242 2 623.99 180.056 26.0945 71.9507 0.613658
000044 375 1242 2 485.336 165.513 15.0924 44.4595 0.606406
000044 375 1242 3 530.865 168.313 29.1097 46.7672 0.730251
000045 375 1242 2 535.474 246.301 84.6233 219.314 0.863727
000045 375 1242 2 661.897 248.979 97.7917 252.042 0.852847
000045 375 1242 2 759.079 254.388 100.301 235.758 0.815381
000045 375 1242 2 583.874 185.425 26.9543 78.111 0.753635
000045 375 1242 2 565.209 181.649 25.8765 76.6481 0.681188
000045 375 1242 2 489.229 164.867 15.7021 43.0714 0.606102
000045 375 1242 3 531.009 167.371 33.8812 45.0783 0.726231
000046 375 1242 2 776.576 262.675 92.9288 224.649 0.851324
000046 375 1242 2 678.806 260.451 96.6021 229.098 0.848348
000046 375 1242 2 517.297 244.915 73.6031 209.27 0.847655
000046 375 1242 2 586.109 191.122 32.5979 84.0103 0.784993
000046 375 1242 2 548.784 181.2 25.0754 74.682 0.755642
000046 375 1242 2 562.559 183.397 26.0645 75.0898 0.688903
000046 375 1242 2 620.179 179.642 20.926 61.9723 0.657113
000046 375 1242 3 497.295 174.78 26.9714 47.8865 0.640588
000047 375 1242 2 498.454 247.064 89.3273 198.714 0.887656
000047 375 1242 2 694.174 247.362 90.7087 255.275 0.836547
000047 375 1242 2 803.879 253.196 98.6335 231.468 0.789161
000047 375 1242 2 547.68 181.309 25.2007 75.9942 0.782607
000047 375 1242 2 591.198 192.544 33.2549 82.8615 0.763235
000047 375 1242 2 623.828 180.202 21.9384 62.7757 0.752743
000047 375 1242 2 562.246 183.816 25.746 75.9652 0.691614
000048 375 1242 2 482.524 246.756 99.6042 216.09 0.867796
000048 375 1242 2 808.17 261.038 97.8706 225.711 0.820514
000048 375 1242 2 550.087 180.631 27.9265 77.6385 0.800435
000048 375 1242 2 712.353 238.906 87.5632 253.535 0.778302
000048 375 1242 2 627.729 179.442 22.8976 61.1036 0.774315
000048 375 1242 2 593.073 191.467 34.1503 82.1272 0.773921
000048 375 1242 3 503.259 168.546 28.1086 46.411 0.719317
000048 375 1242 3 487.372 168.046 26.1132 43.2961 0.605241
000049 375 1242 2 824.419 268.488 100.136 213.023 0.872675
000049 375 1242 2 454.396 247.626 88.9237 205.801 0.851208
000049 375 1242 2 552.559 179.451 28.1366 79.9677 0.814239
000049 375 1242 2 596.361 189.726 35.6351 86.3072 0.799953
000049 375 1242 2 740.368 241.141 87.1746 267.718 0.799206
000049 375 1242 2 630.295 180.507 27.1073 69.7177 0.721187
000049 375 1242 2 506.605 167.034 20.4373 48.1203 0.631854
000049 375 1242 3 478.838 166.6 26.3944 44.0906 0.604721
000050 375 1242 2 437.905 244.444 83.8509 189.324 0.868039
000050 375 1242 2 852.671 270.311 102.391 209.377 0.864628
000050 375 1242 2 547.369 179.177 29.1942 78.6992 0.792682
000050 375 1242 2 755.986 239.428 96.2211 271.143 0.791538
000050 375 1242 2 582.495 183.687 31.9362 76.8599 0.768289
000050 375 1242 2 629.291 180.896 26.79 67.2501 0.744741
000050 375 1242 2 503.976 166.163 19.1526 47.4956 0.66274
000050 375 1242 2 482.337 166.967 18.7501 46.6254 0.61781
000050 375 1242 3 454.603 166.717 29.9823 49.922 0.688793
000050 375 1242 3 472.912 167.275 26.7706 49.4817 0.632044
000051 375 1242 2 873.985 270.247 94.9515 209.506 0.872805
000051 375 1242 2 421.593 245.347 78.2164 199.59 0.843358
000051 375 1242 2 548.981 181.411 33.3651 80.5261 0.829872
000051 375 1242 2 772.894 238.664 99.7507 249.767 0.788521
000051 375 1242 2 600.069 188.299 37.1206 83.1324 0.770273
000051 375 1242 2 632.809 184.914 30.6254 67.3841 0.733349
000051 375 1242 2 504.396 166.756 18.6866 50.876 0.647915
000052 375 1242 2 890.861 266.292 95.9612 217.416 0.853102
000052 375 1242 2 403.896 247.279 94.9431 193.685 0.825602
000052 375 1242 2 551.127 183.651 28.7419 79.7307 0.808141
000052 375 1242 2 788.618 246.874 107.223 256.251 0.780748
000052 375 1242 2 598.335 188.373 32.4106 74.2493 0.752801
000052 375 1242 2 633.071 185.9 28.525 67.4796 0.728295
000052 375 1242 2 503.277 166.913 19.8734 52.3727 0.668896
000052 375 1242 2 484.778 166.568 19.1708 51.7618 0.624678
000053 375 1242 2 923.063 266.086 109.712 217.828 0.811079
000053 375 1242 2 551.201 184.134 26.567 82.1352 0.807195
000053 375 1242 2 386.583 244.738 82.2336 188.134 0.806683
000053 375 1242 2 610.342 192.367 34.8116 86.6645 0.773444
000053 375 1242 2 808.203 246.35 106.501 257.301 0.760171
000053 375 1242 2 580.78 185.104 28.0012 76.9594 0.740434
000053 375 1242 2 638.415 178.582 23.3181 58.4279 0.714796
000053 375 1242 2 502.223 166.435 20.0704 52.2227 0.655196
000053 375 1242 2 482.327 166.072 18.1796 54.0218 0.650957
000054 375 1242 2 370.669 242.786 78.7926 202.07 0.849037
000054 375 1242 2 554.013 182.008 28.8784 83.7176 0.819557
000054 375 1242 2 613.904 191.738 35.667 88.3788 0.778119
000054 375 1242 2 596.46 185.296 32.4623 80.3838 0.774426
000054 375 1242 2 630.629 185.761 30.6649 76.8327 0.736818
000054 375 1242 2 838.198 267.487 192.94 215.027 0.734671
000054 375 1242 2 952.24 253.077 99.577 230.448 0.713908
000054 375 1242 2 499.8 165.72 21.9973 49.9245 0.677012
000054 375 1242 2 481.453 165.665 17.4236 51.9311 0.62775
000054 375 1242 2 437.783 176.949 29.3364 81.8899 0.621739
000055 375 1242 2 354.211 242.193 70.0385 192.378 0.85566
000055 375 1242 2 556.572 182.74 29.8777 83.5992 0.813107
000055 375 1242 2 595.548 185.902 32.4633 79.4772 0.79184
000055 375 1242 2 627.32 191.29 31.493 90.0955 0.762426
000055 375 1242 2 970.625 265.801 108.766 218.398 0.710169
000055 375 1242 2 848.313 266.203 194.876 217.594 0.702105
000055 375 1242 2 435.164 177.552 30.5714 85.9158 0.679517
000056 375 1242 2 337.878 243.473 72.6231 192.8 0.870669
000056 375 1242 2 626.716 195.849 38.3076 95.5025 0.797682
000056 375 1242 2 556.701 181.289 28.9706 80.07 0.788109
000056 375 1242 2 593.368 185.098 30.4824 75.1664 0.746621
000056 375 1242 2 872.646 241.226 110.801 267.549 0.740147
000056 375 1242 2 646.354 184.05 28.3875 74.2236 0.67372
000056 375 1242 2 1002.56 254.373 105.593 238.431 0.658654
000056 375 1242 2 487.522 166.209 18.2385 57.0228 0.618313
000057 375 1242 2 321.221 244.942 83.3113 192.415 0.880064
000057 375 1242 2 557.191 182.982 29.3237 75.9779 0.804295
000057 375 1242 2 626.18 197.652 39.1704 98.185 0.793872
000057 375 1242 2 591.194 184.511 31.3464 73.9361 0.750639
000057 375 1242 2 902.351 240.833 107.892 268.334 0.743861
000057 375 1242 2 1033.93 239.822 102.594 237.794 0.663934
000057 375 1242 2 647.096 184.835 27.7797 74.4358 0.662974
000058 375 1242 2 303.053 239.81 62.8952 179.991 0.836772
000058 375 1242 2 557.018 182.746 30.7378 78.2437 0.787323
000058 375 1242 2 1066.17 271.654 191.081 206.692 0.787295
000058 375 1242 2 626.192 195.24 35.125 94.8502 0.785169
000058 375 1242 2 590.971 185.064 31.4327 74.8722 0.742325
000058 375 1242 2 420.281 177.123 26.4045 77.4067 0.722069
000058 375 1242 2 922.874 247.796 112.329 254.408 0.703515
000058 375 1242 2 646.671 182.753 28.0854 78.114 0.68936
000058 375 1242 3 480.678 167.557 27.024 54.2422 0.659318
000059 375 1242 2 631.494 195.027 40.4143 97.7068 0.821089
000059 375 1242 2 1107.86 268.503 199.732 212.995 0.797458
000059 375 1242 2 287.014 235.535 58.0154 183.292 0.790262
000059 375 1242 2 592.493 185.194 35.1117 79.1487 0.762613
000059 375 1242 2 561.81 183.476 33.025 82.9554 0.753315
000059 375 1242 2 982.234 219.107 205.624 250.335 0.748937
000059 375 1242 2 416.471 176.446 25.8669 75.3828 0.667701
000059 375 1242 2 657.887 168.533 26.348 51.6139 0.602774
000059 375 1242 3 484.049 174.249 27.6284 53.2573 0.673386
000060 375 1242 2 1139.01 268.989 182.217 212.022 0.798656
000060 375 1242 2 1008.66 219.953 206.961 243.78 0.781896
000060 375 1242 2 593.118 185.026 33.8344 78.595 0.756105
000060 375 1242 2 632.051 197.913 44.7076 107.017 0.745021
000060 375 1242 2 561.742 183.142 31.1434 85.486 0.742364
000060 375 1242 2 646.945 167.856 25.8123 51.5842 0.622795
000061 375 1242 2 1042.66 204.041 223.273 245.978 0.789197
000061 375 1242 2 644.558 195.836 41.5056 102.647 0.77997
000061 375 1242 2 560.894 183.988 30.8862 83.624 0.772348
000061 375 1242 2 594.502 185.268 32.0676 79.8765 0.764174
000061 375 1242 2 1161.92 244.722 92.6465 260.556 0.744602
000061 375 1242 2 419.57 176.969 26.1323 83.4579 0.627318
000062 375 1242 2 644.399 205.37 43.5862 118.606 0.800544
000062 375 1242 2 1083.25 202.212 224.714 253.24 0.79131
000062 375 1242 2 565.466 183.763 31.6096 82.4078 0.756538
000062 375 1242 2 595.333 185.081 33.5964 78.3869 0.742169
000062 375 1242 2 612.815 182.173 30.4385 71.3729 0.623332
000063 375 1242 1 1214.28 218.442 55.4382 244.205 0.776349
000063 375 1242 2 646.506 198.69 46.4452 113.375 0.797577
000063 375 1242 2 565.648 184.715 31.5355 84.9817 0.775753
000063 375 1242 2 1126.98 234.468 222.788 260.716 0.758268
000063 375 1242 2 596.026 185.33 32.9706 80.2676 0.747223
000064 375 1242 2 657.65 199.271 47.667 116.397 0.846712
000064 375 1242 2 564.095 183.929 31.623 86.4449 0.807406
000064 375 1242 2 1143.11 233.815 197.773 259.694 0.788036
000064 375 1242 2 594.835 188.174 34.4246 86.8224 0.777836
000065 375 1242 2 659.718 205.426 46.4891 116.805 0.804778
000065 375 1242 2 1161.16 237.34 161.681 254.691 0.803726
000065 375 1242 2 567.512 184.524 34.9816 90.555 0.797097
000065 375 1242 2 599.575 184.832 33.0831 83.8322 0.754815
000066 375 1242 2 567.284 184.743 35.2485 88.3935 0.816611
000066 375 1242 2 662.039 207.193 49.9946 115.721 0.81255
000066 375 1242 2 600.091 187.864 30.0432 84.4408 0.763664
000066 375 1242 2 1170.06 240.825 143.888 268.349 0.650749
000066 375 1242 2 457.885 179.352 24.3925 83.9196 0.62802
000067 375 1242 2 568.323 183.492 35.3597 86.8292 0.815505
000067 375 1242 2 663.563 207.34 49.7622 118.039 0.80592
000067 375 1242 2 600.074 185.811 35.9557 84.7329 0.769984
000068 375 1242 2 569.45 183.575 33.2922 86.2555 0.799594
000068 375 1242 2 674.138 205.896 48.4001 120.467 0.78824
000068 375 1242 2 607.947 184.887 34.1611 84.7417 0.761594
000069 375 1242 2 677.525 206.201 44.0861 119.439 0.809122
000069 375 1242 2 569.723 183.656 38.7698 89.2248 0.797426
000069 375 1242 2 607.718 191.481 37.3779 89.5614 0.780431
000070 375 1242 2 570.145 183.114 36.7328 88.8342 0.807684
000070 375 1242 2 610.694 185.724 35.6501 86.933 0.800644
000070 375 1242 2 689.7 209.248 42.4255 122.186 0.783983
000070 375 1242 2 438.614 179.626 33.6162 82.7073 0.634989
000070 375 1242 2 422.015 178.444 26.5582 77.7013 0.609665
000071 375 1242 2 612.824 190.338 36.9648 86.6301 0.817479
000071 375 1242 2 570.102 183.976 40.9705 93.0678 0.812214
000071 375 1242 2 693.0 211.378 46.8573 122.779 0.769537
000071 375 1242 2 421.334 177.55 26.9337 78.7287 0.637058
000071 375 1242 2 437.525 177.837 33.0889 82.544 0.623874
000072 375 1242 2 614.54 189.589 34.2312 85.2563 0.785628
000072 375 1242 2 694.138 213.102 56.4161 141.802 0.771422
000072 375 1242 2 576.374 183.58 35.682 88.0615 0.767726
000072 375 1242 2 446.556 178.794 31.0752 83.8816 0.735331
000072 375 1242 2 514.919 164.209 14.9817 35.1087 0.659522
000072 375 1242 2 678.691 182.697 28.5684 69.4059 0.641686
000072 375 1242 2 419.919 179.794 25.1105 83.4986 0.62025
000073 375 1242 2 705.898 211.487 46.1503 123.535 0.822581
000073 375 1242 2 616.609 190.995 36.6621 89.4747 0.815338
000073 375 1242 2 576.774 184.193 38.9619 89.7473 0.777778
000073 375 1242 2 447.583 179.181 31.8278 88.9487 0.736893
000073 375 1242 2 676.416 183.331 25.2882 69.9888 0.682355
000074 375 1242 2 711.059 211.649 44.2786 126.83 0.827921
000074 375 1242 2 577.042 182.189 35.2588 90.7382 0.787156
000074 375 1242 2 617.443 191.086 34.424 91.1662 0.781999
000074 375 1242 2 444.835 177.797 28.8004 85.662 0.721755
000074 375 1242 2 679.82 182.953 26.2871 69.4094 0.693688
000074 375 1242 2 421.419 178.828 26.9514 84.0277 0.604538
000075 375 1242 2 626.716 191.709 35.7261 90.1075 0.818518
000075 375 1242 2 720.77 214.195 61.5582 138.871 0.801553
000075 375 1242 2 578.706 180.891 37.7306 87.3024 0.798516
000075 375 1242 2 445.744 178.976 28.5695 81.1947 0.764082
000075 375 1242 2 682.912 184.918 27.5992 71.2132 0.696072
000075 375 1242 2 421.763 178.683 26.6428 77.922 0.655886
000075 375 1242 2 599.125 180.063 32.7838 81.7628 0.62929
000076 375 1242 2 580.192 184.783 43.1133 102.582 0.819169
000076 375 1242 2 628.279 191.759 38.9791 90.3266 0.817016
000076 375 1242 2 724.63 215.459 67.5687 138.07 0.812907
000076 375 1242 2 444.547 180.534 29.5881 81.0531 0.753206
000076 375 1242 2 684.989 185.09 28.7906 71.4579 0.651774
000076 375 1242 2 420.91 178.75 26.5272 79.1166 0.632971
000077 375 1242 2 579.015 191.218 40.1115 99.7231 0.822742
000077 375 1242 2 630.041 191.461 35.2861 86.2542 0.793582
000077 375 1242 2 733.873 218.263 54.0354 140.51 0.791607
000077 375 1242 2 440.075 181.091 27.718 87.1577 0.715501
000077 375 1242 2 683.953 186.976 29.5265 74.6003 0.624103
000077 375 1242 3 692.013 192.01 35.7931 79.2333 0.663329
000078 375 1242 2 580.82 191.278 40.1056 102.57 0.830275
000078 375 1242 2 735.577 215.145 52.1978 139.479 0.824153
000078 375 1242 2 631.949 191.648 37.2076 93.0222 0.800428
000078 375 1242 2 693.772 191.297 30.1541 78.3095 0.773786
000078 375 1242 2 437.788 179.36 27.9861 83.7447 0.692474
000078 375 1242 2 533.738 166.332 18.087 40.9114 0.689282
000079 375 1242 2 582.603 190.648 40.7167 103.813 0.823145
000079 375 1242 2 632.549 193.008 40.3942 96.3279 0.796341
000079 375 1242 2 744.078 213.876 43.9609 133.597 0.775052
000079 375 1242 2 693.18 190.833 31.9253 80.0275 0.774011
000079 375 1242 2 438.458 178.17 30.3246 79.3219 0.698595
000079 375 1242 2 526.647 165.065 17.484 40.7396 0.647301
000080 375 1242 2 752.446 217.125 57.1312 154.179 0.838165
000080 375 1242 2 583.69 184.559 43.6338 110.375 0.821981
000080 375 1242 2 695.589 193.244 31.8167 82.2361 0.803064
000080 375 1242 2 633.399 193.674 40.08 97.3127 0.775251
000080 375 1242 2 434.424 175.446 30.5334 74.8785 0.628231
000081 375 1242 2 758.004 222.211 65.9327 151.368 0.835314
000081 375 1242 2 697.35 194.324 31.3253 86.5043 0.828087
000081 375 1242 2 583.553 183.077 44.4496 112.945 0.790125
000081 375 1242 2 641.995 193.478 40.2556 93.1779 0.789207
000082 375 1242 2 763.64 223.78 64.2469 150.51 0.836607
000082 375 1242 2 644.168 195.001 42.9319 101.476 0.833273
000082 375 1242 2 699.199 194.711 33.4539 90.6862 0.82473
000082 375 1242 2 584.454 183.658 44.7639 115.96 0.780951
000082 375 1242 2 430.628 176.074 29.9305 79.9718 0.637506
000083 375 1242 2 773.524 224.558 59.7296 159.717 0.850525
000083 375 1242 2 646.146 194.158 40.77 99.1838 0.806406
000083 375 1242 2 697.559 195.078 33.6785 89.1915 0.792087
000083 375 1242 2 594.762 184.27 45.9563 112.375 0.764972
000084 375 1242 2 784.032 225.646 57.9817 163.249 0.839892
000084 375 1242 2 647.096 195.357 43.5045 102.133 0.809867
000084 375 1242 2 709.444 195.746 35.9368 90.8411 0.801007
000084 375 1242 2 591.686 189.172 63.4609 131.925 0.727526
000084 375 1242 2 422.85 178.731 26.5378 79.6062 0.641353
000084 375 1242 2 494.893 164.831 18.4843 40.9692 0.603789
000085 375 1242 2 789.84 227.991 66.6337 159.904 0.869827
000085 375 1242 2 710.34 196.286 37.9576 88.071 0.829523
000085 375 1242 2 658.991 197.131 45.6078 104.373 0.801542
000085 375 1242 2 595.397 193.639 47.4246 120.33 0.757199
000085 375 1242 2 513.949 165.882 18.7473 39.7085 0.683711
000085 375 1242 2 501.687 165.799 19.3461 41.3672 0.657869
000085 375 1242 2 422.367 179.133 30.9453 78.6549 0.629406
000086 375 1242 2 793.514 229.826 75.5002 165.358 0.858794
000086 375 1242 2 712.066 195.435 36.8049 91.5865 0.840611
000086 375 1242 2 658.653 196.34 43.8923 101.549 0.803484
000086 375 1242 2 598.529 193.409 43.3846 122.119 0.775756
000086 375 1242 2 420.704 178.759 29.8831 80.6729 0.718201
000086 375 1242 2 508.191 166.614 18.2853 38.9392 0.67992
000087 375 1242 2 807.125 230.044 69.9097 172.826 0.857446
000087 375 1242 2 599.546 193.888 45.6487 123.104 0.816297
000087 375 1242 2 712.934 195.75 39.739 92.0428 0.81553
000087 375 1242 2 661.006 197.375 39.6157 103.111 0.76973
000087 375 1242 2 506.507 167.219 20.1466 40.9737 0.638703
000088 375 1242 2 817.685 229.34 61.2422 167.671 0.859818
000088 375 1242 2 600.094 194.013 44.804 121.566 0.816934
000088 375 1242 2 724.509 197.555 37.73 98.4924 0.813619
000088 375 1242 2 662.589 196.753 38.4264 103.781 0.784314
000089 375 1242 2 826.434 229.801 69.2504 173.14 0.873871
000089 375 1242 2 610.621 196.087 50.2191 117.131 0.816091
000089 375 1242 2 726.808 199.12 38.243 99.0117 0.796235
000089 375 1242 2 663.004 198.006 45.3352 105.344 0.792737
000090 375 1242 2 838.624 233.945 70.2195 173.007 0.843565
000090 375 1242 2 610.417 196.049 47.1768 115.781 0.838447
000090 375 1242 2 728.293 199.795 37.4307 98.4647 0.79516
000090 375 1242 2 662.608 196.112 39.1367 101.099 0.763842
000090 375 1242 2 611.818 163.954 26.5354 44.7209 0.630991
000090 375 1242 2 570.105 163.285 18.2257 39.6444 0.616525
000091 375 1242 2 850.804 241.87 83.1199 186.358 0.843967
000091 375 1242 2 612.017 196.657 47.8191 120.411 0.810461
000091 375 1242 2 663.223 206.012 45.6222 112.492 0.800859
000091 375 1242 2 738.459 198.399 37.275 98.8308 0.793295
000091 375 1242 2 566.616 165.22 17.6107 39.1545 0.611521
000092 375 1242 2 855.546 243.315 80.3435 190.972 0.867451
000092 375 1242 2 663.59 205.23 47.4021 114.494 0.820863
000092 375 1242 2 613.771 193.391 41.9653 122.292 0.819421
000092 375 1242 2 741.069 196.701 34.5084 95.4962 0.792072
000093 375 1242 2 873.793 242.438 69.166 197.141 0.851445
000093 375 1242 2 615.964 197.03 44.5779 133.84 0.802612
000093 375 1242 2 742.944 198.628 39.2485 97.2737 0.794526
000093 375 1242 2 673.434 206.169 48.2255 115.452 0.768666
000094 375 1242 2 888.444 247.136 80.319 204.629 0.8588
000094 375 1242 2 674.317 207.652 46.0231 113.825 0.828422
000094 375 1242 2 616.789 198.441 47.5435 136.621 0.775696
000094 375 1242 2 743.482 201.098 34.5848 95.9798 0.774269
000094 375 1242 2 559.77 163.824 17.8781 40.4566 0.618892
000095 375 1242 2 675.216 208.975 53.609 115.641 0.847917
000095 375 1242 2 900.536 246.92 91.3048 199.732 0.841737
000095 375 1242 2 745.352 200.981 36.2305 93.6145 0.781686
000095 375 1242 2 616.199 198.825 50.4437 126.87 0.775505
000095 375 1242 2 559.69 164.431 17.3795 40.8312 0.629144
000096 375 1242 2 916.599 245.493 96.8467 193.382 0.862778
000096 375 1242 2 676.754 210.052 47.5607 115.294 0.853533
000096 375 1242 2 757.678 198.8 31.7313 93.0906 0.778035
000096 375 1242 2 621.495 202.863 57.0127 135.73 0.771741
000096 375 1242 2 555.683 164.329 17.5161 41.9345 0.60959
000097 375 1242 2 678.4 208.919 44.0123 119.364 0.860823
000097 375 1242 2 933.165 246.622 87.6951 200.966 0.832438
000097 375 1242 2 628.903 202.736 53.6669 140.152 0.811306
000097 375 1242 2 759.57 197.327 35.4738 92.9606 0.770059
000097 375 1242 2 557.554 163.77 17.502 44.5437 0.627265
000098 375 1242 2 679.173 209.391 45.8199 127.751 0.839721
000098 375 1242 2 948.334 254.093 80.6381 202.308 0.823525
000098 375 1242 2 634.957 200.865 51.1954 144.619 0.821363
000098 375 1242 2 771.259 208.635 39.1281 105.057 0.792855
000098 375 1242 2 559.132 164.592 18.6398 44.5376 0.714839
000099 375 1242 2 964.617 254.643 85.8427 215.82 0.82783
000099 375 1242 2 773.125 210.486 40.7931 110.173 0.814623
000099 375 1242 2 638.085 201.533 52.4395 145.721 0.812436
000099 375 1242 2 680.628 209.265 41.6344 121.523 0.778018
000099 375 1242 2 557.701 164.713 18.3939 46.1611 0.679263
000100 375 1242 2 981.801 251.264 97.2952 213.11 0.850049
000100 375 1242 2 774.786 209.932 40.9797 106.419 0.805556
000100 375 1242 2 637.845 204.635 54.7273 137.389 0.787395
000100 375 1242 2 689.951 213.719 48.6128 130.401 0.775579
000100 375 1242 2 557.105 164.447 18.6228 47.6201 0.63506
000100 375 1242 3 478.065 168.55 18.7521 42.0804 0.638115
000101 375 1242 2 998.524 253.114 110.129 220.263 0.873216
000101 375 1242 2 641.043 206.522 60.2515 135.576 0.817462
000101 375 1242 2 778.881 208.168 40.5168 107.691 0.808306
000101 375 1242 2 691.32 215.402 49.6709 131.058 0.800228
000101 375 1242 2 558.552 163.755 18.014 46.7364 0.668795
000101 375 1242 3 474.164 168.723 21.2656 45.2524 0.64496
000102 375 1242 2 644.716 202.924 59.5869 142.953 0.854617
000102 375 1242 2 1017.72 250.341 94.8852 221.041 0.840149
000102 375 1242 2 777.482 211.134 40.1998 113.108 0.805936
000102 375 1242 2 694.254 212.879 55.6259 139.066 0.789057
000102 375 1242 2 558.22 163.719 17.0386 47.4529 0.633165
000103 375 1242 2 650.623 202.009 57.3911 144.884 0.864719
000103 375 1242 2 1047.64 251.164 90.9854 239.128 0.834312
000103 375 1242 2 699.661 212.34 54.5654 143.148 0.817394
000103 375 1242 2 790.965 210.118 46.7668 110.3 0.803218
000104 375 1242 2 651.597 205.71 59.7031 146.095 0.84937
000104 375 1242 2 1064.3 251.203 106.075 229.312 0.842211
000104 375 1242 2 702.705 215.896 58.386 132.376 0.834372
000104 375 1242 2 792.185 211.193 39.5076 109.753 0.779845
000104 375 1242 2 478.317 168.283 17.6223 45.2427 0.662985
000104 375 1242 2 561.538 165.005 22.4078 46.801 0.629495
000105 375 1242 2 707.213 219.517 61.0287 136.918 0.883027
000105 375 1242 2 653.541 210.115 56.7191 152.466 0.84404
000105 375 1242 2 804.908 210.714 38.7362 109.751 0.786987
000105 375 1242 2 1081.66 266.688 108.745 216.624 0.767975
000105 375 1242 2 560.094 164.451 20.9695 47.4906 0.699846
000106 375 1242 2 712.825 221.258 58.5914 138.394 0.859335
000106 375 1242 2 656.442 210.959 56.8473 149.075 0.84974
000106 375 1242 2 807.679 209.345 38.6877 109.68 0.791089
000106 375 1242 2 1113.93 267.295 107.209 215.409 0.73657
000107 375 1242 2 657.663 211.314 51.9043 158.453 0.831246
000107 375 1242 2 716.198 222.74 57.1112 146.402 0.820566
000107 375 1242 2 1144.54 263.136 108.002 223.729 0.801956
000107 375 1242 2 821.376 214.017 39.8624 126.385 0.787119
000107 375 1242 2 494.215 168.2 19.8217 45.8391 0.643049
000107 375 1242 2 558.236 165.335 18.8798 45.8414 0.604052
000107 375 1242 2 458.162 181.664 25.0639 82.2089 0.601325
000108 375 1242 2 658.495 211.628 60.271 169.848 0.876387
000108 375 1242 2 719.577 225.032 60.5587 151.826 0.838898
000108 375 1242 2 821.151 220.852 55.0227 132.967 0.802253
000108 375 1242 2 1162.79 252.175 104.506 245.649 0.750607
000108 375 1242 2 560.326 165.36 18.6315 46.8912 0.696962
000108 375 1242 2 494.625 168.283 18.7568 42.5277 0.654076
000109 375 1242 2 662.403 214.698 58.5382 171.153 0.897052
000109 375 1242 2 724.903 225.125 62.8948 151.386 0.859909
000109 375 1242 2 1189.38 252.211 105.247 235.421 0.836334
000109 375 1242 2 825.819 221.922 43.8568 122.313 0.807762
000109 375 1242 2 559.802 165.299 17.8478 45.9633 0.652442
000109 375 1242 2 497.06 167.882 15.7092 42.7583 0.623525
000110 375 1242 2 665.278 214.974 59.4365 171.517 0.888642
000110 375 1242 2 730.189 229.77 58.1703 149.501 0.885223
000110 375 1242 2 1200.34 252.126 83.3209 232.191 0.812274
000110 375 1242 2 836.011 214.398 42.266 130.05 0.788757
000110 375 1242 2 501.007 167.508 14.7034 42.1151 0.657424
000110 375 1242 2 558.414 165.298 16.8381 48.4117 0.615525
000111 375 1242 2 668.624 216.909 56.5992 165.357 0.858724
000111 375 1242 2 735.795 230.203 62.5139 148.308 0.837602
000111 375 1242 2 840.018 213.997 47.0494 130.823 0.803719
000112 375 1242 2 674.315 217.776 61.7537 167.955 0.872826
000112 375 1242 2 738.834 227.256 61.2872 153.578 0.866861
000112 375 1242 2 843.86 219.674 55.9956 136.683 0.840725
000112 375 1242 2 559.837 163.773 16.1847 43.6968 0.659323
000113 375 1242 2 742.979 230.165 71.8459 159.603 0.861916
000113 375 1242 2 677.296 217.241 64.3384 177.118 0.848493
000113 375 1242 2 855.281 222.412 47.3286 124.67 0.773833
000113 375 1242 2 561.483 163.749 16.4824 46.1057 0.63109
000114 375 1242 2 679.595 216.752 62.5176 175.317 0.85253
000114 375 1242 2 755.308 232.668 72.9496 157.51 0.836181
000114 375 1242 2 858.787 221.761 59.1836 131.005 0.828098
000114 375 1242 2 563.375 163.68 16.0723 44.5736 0.644481
000115 375 1242 2 757.893 233.801 69.2549 152.313 0.86514
000115 375 1242 2 684.761 223.121 60.6637 187.246 0.842639
000115 375 1242 2 868.294 218.997 53.0063 135.061 0.765105
000115 375 1242 2 512.134 165.398 17.4592 41.0327 0.7224
000115 375 1242 2 564.976 163.847 16.35 44.8613 0.663376
000116 375 1242 2 873.878 223.901 57.7964 143.978 0.838175
000116 375 1242 2 688.282 225.926 69.5679 192.576 0.83654
000116 375 1242 2 761.211 235.454 66.3907 155.263 0.814416
000116 375 1242 2 516.907 164.132 17.2487 42.0295 0.747116
000116 375 1242 2 567.128 164.132 16.1616 46.5624 0.676653
000116 375 1242 2 420.184 183.0 25.2786 76.779 0.634149
000117 375 1242 2 887.53 226.645 65.5929 143.573 0.859495
000117 375 1242 2 691.147 229.256 71.415 192.291 0.835705
000117 375 1242 2 764.224 241.193 64.8096 169.195 0.820494
000117 375 1242 2 524.053 165.191 19.0293 42.4904 0.677251
000117 375 1242 2 570.737 163.728 18.6493 45.6888 0.653757
000118 375 1242 2 769.633 245.917 62.359 174.515 0.864783
000118 375 1242 2 892.002 230.595 65.5388 144.73 0.863242
000118 375 1242 2 698.508 239.112 65.6071 204.242 0.82341
000118 375 1242 2 417.846 181.925 25.8726 78.8482 0.698103
000118 375 1242 2 526.086 165.281 19.1511 43.1682 0.635378
000119 375 1242 2 773.54 245.39 70.2123 172.071 0.870391
000119 375 1242 2 902.756 232.851 53.8125 146.158 0.863229
000119 375 1242 2 707.496 231.037 65.9438 202.678 0.849922
000119 375 1242 2 419.233 178.914 28.4415 76.8854 0.662663
000120 375 1242 2 911.972 228.63 54.4081 151.503 0.864729
000120 375 1242 2 710.115 239.303 67.6704 208.894 0.855935
000120 375 1242 2 778.315 248.469 69.1996 184.943 0.830243
000121 375 1242 2 922.873 227.979 60.6071 150.238 0.853661
000121 375 1242 2 785.036 249.169 68.9114 186.324 0.821318
000121 375 1242 2 713.026 239.802 75.36 204.049 0.785858
000122 375 1242 2 935.988 232.091 76.2811 156.49 0.886094
000122 375 1242 2 791.433 249.32 77.2234 187.843 0.872814
000122 375 1242 2 725.792 233.992 76.7852 190.267 0.822069
000122 375 1242 2 531.832 166.586 14.981 38.8165 0.625345
000123 375 1242 2 938.548 240.521 71.7679 158.364 0.861689
000123 375 1242 2 793.164 260.071 79.996 200.102 0.831854
000123 375 1242 2 728.625 251.393 68.5331 205.765 0.811763
000124 375 1242 2 806.325 259.031 81.8016 185.764 0.857901
000124 375 1242 2 741.341 245.633 74.9109 224.629 0.826981
000124 375 1242 2 953.92 236.468 70.8231 161.123 0.813211
000125 375 1242 2 820.347 261.334 76.7335 194.213 0.892839
000125 375 1242 2 967.571 231.151 71.137 165.657 0.868262
000125 375 1242 2 742.588 232.248 76.7058 199.224 0.793415
000126 375 1242 2 983.649 243.613 87.5467 176.078 0.853032
000126 375 1242 2 823.947 264.218 71.4918 212.323 0.852019
000126 375 1242 2 755.22 244.014 81.363 235.966 0.80575
000127 375 1242 2 998.958 244.527 89.4163 182.125 0.869784
000127 375 1242 2 758.034 254.196 88.0187 235.072 0.858395
000127 375 1242 2 834.583 260.194 75.0078 205.515 0.832386
000128 375 1242 2 840.068 264.357 80.1523 206.038 0.88849
000128 375 1242 2 1002.42 245.912 81.4507 184.977 0.872887
000128 375 1242 2 759.124 233.933 94.0834 210.538 0.824975
000128 375 1242 2 566.824 167.589 18.3041 47.8995 0.602264
000129 375 1242 2 1016.99 245.204 75.8714 177.082 0.882878
000129 375 1242 2 852.185 264.508 87.6747 202.991 0.848436
000129 375 1242 2 775.241 255.771 81.217 238.459 0.817722
000130 375 1242 2 1033.31 245.756 90.5127 181.776 0.875531
000130 375 1242 2 857.881 267.516 85.6483 214.967 0.859896
000130 375 1242 2 787.991 246.757 78.7346 237.341 0.804796
000130 375 1242 2 560.808 165.028 18.0813 44.2031 0.625459
000131 375 1242 2 1049.4 242.572 83.287 169.77 0.868229
000131 375 1242 2 791.792 249.56 84.0852 236.888 0.833156
000131 375 1242 2 872.211 263.357 87.5309 223.286 0.807099
000131 375 1242 2 559.588 163.87 17.8839 44.8374 0.658575
000132 375 1242 2 1065.29 246.148 88.1284 186.753 0.863132
000132 375 1242 2 804.565 249.113 91.9502 248.409 0.824128
000132 375 1242 2 888.477 264.797 96.8701 217.924 0.800243
000132 375 1242 2 564.327 163.83 18.3595 43.1474 0.707395
000133 375 1242 2 809.697 235.971 92.5415 243.485 0.833042
000133 375 1242 2 1081.63 250.613 96.1328 206.624 0.823858
000133 375 1242 2 903.73 271.136 102.865 207.729 0.801831
000133 375 1242 2 566.806 164.679 17.948 43.0031 0.693171
000134 375 1242 2 1095.77 247.678 90.0476 194.87 0.868143
000134 375 1242 2 822.533 244.677 86.6038 260.645 0.825221
000134 375 1242 2 921.98 270.222 108.237 209.557 0.764556
000134 375 1242 2 569.202 165.15 17.1992 42.4355 0.640656
000135 375 1242 2 937.04 267.906 102.48 214.188 0.856638
000135 375 1242 2 836.758 265.072 81.4336 219.856 0.841794
000135 375 1242 2 1113.58 253.025 102.903 223.023 0.840783
000135 375 1242 2 572.978 165.027 17.1362 42.4562 0.609651
000136 375 1242 2 951.841 263.905 107.909 222.189 0.873411
000136 375 1242 2 1130.84 255.463 105.073 218.838 0.818236
000136 375 1242 2 851.03 232.503 100.385 233.602 0.798845
000137 375 1242 2 968.097 267.186 116.154 215.628 0.865756
000137 375 1242 2 855.888 257.708 92.083 234.584 0.836328
000137 375 1242 2 1146.81 255.223 102.731 220.922 0.809651
000137 375 1242 2 387.95 177.076 22.4848 56.7681 0.684343
000138 375 1242 2 985.835 271.28 125.033 207.44 0.819699
000138 375 1242 2 1173.9 260.244 92.8323 221.809 0.78854
000138 375 1242 2 870.31 249.489 99.163 238.36 0.781241
000138 375 1242 2 387.911 178.119 23.4018 58.6843 0.67677
000139 375 1242 2 1192.16 254.691 88.4331 233.639 0.818771
000139 375 1242 2 885.384 247.319 92.7059 252.993 0.811447
000139 375 1242 2 1014.24 271.104 127.967 207.793 0.800724
000139 375 1242 2 902.563 164.258 42.9534 100.768 0.687387
000139 375 1242 2 389.435 179.613 30.7879 71.05 0.659837
000140 375 1242 2 901.732 243.41 95.8335 263.18 0.778571
000140 375 1242 2 1029.36 269.79 178.174 210.421 0.749016
000140 375 1242 2 388.904 181.084 29.4785 70.3045 0.646796
000141 375 1242 2 1054.56 274.2 198.132 201.601 0.85002
000141 375 1242 2 270.044 183.82 28.1121 97.2184 0.701882
000141 375 1242 2 573.864 164.427 18.4502 48.3757 0.699549
000141 375 1242 2 905.741 259.225 101.323 231.549 0.698796
000141 375 1242 2 388.697 183.12 26.2373 72.2119 0.671121
000142 375 1242 2 1085.0 273.385 193.832 203.231 0.841913
000142 375 1242 2 921.99 259.733 108.562 230.534 0.772034
000142 375 1242 2 576.498 163.903 19.5836 47.5513 0.711887
000142 375 1242 2 389.206 181.596 25.941 72.1567 0.634507
000143 375 1242 2 1120.23 274.839 203.431 196.027 0.911549
000143 375 1242 2 967.31 204.18 94.3373 224.768 0.752661
000143 375 1242 2 575.062 164.187 19.8008 45.1482 0.707623
000143 375 1242 2 388.611 179.059 21.4225 57.0451 0.642495
000144 375 1242 2 1141.17 274.484 193.203 195.236 0.84356
000144 375 1242 2 1000.64 188.516 96.8335 232.863 0.770082
000144 375 1242 2 390.606 179.578 27.0121 72.7137 0.607244
