000000 375 1242 1 382.33 181.207 449.084 223.72 0.998206
000000 375 1242 1 147.678 200.103 320.082 275.249 0.997383
000000 375 1242 1 454.999 187.251 496.867 215.049 0.932219
000001 375 1242 1 352.069 182.458 428.389 230.522 0.99605
000001 375 1242 1 443.592 184.85 486.781 211.622 0.995722
000001 375 1242 1 12.4801 203.798 258.913 311.761 0.994881
000002 375 1242 1 429.43 186.145 473.633 213.822 0.998352
000002 375 1242 1 314.212 182.912 406.509 236.922 0.982583
000003 375 1242 1 411.904 185.909 460.445 216.692 0.997423
000003 375 1242 1 268.056 184.168 376.855 245.711 0.989514
000004 375 1242 1 393.7 187.839 446.27 219.205 0.998794
000004 375 1242 1 201.995 188.452 337.331 256.009 0.99325
000004 375 1242 1 449.359 184.723 477.874 207.284 0.829672
000005 375 1242 1 370.173 188.511 436.325 227.53 0.99896
000005 375 1242 1 106.087 188.114 294.684 268.112 0.986355
000005 375 1242 1 436.065 185.263 467.946 207.993 0.911323
000006 375 1242 1 420.832 184.68 454.107 209.62 0.998815
000006 375 1242 1 343.318 187.7 413.391 229.653 0.998775
000006 375 1242 1 0.0 186.564 243.305 292.133 0.973582
000007 375 1242 1 310.169 188.847 390.305 231.557 0.999481
000007 375 1242 1 403.656 184.623 441.743 212.026 0.992062
000008 375 1242 1 266.652 189.554 363.535 234.682 0.999731
000008 375 1242 1 383.927 185.544 428.521 216.517 0.996653
000009 375 1242 1 211.078 190.183 335.999 246.768 0.999411
000009 375 1242 1 361.219 188.037 411.271 219.235 0.998573
000010 375 1242 1 145.494 194.748 292.6 256.608 0.999462
000010 375 1242 1 332.708 188.654 391.771 223.799 0.998604
000011 375 1242 1 39.4379 196.042 247.662 277.513 0.999289
000011 375 1242 1 299.988 189.243 369.447 230.144 0.996772
000012 375 1242 1 259.448 192.179 341.303 234.183 0.999563
000012 375 1242 1 0.0 201.624 178.909 292.533 0.725128
000013 375 1242 1 210.319 193.809 308.825 242.756 0.999368
000014 375 1242 1 143.549 194.262 273.651 256.679 0.998754
000015 375 1242 1 52.4543 197.763 221.51 277.253 0.990068
000015 375 1242 1 479.645 176.863 504.981 201.201 0.569967
000016 375 1242 1 476.396 175.934 501.264 200.989 0.627678
000017 375 1242 1 473.22 174.517 498.663 200.363 0.757262
000019 375 1242 1 468.971 175.158 496.481 202.045 0.563753
000021 375 1242 1 467.186 174.127 494.607 201.942 0.869332
000039 375 1242 1 412.705 165.108 477.162 217.99 0.793866
000040 375 1242 1 404.902 169.155 469.657 222.681 0.584323
000046 375 1242 1 323.585 163.811 429.915 241.733 0.534505
000048 375 1242 1 282.668 156.484 410.109 249.415 0.519708
000049 375 1242 1 249.912 152.766 400.958 255.824 0.819779
000050 375 1242 1 216.58 153.581 381.147 264.385 0.745233
000051 375 1242 1 164.36 151.4 362.974 273.233 0.970674
000052 375 1242 1 104.818 142.952 330.344 284.269 0.945874
000053 375 1242 1 27.7635 138.53 284.682 300.02 0.911676
000082 375 1242 1 503.851 180.1 529.391 199.802 0.682294
000083 375 1242 1 496.973 178.887 525.63 198.64 0.992899
000084 375 1242 1 489.718 179.854 518.944 200.254 0.997109
000085 375 1242 1 481.49 179.651 513.528 201.387 0.999913
000086 375 1242 1 471.31 181.522 506.92 205.666 0.999913
000087 375 1242 1 458.599 183.47 499.445 208.529 0.999922
000088 375 1242 1 444.013 182.164 491.225 210.411 0.999978
000088 375 1242 1 501.55 178.884 523.925 197.352 0.847997
000089 375 1242 1 431.04 182.601 477.701 212.103 0.999983
000089 375 1242 1 495.44 178.065 519.195 196.584 0.770941
000090 375 1242 1 404.942 181.978 464.286 216.191 0.999997
000090 375 1242 1 487.341 177.968 514.019 198.031 0.996949
000091 375 1242 1 379.989 182.591 445.9 222.195 0.999997
000091 375 1242 1 477.765 179.023 509.33 200.588 0.999762
000092 375 1242 1 344.779 184.376 425.855 230.923 1.0
000092 375 1242 1 467.898 179.135 502.923 202.745 0.999932
000093 375 1242 1 297.018 185.038 400.345 238.117 0.999999
000093 375 1242 1 456.703 179.845 494.338 204.375 0.999918
000094 375 1242 1 237.689 185.993 363.795 250.074 0.999996
000094 375 1242 1 443.835 178.46 486.006 205.858 0.999843
000095 375 1242 1 427.042 179.592 477.123 210.984 0.999994
000095 375 1242 1 140.565 189.572 314.413 271.045 0.999982
000096 375 1242 1 405.857 181.075 463.428 216.021 0.999996
000096 375 1242 1 0.0 194.258 248.731 302.644 0.999685
000097 375 1242 1 383.931 181.341 445.961 221.866 1.0
000098 375 1242 1 350.339 182.651 429.91 225.879 1.0
000099 375 1242 1 304.572 183.085 406.487 238.318 0.999998
000100 375 1242 1 244.894 185.39 373.468 251.806 0.999989
000100 375 1242 1 508.798 175.592 531.357 195.052 0.746012
000101 375 1242 1 154.011 185.998 322.091 270.192 0.999977
000101 375 1242 1 502.764 176.506 527.541 196.916 0.9448
000102 375 1242 1 7.39677 191.078 242.771 300.549 0.999892
000102 375 1242 1 499.042 178.114 524.228 197.84 0.983661
000103 375 1242 1 493.833 178.956 522.095 199.112 0.996777
000104 375 1242 1 485.322 179.203 515.651 201.366 0.999802
000105 375 1242 1 476.628 179.983 510.001 202.914 0.999658
000106 375 1242 1 467.249 179.564 504.245 204.532 0.999976
000107 375 1242 1 454.352 177.772 496.356 206.486 0.999954
000108 375 1242 1 440.263 179.493 485.139 209.438 0.999995
000109 375 1242 1 421.434 178.796 474.954 212.818 0.999999
000110 375 1242 1 400.019 178.77 460.157 217.959 0.999991
000111 375 1242 1 372.773 181.022 442.029 224.003 1.0
000112 375 1242 1 335.953 180.627 426.522 229.526 1.0
000112 375 1242 1 501.256 173.175 526.838 195.428 0.919415
000113 375 1242 1 287.03 180.231 395.487 238.42 0.999999
000113 375 1242 1 496.178 174.057 521.359 195.469 0.977048
000114 375 1242 1 217.233 181.558 359.153 252.29 0.999994
000114 375 1242 1 490.389 173.801 516.846 196.691 0.996515
000115 375 1242 1 112.446 183.344 305.999 274.641 0.999988
000115 375 1242 1 483.452 174.893 512.138 198.667 0.99927
000116 375 1242 1 473.954 177.49 508.246 201.971 0.999938
000116 375 1242 1 0.0 188.343 253.967 308.55 0.998934
000117 375 1242 1 465.027 176.922 501.092 204.542 0.999936
000118 375 1242 1 451.857 177.477 492.937 206.741 0.999995
000119 375 1242 1 438.151 177.927 486.036 209.312 0.999994
000120 375 1242 1 421.035 178.132 476.285 215.449 0.999996
000121 375 1242 1 400.767 180.901 461.458 221.217 0.999996
000122 375 1242 1 372.368 180.963 447.503 227.51 0.999999
000123 375 1242 1 337.193 181.0 428.815 235.096 0.999999
000124 375 1242 1 289.702 183.526 403.025 243.136 0.999997
000125 375 1242 1 217.567 186.112 364.727 259.795 0.999996
000126 375 1242 1 114.822 190.442 308.03 285.334 0.99999
000127 375 1242 1 0.0 192.114 251.809 321.536 0.998776
000141 375 1242 1 589.033 172.335 607.029 191.962 0.777702
000143 375 1242 1 585.579 168.976 604.319 188.827 0.647745
000144 375 1242 1 584.731 169.848 605.137 190.117 0.963876
000145 375 1242 1 582.174 171.445 603.336 191.732 0.742492
000146 375 1242 1 581.077 174.763 601.807 194.497 0.7163
000147 375 1242 1 581.238 174.805 602.08 196.026 0.930871
000148 375 1242 1 577.94 172.408 601.733 193.937 0.958789
000149 375 1242 1 577.349 173.671 600.852 193.712 0.907494
000150 375 1242 1 577.373 174.29 600.947 194.634 0.929095
000151 375 1242 1 576.992 174.359 599.585 194.455 0.945298
000152 375 1242 1 576.539 173.703 601.887 194.293 0.962155
000152 375 1242 1 548.291 172.066 568.038 190.434 0.526841
000153 375 1242 1 576.131 172.302 600.792 193.871 0.993255
000153 375 1242 1 547.857 171.03 567.986 191.166 0.634668
000154 375 1242 1 575.039 171.445 602.161 192.887 0.998468
000154 375 1242 1 546.94 168.767 567.619 188.56 0.854811
000155 375 1242 1 576.495 167.672 602.692 190.169 0.995743
000155 375 1242 1 547.563 167.142 567.166 187.473 0.86562
000156 375 1242 1 575.583 169.336 601.182 192.064 0.998941
000156 375 1242 1 546.557 168.272 566.381 186.669 0.975457
000157 375 1242 1 576.299 174.461 602.144 195.425 0.994122
000157 375 1242 1 545.695 172.338 566.851 191.482 0.952593
000158 375 1242 1 577.871 176.405 605.255 199.155 0.998004
000158 375 1242 1 545.64 173.87 567.458 194.433 0.995636
000159 375 1242 1 577.942 179.854 602.765 201.739 0.997952
000159 375 1242 1 544.779 177.045 567.652 196.887 0.978139
000160 375 1242 1 578.01 177.777 603.916 201.699 0.999643
000160 375 1242 1 544.871 176.344 567.835 196.235 0.996161
000161 375 1242 1 576.251 170.236 605.383 194.253 0.999926
000161 375 1242 1 544.462 169.274 568.694 190.134 0.996969
000162 375 1242 1 577.428 164.837 605.319 188.484 0.998619
000162 375 1242 1 544.659 162.619 569.097 184.509 0.997694
000163 375 1242 1 543.338 164.092 568.581 186.161 0.999386
000163 375 1242 1 577.215 165.755 604.673 188.937 0.999378
000164 375 1242 1 577.497 166.676 607.323 191.552 0.999735
000164 375 1242 1 543.13 164.838 569.249 187.433 0.999445
000165 375 1242 1 578.078 172.216 607.514 196.706 0.999743
000165 375 1242 1 542.399 171.02 569.769 193.35 0.999057
000166 375 1242 1 577.877 174.688 607.58 197.554 0.99992
000166 375 1242 1 542.698 172.016 569.103 193.515 0.999755
000167 375 1242 1 578.543 170.27 607.129 195.307 0.999871
000167 375 1242 1 541.835 168.223 568.31 190.517 0.999149
000168 375 1242 1 579.124 171.67 607.967 196.498 0.999955
000168 375 1242 1 542.874 169.71 570.088 193.228 0.999247
000169 375 1242 1 579.03 173.18 609.966 198.722 0.999977
000169 375 1242 1 541.923 172.804 569.197 194.633 0.999567
000170 375 1242 1 541.144 175.454 569.21 198.128 0.999895
000170 375 1242 1 579.578 176.018 609.808 202.567 0.999249
000171 375 1242 1 580.454 180.146 611.377 207.232 0.999922
000171 375 1242 1 541.713 181.124 570.396 203.944 0.999587
000172 375 1242 1 579.898 182.712 610.602 208.585 0.999803
000172 375 1242 1 540.979 181.496 570.104 204.002 0.999186
000173 375 1242 1 581.181 179.888 614.06 206.77 0.999982
000173 375 1242 1 539.098 177.788 571.107 200.994 0.999482
000174 375 1242 1 580.705 177.564 614.755 205.299 0.999776
000174 375 1242 1 539.027 176.05 569.21 199.359 0.999204
000175 375 1242 1 582.129 178.145 614.576 205.372 0.99986
000175 375 1242 1 538.804 175.364 569.778 199.442 0.999602
000176 375 1242 1 582.146 178.377 615.257 205.744 0.999933
000176 375 1242 1 538.604 176.109 569.053 200.655 0.999818
000177 375 1242 1 583.736 178.438 618.2 207.189 0.99994
000177 375 1242 1 538.825 177.871 571.483 201.917 0.999859
000178 375 1242 1 582.214 179.736 618.576 208.132 0.999977
000178 375 1242 1 537.857 178.033 571.025 202.3 0.999907
000179 375 1242 1 583.042 180.627 618.85 209.156 0.999941
000179 375 1242 1 537.148 180.13 571.978 204.801 0.99992
000180 375 1242 1 583.684 181.353 619.469 208.745 0.999985
000180 375 1242 1 536.933 180.09 571.854 204.902 0.999707
000181 375 1242 1 584.576 180.174 621.361 209.354 0.999981
000181 375 1242 1 536.464 179.895 571.919 205.417 0.999795
000182 375 1242 1 584.802 179.515 621.85 208.752 0.999984
000182 375 1242 1 535.448 178.094 572.178 204.766 0.999952
000183 375 1242 1 584.982 179.254 622.958 209.907 0.999987
000183 375 1242 1 534.862 179.063 571.514 205.943 0.999896
000184 375 1242 1 533.235 179.851 571.57 206.63 0.99998
000184 375 1242 1 584.707 181.36 623.11 213.055 0.999963
000185 375 1242 1 532.993 180.401 571.338 208.395 0.999977
000185 375 1242 1 584.99 180.244 623.173 212.627 0.999964
000186 375 1242 1 531.364 180.718 569.78 209.266 0.999981
000186 375 1242 1 584.805 182.079 624.23 214.007 0.999962
000187 375 1242 1 530.873 181.551 569.598 209.037 0.999955
000187 375 1242 1 584.099 181.901 623.678 215.018 0.9999
000188 375 1242 1 529.475 179.906 568.744 209.002 0.999961
000188 375 1242 1 584.657 181.744 623.891 214.706 0.999935
000189 375 1242 1 527.777 178.897 568.391 208.422 0.999979
000189 375 1242 1 585.32 180.112 624.897 214.083 0.99982
000190 375 1242 1 527.275 178.805 567.764 208.167 0.999971
000190 375 1242 1 583.706 178.608 623.789 212.652 0.999933
000190 375 1242 1 441.591 175.169 471.837 196.75 0.566049
000191 375 1242 1 525.868 177.32 566.455 207.355 0.999965
000191 375 1242 1 582.851 179.696 623.319 212.751 0.999954
000191 375 1242 1 433.475 174.47 463.989 197.437 0.733758
000192 375 1242 1 522.667 178.43 565.323 209.068 0.999993
000192 375 1242 1 583.125 180.905 625.234 213.702 0.999885
000192 375 1242 1 426.974 176.609 456.063 199.508 0.834841
000193 375 1242 1 522.655 179.722 563.182 209.592 0.999971
000193 375 1242 1 582.079 182.427 622.971 214.5 0.999932
000193 375 1242 1 418.28 177.986 449.874 202.612 0.9571
000194 375 1242 1 518.852 180.785 563.574 210.688 0.99999
000194 375 1242 1 580.237 182.211 624.088 217.563 0.99993
000194 375 1242 1 406.733 178.987 440.361 203.061 0.976335
000195 375 1242 1 518.652 180.954 562.299 210.48 0.999976
000195 375 1242 1 580.006 181.976 623.748 218.593 0.999953
000195 375 1242 1 392.565 179.755 431.378 204.948 0.983519
000196 375 1242 1 577.37 181.868 622.2 218.46 0.999956
000196 375 1242 1 518.305 181.48 560.527 210.352 0.99994
000196 375 1242 1 379.425 179.451 420.845 205.921 0.996238
000197 375 1242 1 578.13 181.764 623.262 218.726 0.999978
000197 375 1242 1 516.363 182.012 558.24 210.379 0.999753
000197 375 1242 1 363.456 179.16 410.824 207.342 0.998321
000198 375 1242 1 577.491 181.514 624.754 219.035 0.999981
000198 375 1242 1 515.438 179.839 559.153 210.216 0.999978
000198 375 1242 1 343.301 177.703 400.599 210.432 0.991509
000199 375 1242 1 577.317 181.619 622.769 219.756 0.999981
000199 375 1242 1 514.245 179.852 557.363 210.16 0.999965
000199 375 1242 1 327.115 179.118 387.829 214.123 0.99551
000200 375 1242 1 575.291 181.722 621.611 220.721 0.999989
000200 375 1242 1 510.929 180.309 558.402 210.497 0.999981
000200 375 1242 1 300.168 178.545 368.326 215.685 0.997714
000201 375 1242 1 510.053 180.278 555.625 209.86 0.99998
000201 375 1242 1 575.387 181.999 622.034 221.666 0.999972
000201 375 1242 1 272.136 177.823 352.67 219.639 0.999866
000201 375 1242 1 418.316 177.783 452.437 196.618 0.893585
000202 375 1242 1 576.076 181.916 622.315 222.131 0.999985
000202 375 1242 1 507.633 179.075 555.455 210.633 0.999972
000202 375 1242 1 240.26 179.07 330.47 222.718 0.999946
000202 375 1242 1 412.192 178.908 443.812 198.995 0.994321
000203 375 1242 1 195.948 181.84 308.801 229.442 0.999949
000203 375 1242 1 507.83 180.666 554.448 212.023 0.999927
000203 375 1242 1 571.982 183.647 623.75 222.751 0.999914
000203 375 1242 1 400.749 178.115 437.435 199.317 0.980963
000204 375 1242 1 145.89 184.686 278.404 238.389 0.999963
000204 375 1242 1 571.467 185.119 622.314 226.155 0.999961
000204 375 1242 1 507.273 182.157 552.835 214.202 0.999957
000204 375 1242 1 391.054 180.425 431.045 202.532 0.998664
000205 375 1242 1 507.656 184.111 552.285 216.706 0.999971
000205 375 1242 1 83.2603 187.964 237.718 250.432 0.999966
000205 375 1242 1 570.701 188.265 622.146 228.766 0.999927
000205 375 1242 1 379.368 183.954 420.314 207.071 0.999648
000206 375 1242 1 505.837 184.402 551.403 216.578 0.999997
000206 375 1242 1 7.03862 189.771 188.205 264.109 0.999961
000206 375 1242 1 368.953 184.411 411.671 209.779 0.99992
000206 375 1242 1 571.497 188.3 621.981 229.431 0.999824
000207 375 1242 1 505.145 180.271 552.026 213.744 0.999993
000207 375 1242 1 568.381 184.303 621.077 226.447 0.999952
000207 375 1242 1 354.644 181.755 399.67 208.11 0.999922
000208 375 1242 1 506.27 177.116 550.467 208.899 0.999979
000208 375 1242 1 337.703 177.99 387.297 207.691 0.99994
000208 375 1242 1 567.946 180.986 621.303 223.342 0.99988
000209 375 1242 1 506.142 175.821 551.313 208.595 0.999983
000209 375 1242 1 321.098 178.89 374.973 206.245 0.999933
000209 375 1242 1 567.747 179.341 622.045 221.196 0.999896
000210 375 1242 1 504.969 175.922 550.826 208.397 0.999988
000210 375 1242 1 302.147 179.409 362.736 210.831 0.999935
000210 375 1242 1 567.587 180.438 622.135 222.464 0.999857
000211 375 1242 1 506.336 178.315 552.253 210.28 0.999982
000211 375 1242 1 279.296 181.763 345.318 216.679 0.99997
000211 375 1242 1 570.277 179.967 620.755 223.981 0.999933
000211 375 1242 1 425.77 171.574 453.927 191.321 0.855334
000212 375 1242 1 505.663 179.945 552.907 212.222 0.99999
000212 375 1242 1 252.793 183.386 327.997 220.801 0.99999
000212 375 1242 1 567.364 181.245 621.075 224.803 0.99997
000212 375 1242 1 420.453 172.085 450.916 193.453 0.788936
000213 375 1242 1 219.554 185.677 307.901 227.264 0.99999
000213 375 1242 1 506.453 181.252 553.899 212.386 0.999981
000213 375 1242 1 567.141 182.486 622.306 227.39 0.999949
000213 375 1242 1 415.43 174.143 444.233 195.57 0.916977
000214 375 1242 1 181.522 187.733 282.051 232.418 0.99999
000214 375 1242 1 504.508 182.139 550.008 213.476 0.999975
000214 375 1242 1 567.18 182.393 621.09 227.54 0.999973
000215 375 1242 1 566.152 183.095 621.74 228.089 0.999977
000215 375 1242 1 506.92 180.917 552.174 213.241 0.999963
000215 375 1242 1 134.652 188.721 252.606 238.491 0.999934
000215 375 1242 1 398.928 175.484 433.4 198.697 0.938895
000216 375 1242 1 505.998 180.63 552.451 213.546 0.999971
000216 375 1242 1 567.378 182.009 622.346 228.338 0.99997
000216 375 1242 1 75.3657 189.968 212.193 247.605 0.999917
000216 375 1242 1 391.244 173.774 428.146 198.095 0.994081
000217 375 1242 1 567.801 181.959 622.16 227.194 0.999935
000217 375 1242 1 507.239 180.262 552.939 212.421 0.999855
000217 375 1242 1 8.43645 190.07 173.415 255.285 0.999642
000217 375 1242 1 383.316 173.014 419.928 199.98 0.997378
000218 375 1242 1 567.283 181.664 621.359 226.135 0.999978
000218 375 1242 1 505.847 179.675 552.148 211.801 0.999969
000218 375 1242 1 375.811 171.317 413.812 199.092 0.996642
000218 375 1242 1 0.0 193.214 130.607 268.143 0.884735
000219 375 1242 1 567.113 181.903 622.461 225.009 0.99995
000219 375 1242 1 507.11 177.558 552.24 210.07 0.999941
000219 375 1242 1 363.616 172.802 404.803 200.507 0.999597
000220 375 1242 1 567.281 178.244 621.574 224.9 0.999983
000220 375 1242 1 507.364 176.282 553.943 208.361 0.999891
000220 375 1242 1 352.175 172.144 397.188 201.188 0.999587
000221 375 1242 1 507.211 177.582 552.968 209.096 0.99999
000221 375 1242 1 567.043 179.867 622.173 223.951 0.999973
000221 375 1242 1 337.188 172.773 386.926 202.264 0.999857
000222 375 1242 1 508.262 178.413 551.741 208.179 0.999948
000222 375 1242 1 319.94 173.68 377.756 205.234 0.999945
000222 375 1242 1 565.533 181.322 621.15 224.512 0.999881
000222 375 1242 1 389.23 176.184 418.842 195.123 0.991512
000223 375 1242 1 567.208 180.316 621.734 224.333 0.999931
000223 375 1242 1 506.916 176.998 552.598 208.637 0.999929
000223 375 1242 1 304.877 172.974 366.719 207.489 0.999796
000223 375 1242 1 380.08 175.409 414.012 197.031 0.989314
000224 375 1242 1 506.797 176.716 551.277 208.344 0.999936
000224 375 1242 1 284.768 174.946 351.649 211.538 0.999866
000224 375 1242 1 565.232 179.837 621.098 223.482 0.999863
000224 375 1242 1 368.919 175.748 405.844 198.096 0.994287
000225 375 1242 1 506.236 177.819 551.871 208.864 0.999985
000225 375 1242 1 266.707 175.362 336.787 215.489 0.999866
000225 375 1242 1 564.469 180.324 619.047 224.199 0.999823
000225 375 1242 1 360.946 178.458 398.063 201.278 0.99777
000226 375 1242 1 506.53 178.271 549.281 210.653 0.999987
000226 375 1242 1 236.561 178.337 321.07 220.646 0.999841
000226 375 1242 1 561.836 181.052 618.009 225.495 0.999652
000226 375 1242 1 350.441 179.52 389.728 203.216 0.999592
000227 375 1242 1 506.746 181.328 549.702 212.211 0.999977
000227 375 1242 1 211.157 178.925 300.499 227.679 0.999933
000227 375 1242 1 337.685 182.144 378.768 205.63 0.999896
000227 375 1242 1 561.259 182.316 616.152 227.546 0.999882
000227 375 1242 1 831.804 180.023 876.074 203.864 0.904581
000228 375 1242 1 560.0 183.237 615.254 226.506 0.999977
000228 375 1242 1 504.926 181.325 547.003 212.542 0.999938
000228 375 1242 1 325.848 182.842 367.599 207.549 0.999938
000228 375 1242 1 173.718 179.723 274.874 232.073 0.999907
000228 375 1242 1 835.381 180.089 876.303 203.601 0.860075
000229 375 1242 1 503.62 181.348 547.528 212.623 0.999978
000229 375 1242 1 560.27 182.001 614.466 228.598 0.999973
000229 375 1242 1 309.815 182.976 356.565 210.247 0.999967
000229 375 1242 1 127.823 181.449 251.635 235.54 0.999834
000229 375 1242 1 832.059 179.97 881.195 201.211 0.97016
000230 375 1242 1 503.119 182.205 546.215 212.329 0.999957
000230 375 1242 1 558.614 183.299 612.826 225.68 0.999903
000230 375 1242 1 291.862 183.291 344.842 214.271 0.999883
000230 375 1242 1 80.3851 177.844 218.133 245.391 0.999613
000230 375 1242 1 830.99 180.214 881.34 202.52 0.950419
000231 375 1242 1 502.86 179.68 544.812 212.447 0.999986
000231 375 1242 1 557.028 180.739 609.361 225.221 0.999965
000231 375 1242 1 272.225 181.963 328.461 214.27 0.999923
000231 375 1242 1 10.3532 181.557 174.401 249.587 0.999905
000231 375 1242 1 837.019 180.021 881.948 201.868 0.885319
000232 375 1242 1 553.833 180.398 608.86 223.923 0.999937
000232 375 1242 1 248.568 181.62 310.423 213.261 0.999927
000232 375 1242 1 500.235 178.653 541.583 210.133 0.999857
000232 375 1242 1 0.0 175.701 137.627 263.74 0.998389
000232 375 1242 1 834.594 179.04 885.853 198.773 0.838175
000233 375 1242 1 552.981 179.977 606.669 223.651 0.999974
000233 375 1242 1 499.31 178.174 539.81 208.26 0.999883
000233 375 1242 1 221.747 182.893 288.924 219.025 0.999783
000233 375 1242 1 721.957 174.356 787.637 195.824 0.893906
000234 375 1242 1 554.021 181.196 604.875 224.495 0.999924
000234 375 1242 1 497.517 181.215 538.055 210.44 0.999923
000234 375 1242 1 192.574 185.051 268.763 224.78 0.999814
000234 375 1242 1 723.51 175.597 784.402 197.399 0.893064
000235 375 1242 1 551.769 183.307 602.583 226.145 0.999952
000235 375 1242 1 496.332 183.249 536.424 212.836 0.999949
000235 375 1242 1 157.604 187.301 241.728 229.547 0.999193
000235 375 1242 1 725.605 179.355 787.582 200.158 0.930261
000235 375 1242 1 836.943 182.533 890.925 209.125 0.663835
000236 375 1242 1 549.047 184.165 602.191 226.447 0.999947
000236 375 1242 1 492.648 181.778 534.286 212.258 0.99991
000236 375 1242 1 112.388 188.844 211.469 235.912 0.999677
000236 375 1242 1 727.842 180.628 793.381 203.094 0.978493
000236 375 1242 1 841.399 182.286 896.995 209.604 0.96452
000237 375 1242 1 491.174 182.944 533.059 212.313 0.999888
000237 375 1242 1 546.921 184.477 600.017 225.792 0.999703
000237 375 1242 1 59.1712 188.458 177.313 243.767 0.999626
000237 375 1242 1 726.573 182.556 794.468 204.858 0.984076
000237 375 1242 1 844.472 187.884 891.896 216.627 0.717809
000238 375 1242 1 544.766 184.529 597.779 225.981 0.99983
000238 375 1242 1 491.087 182.891 530.696 211.694 0.999798
000238 375 1242 1 2.55168 188.191 140.656 250.042 0.999702
000238 375 1242 1 730.432 182.1 795.265 207.736 0.996191
000238 375 1242 1 840.602 186.487 898.275 209.88 0.870285
000239 375 1242 1 545.034 185.41 596.274 226.45 0.999885
000239 375 1242 1 489.0 182.939 529.487 212.163 0.999779
000239 375 1242 1 733.265 181.831 795.038 207.417 0.999512
000239 375 1242 1 846.384 185.429 898.299 213.355 0.963325
000239 375 1242 1 0.0 192.706 108.68 255.946 0.730784
000240 375 1242 1 489.613 182.199 527.807 211.855 0.999947
000240 375 1242 1 544.382 184.221 594.201 225.371 0.999753
000240 375 1242 1 740.38 183.89 800.714 209.852 0.998488
000240 375 1242 1 848.753 186.23 911.401 212.527 0.949118
000241 375 1242 1 489.512 181.227 526.475 209.219 0.999964
000241 375 1242 1 545.456 183.781 593.14 225.048 0.999844
000241 375 1242 1 740.907 181.16 805.194 206.89 0.998533
000241 375 1242 1 852.867 184.665 913.167 209.332 0.911327
000242 375 1242 1 545.531 182.579 593.737 223.506 0.999942
000242 375 1242 1 489.721 179.829 527.623 209.651 0.999941
000242 375 1242 1 745.007 181.885 811.573 207.103 0.997244
000242 375 1242 1 857.581 184.39 928.384 209.229 0.995359
000243 375 1242 1 490.828 179.812 527.941 207.735 0.999933
000243 375 1242 1 545.766 182.26 593.603 222.012 0.999868
000243 375 1242 1 862.922 183.764 930.218 211.652 0.997375
000243 375 1242 1 749.745 181.148 819.523 207.006 0.996274
000244 375 1242 1 492.204 181.123 527.039 209.272 0.999949
000244 375 1242 1 545.635 182.452 593.356 222.177 0.999842
000244 375 1242 1 761.08 179.395 825.75 208.367 0.998536
000244 375 1242 1 874.889 184.947 939.943 211.934 0.995102
000245 375 1242 1 546.954 184.859 594.502 224.487 0.999966
000245 375 1242 1 492.786 182.797 530.063 210.99 0.999935
000245 375 1242 1 766.046 184.87 835.465 213.02 0.998786
000245 375 1242 1 885.499 188.526 948.797 215.857 0.958139
000246 375 1242 1 495.194 185.764 530.711 213.25 0.999828
000246 375 1242 1 547.961 187.853 593.892 227.068 0.99968
000246 375 1242 1 773.585 188.237 842.597 215.912 0.999133
000246 375 1242 1 888.529 189.98 960.815 217.84 0.999113
000247 375 1242 1 496.203 186.28 531.922 213.531 0.999979
000247 375 1242 1 549.927 189.116 595.585 227.693 0.999926
000247 375 1242 1 780.627 189.672 853.697 218.851 0.998699
000247 375 1242 1 901.626 190.168 973.444 220.292 0.997515
000248 375 1242 1 550.265 189.376 596.738 227.447 0.999944
000248 375 1242 1 496.273 187.146 531.004 214.001 0.999904
000248 375 1242 1 788.524 189.253 862.323 221.22 0.999862
000248 375 1242 1 915.026 191.664 981.822 222.645 0.995663
000249 375 1242 1 498.659 185.761 532.545 212.914 0.999927
000249 375 1242 1 550.99 188.5 596.41 227.804 0.999872
000249 375 1242 1 792.612 193.309 874.069 220.64 0.999801
000249 375 1242 1 927.859 193.556 996.653 222.94 0.970561
000250 375 1242 1 498.6 185.127 534.586 211.767 0.999937
000250 375 1242 1 551.573 185.744 596.871 224.54 0.99989
000250 375 1242 1 804.864 189.165 884.42 221.197 0.99982
000250 375 1242 1 927.606 191.067 1009.92 223.388 0.99517
000251 375 1242 1 499.477 181.683 534.408 208.883 0.999938
000251 375 1242 1 551.724 182.668 596.059 219.603 0.9999
000251 375 1242 1 812.982 186.105 895.847 220.482 0.999602
000251 375 1242 1 934.705 189.097 1019.48 218.749 0.985565
000252 375 1242 1 500.984 179.837 534.388 205.606 0.999878
000252 375 1242 1 551.44 180.058 597.023 218.497 0.999876
000252 375 1242 1 942.855 188.907 1040.38 222.479 0.999768
000252 375 1242 1 820.602 185.232 907.599 220.887 0.999705
000253 375 1242 1 553.074 183.092 597.985 219.874 0.99991
000253 375 1242 1 831.548 189.262 921.909 224.684 0.999855
000253 375 1242 1 502.877 181.674 536.606 207.966 0.999827
000253 375 1242 1 954.692 191.249 1052.38 227.007 0.999672
000254 375 1242 1 965.499 194.332 1068.51 233.245 0.999905
000254 375 1242 1 502.43 185.496 537.901 210.807 0.999894
000254 375 1242 1 552.637 185.536 599.006 222.108 0.99972
000254 375 1242 1 843.333 191.567 933.5 229.497 0.999718
000255 375 1242 1 855.835 196.116 949.678 232.495 0.999905
000255 375 1242 1 555.068 185.88 597.882 222.848 0.999891
000255 375 1242 1 979.338 197.15 1084.63 236.277 0.99988
000255 375 1242 1 503.283 185.859 536.966 211.174 0.999748
000256 375 1242 1 556.163 185.425 598.259 220.522 0.999881
000256 375 1242 1 504.032 183.996 537.571 209.603 0.99973
000256 375 1242 1 869.283 194.994 966.466 235.816 0.99965
000256 375 1242 1 1003.69 196.968 1104.41 237.747 0.999612
000257 375 1242 1 556.003 183.977 597.289 219.738 0.99999
000257 375 1242 1 880.652 194.485 982.986 235.695 0.999663
000257 375 1242 1 505.681 183.883 538.828 209.227 0.999277
000257 375 1242 1 1015.36 196.534 1124.14 240.558 0.9975
000258 375 1242 1 554.323 182.985 599.396 218.918 0.999952
000258 375 1242 1 897.938 193.83 1001.52 236.003 0.999751
000258 375 1242 1 506.87 182.605 539.155 207.86 0.999693
000258 375 1242 1 1044.59 196.883 1144.88 240.857 0.995814
000259 375 1242 1 556.812 182.017 598.214 216.613 0.999815
000259 375 1242 1 913.594 192.815 1025.56 237.11 0.999729
000259 375 1242 1 507.164 179.898 538.25 204.2 0.999566
000259 375 1242 1 1056.53 195.762 1175.08 242.303 0.997516
000260 375 1242 1 554.518 179.804 597.994 213.531 0.99991
000260 375 1242 1 925.751 191.165 1045.44 238.184 0.999823
000260 375 1242 1 1072.25 194.43 1194.57 239.63 0.999716
000260 375 1242 1 508.257 180.044 541.11 204.467 0.999469
000261 375 1242 1 555.36 178.792 600.681 212.76 0.999836
000261 375 1242 1 941.313 192.78 1074.16 241.97 0.99983
000261 375 1242 1 508.116 179.095 541.027 203.822 0.999815
000261 375 1242 1 1097.81 194.086 1235.01 245.818 0.999799
000262 375 1242 1 509.44 179.271 542.851 204.785 0.999822
000262 375 1242 1 557.017 181.167 599.25 215.281 0.999589
000262 375 1242 1 963.833 193.415 1103.09 244.79 0.999306
000262 375 1242 1 1125.18 193.91 1242.0 248.279 0.997878
000263 375 1242 1 511.33 180.188 542.692 204.781 0.999742
000263 375 1242 1 557.215 180.289 599.425 213.911 0.999716
000263 375 1242 1 984.275 197.313 1138.11 250.863 0.999534
000263 375 1242 1 1157.86 195.801 1242.0 253.496 0.982659
000264 375 1242 1 511.725 182.836 541.972 205.78 0.999907
000264 375 1242 1 1011.41 198.556 1173.14 257.059 0.99981
000264 375 1242 1 558.722 182.634 599.317 216.657 0.999797
000265 375 1242 1 1044.46 198.455 1214.21 262.874 0.999884
000265 375 1242 1 557.686 183.417 599.277 217.14 0.999837
000265 375 1242 1 511.91 182.637 543.177 206.876 0.999745
000266 375 1242 1 560.966 184.036 600.317 217.634 0.999701
000266 375 1242 1 513.264 184.059 544.253 208.486 0.999329
000266 375 1242 1 1078.72 199.066 1242.0 264.067 0.990451
000267 375 1242 1 560.861 185.981 600.888 218.979 0.999677
000267 375 1242 1 514.785 185.5 545.023 209.279 0.999615
000267 375 1242 1 1128.26 200.236 1242.0 271.177 0.922423
000268 375 1242 1 515.598 185.473 545.74 208.846 0.999656
000268 375 1242 1 561.472 185.642 600.127 219.441 0.999456
000269 375 1242 1 562.733 183.253 602.213 215.499 0.999685
000269 375 1242 1 517.741 183.89 547.564 207.487 0.999559
000270 375 1242 1 564.479 182.854 603.365 216.141 0.999372
000270 375 1242 1 518.448 183.981 550.79 207.935 0.999353
000271 375 1242 1 520.728 187.536 550.395 210.716 0.99989
000271 375 1242 1 565.675 186.843 604.269 219.259 0.999084
000272 375 1242 1 521.41 191.533 552.175 215.061 0.99965
000272 375 1242 1 566.02 192.283 604.45 223.89 0.999446
000273 375 1242 1 566.517 193.649 604.472 224.526 0.999726
000273 375 1242 1 521.521 191.495 551.478 215.314 0.999667
000274 375 1242 1 522.75 191.536 552.471 214.431 0.999817
000274 375 1242 1 566.068 193.513 604.587 223.696 0.999734
000275 375 1242 1 522.969 187.894 552.697 210.633 0.999834
000275 375 1242 1 566.137 189.787 604.278 220.53 0.999512
000276 375 1242 1 521.442 182.701 551.924 205.572 0.999778
000276 375 1242 1 566.858 184.949 603.428 215.012 0.999714
000277 375 1242 1 522.691 177.523 552.299 200.305 0.999904
000277 375 1242 1 566.227 178.96 603.772 209.756 0.999811
000278 375 1242 1 521.714 175.457 551.789 198.601 0.999733
000278 375 1242 1 567.73 175.825 603.607 205.421 0.999577
000279 375 1242 1 522.74 175.204 551.683 198.838 0.999776
000279 375 1242 1 567.493 174.543 603.752 205.183 0.999368
000280 375 1242 1 522.704 180.29 553.042 203.169 0.999844
000280 375 1242 1 568.998 179.731 604.792 209.771 0.999505
000281 375 1242 1 523.103 184.859 553.871 208.714 0.999909
000281 375 1242 1 569.038 185.27 603.212 214.557 0.999125
000282 375 1242 1 522.131 186.36 553.495 209.562 0.999889
000282 375 1242 1 569.042 187.151 605.229 216.039 0.99947
000283 375 1242 1 524.263 186.719 552.764 210.336 0.999789
000283 375 1242 1 569.369 187.575 603.931 216.007 0.997948
000284 375 1242 1 569.078 184.827 604.952 215.227 0.999884
000284 375 1242 1 523.671 183.969 552.227 207.114 0.999837
000285 375 1242 1 525.415 183.1 553.497 205.844 0.999891
000285 375 1242 1 570.147 183.812 604.935 212.911 0.999378
000286 375 1242 1 526.617 182.94 554.203 204.784 0.999704
000286 375 1242 1 572.13 182.33 606.681 211.83 0.998945
000287 375 1242 1 573.863 184.833 607.388 213.471 0.999529
000287 375 1242 1 526.987 184.697 556.098 206.57 0.999528
000288 375 1242 1 573.462 184.753 607.899 214.519 0.999715
000288 375 1242 1 527.06 184.822 556.467 207.299 0.999252
000289 375 1242 1 573.468 184.987 608.103 212.587 0.999793
000289 375 1242 1 528.497 183.072 556.373 204.72 0.999479
000290 375 1242 1 528.021 180.684 556.747 203.039 0.999778
000290 375 1242 1 577.481 180.72 609.822 209.231 0.999545
000291 375 1242 1 579.125 180.841 611.138 208.746 0.99981
000291 375 1242 1 530.12 180.799 559.669 203.536 0.998813
000292 375 1242 1 530.953 183.537 560.854 205.502 0.999832
000292 375 1242 1 579.416 182.283 612.701 211.046 0.998761
000292 375 1242 1 411.898 178.55 442.01 199.024 0.675959
000293 375 1242 1 581.482 182.926 614.312 210.633 0.999855
000293 375 1242 1 533.62 182.481 561.316 205.447 0.999501
000293 375 1242 1 405.626 179.847 433.33 200.025 0.76882
000294 375 1242 1 581.717 181.626 613.983 209.197 0.999298
000294 375 1242 1 534.876 182.7 563.81 205.013 0.998794
000294 375 1242 1 395.709 178.779 427.494 198.539 0.868244
000295 375 1242 1 582.318 180.901 614.979 208.557 0.999873
000295 375 1242 1 534.237 180.871 564.384 204.115 0.99914
000295 375 1242 1 384.728 178.531 418.246 199.486 0.992485
000296 375 1242 1 583.615 180.683 615.605 209.467 0.999551
000296 375 1242 1 370.753 179.427 407.667 201.788 0.999494
000296 375 1242 1 534.551 181.547 564.404 204.992 0.999463
000297 375 1242 1 533.816 184.822 564.525 208.527 0.999882
000297 375 1242 1 355.38 184.185 395.467 206.702 0.999813
000297 375 1242 1 583.749 185.474 616.673 212.908 0.999715
000298 375 1242 1 533.842 187.443 564.968 210.474 0.999947
000298 375 1242 1 339.15 187.309 382.985 210.174 0.999945
000298 375 1242 1 584.792 188.866 616.965 216.726 0.999894
000299 375 1242 1 320.127 184.387 366.246 210.041 0.999934
000299 375 1242 1 533.8 185.798 563.863 209.88 0.999745
000299 375 1242 1 584.893 188.373 617.556 216.351 0.999674
000300 375 1242 1 294.777 180.963 349.726 207.528 0.999995
000300 375 1242 1 533.043 184.106 563.731 206.455 0.999697
000300 375 1242 1 586.021 185.092 617.15 212.33 0.999668
000301 375 1242 1 265.934 178.412 330.402 208.129 0.999995
000301 375 1242 1 583.519 182.509 615.5 210.264 0.999944
000301 375 1242 1 532.512 182.259 560.437 205.807 0.999791
000302 375 1242 1 236.124 179.079 306.237 211.289 0.999987
000302 375 1242 1 532.739 181.429 560.684 205.054 0.999776
000302 375 1242 1 583.975 184.562 616.954 211.6 0.999718
000303 375 1242 1 197.439 179.932 277.787 217.367 0.999982
000303 375 1242 1 587.115 184.724 618.491 211.815 0.999924
000303 375 1242 1 531.36 182.878 562.25 206.048 0.999879
000304 375 1242 1 148.492 178.51 242.386 220.288 0.999977
000304 375 1242 1 586.222 181.187 618.519 208.424 0.999821
000304 375 1242 1 532.548 180.087 561.84 203.124 0.999778
000305 375 1242 1 87.818 176.169 201.969 222.211 0.999955
000305 375 1242 1 531.667 176.168 561.374 199.155 0.999674
000305 375 1242 1 586.318 178.666 618.168 204.946 0.99952
000306 375 1242 1 15.3201 179.326 145.896 231.541 0.999964
000306 375 1242 1 587.677 176.782 619.204 204.281 0.999963
000306 375 1242 1 531.807 175.922 561.322 198.977 0.999885
000307 375 1242 1 531.645 176.586 561.385 200.534 0.999868
000307 375 1242 1 587.091 179.67 617.471 204.893 0.998836
000308 375 1242 1 531.334 179.551 561.144 202.854 0.999934
000308 375 1242 1 587.283 180.342 619.406 206.434 0.999455
000309 375 1242 1 530.542 179.667 561.439 203.909 0.999771
000309 375 1242 1 586.815 182.945 618.754 209.035 0.999248
000310 375 1242 1 529.411 179.553 560.662 203.31 0.999646
000310 375 1242 1 586.273 183.34 618.683 209.32 0.998582
000311 375 1242 1 586.208 180.96 616.721 206.202 0.999789
000311 375 1242 1 529.275 179.149 558.853 201.697 0.99953
000312 375 1242 1 586.05 181.275 616.314 206.307 0.999871
000312 375 1242 1 528.43 180.069 559.297 202.981 0.999821
000313 375 1242 1 527.426 181.272 557.807 205.004 0.999905
000313 375 1242 1 585.802 184.148 616.661 209.847 0.999772
000314 375 1242 1 585.885 185.554 615.962 210.836 0.999875
000314 375 1242 1 526.356 183.663 556.9 206.481 0.998502
000315 375 1242 1 585.887 184.825 615.371 209.578 0.999649
000315 375 1242 1 524.86 180.544 555.379 204.887 0.999493
000316 375 1242 1 524.276 179.862 555.506 202.927 0.999687
000316 375 1242 1 584.033 181.723 615.206 207.927 0.999572
000317 375 1242 1 584.468 180.19 614.592 205.513 0.999872
000317 375 1242 1 522.271 178.19 553.168 200.692 0.999805
000318 375 1242 1 584.293 179.813 615.744 205.152 0.999725
000318 375 1242 1 522.178 177.979 552.941 201.359 0.998577
000319 375 1242 1 585.426 179.347 615.326 204.838 0.999716
000319 375 1242 1 521.952 176.799 552.484 201.038 0.998964
000320 375 1242 1 523.259 177.912 553.922 201.896 0.999783
000320 375 1242 1 587.402 180.958 616.141 205.445 0.999022
000320 375 1242 1 292.777 212.416 336.9 238.409 0.630109
000321 375 1242 1 587.928 184.159 616.502 208.827 0.999649
000321 375 1242 1 522.52 181.025 552.56 204.864 0.999507
000322 375 1242 1 590.236 181.806 617.785 207.468 0.999763
000322 375 1242 1 521.66 180.243 552.522 204.477 0.99975
000323 375 1242 1 521.506 178.471 553.135 203.575 0.9999
000323 375 1242 1 590.336 179.111 619.295 204.405 0.99969
000324 375 1242 1 520.963 176.559 552.883 199.79 0.999922
000324 375 1242 1 591.158 177.842 620.233 201.873 0.999474
000325 375 1242 1 520.021 177.869 552.144 201.421 0.99992
000325 375 1242 1 590.869 179.587 619.487 204.58 0.999467
000325 375 1242 1 0.0 205.801 351.433 364.846 0.645239
000326 375 1242 1 591.712 180.937 620.376 205.795 0.999925
000326 375 1242 1 519.233 179.719 549.515 202.818 0.999808
000326 375 1242 1 0.0 202.335 360.33 375.0 0.917327
000327 375 1242 1 518.169 182.073 547.986 205.862 0.999986
000327 375 1242 1 590.909 184.277 618.661 208.652 0.999817
000328 375 1242 1 515.472 183.253 546.11 207.149 0.999945
000328 375 1242 1 590.47 183.637 618.325 208.421 0.999135
000328 375 1242 1 0.0 202.671 372.757 375.0 0.640562
000329 375 1242 1 512.797 183.222 543.171 207.162 0.999974
000329 375 1242 1 590.226 182.203 617.47 207.078 0.999718
000329 375 1242 1 0.0 202.649 418.669 375.0 0.937549
000330 375 1242 1 508.884 183.176 539.623 206.769 0.999984
000330 375 1242 1 586.869 183.386 614.304 207.261 0.99934
000330 375 1242 1 30.6431 193.938 373.059 375.0 0.973838
000331 375 1242 1 506.107 181.742 537.53 206.446 0.999946
000331 375 1242 1 584.562 181.917 613.453 206.352 0.99986
000331 375 1242 1 0.0 201.304 389.121 375.0 0.998557
000332 375 1242 1 0.0 195.818 392.73 375.0 0.999919
000332 375 1242 1 502.215 179.874 533.352 205.442 0.999875
000332 375 1242 1 581.974 181.343 610.541 204.523 0.997714
000333 375 1242 1 20.4692 182.847 386.915 375.0 0.99999
000333 375 1242 1 499.976 179.719 531.298 203.731 0.999981
000333 375 1242 1 577.949 178.345 608.665 203.21 0.999185
000334 375 1242 1 495.916 176.37 528.482 202.436 0.999988
000334 375 1242 1 43.3815 182.022 392.613 365.061 0.999985
000334 375 1242 1 578.782 178.622 606.896 202.686 0.999844
000335 375 1242 1 492.541 175.996 524.993 201.474 0.99999
000335 375 1242 1 80.0003 180.708 401.291 359.16 0.999968
000335 375 1242 1 575.622 176.736 604.308 200.314 0.999466
000336 375 1242 1 106.864 180.419 400.404 352.232 0.999994
000336 375 1242 1 489.405 175.85 522.893 201.462 0.999975
000336 375 1242 1 574.173 176.497 602.589 200.975 0.999309
000336 375 1242 1 437.562 171.069 465.759 190.921 0.885218
000337 375 1242 1 126.407 184.105 411.01 341.523 0.999997
000337 375 1242 1 487.177 177.35 520.659 203.353 0.999989
000337 375 1242 1 571.93 177.538 600.703 200.865 0.999557
000337 375 1242 1 430.288 172.108 459.702 192.6 0.997716
000338 375 1242 1 155.72 182.398 410.54 339.083 0.999996
000338 375 1242 1 483.397 180.27 518.371 205.535 0.999977
000338 375 1242 1 569.779 178.921 598.119 202.861 0.999733
000338 375 1242 1 420.406 174.318 449.405 195.893 0.998423
000339 375 1242 1 177.161 185.334 425.72 330.398 0.999999
000339 375 1242 1 480.345 181.077 516.173 207.959 0.99998
000339 375 1242 1 408.1 176.571 441.221 199.531 0.99883
000339 375 1242 1 566.987 180.884 595.35 204.364 0.998794
000340 375 1242 1 185.617 184.117 424.398 330.311 0.999998
000340 375 1242 1 478.511 182.923 513.838 209.178 0.999987
000340 375 1242 1 395.276 177.27 432.196 201.985 0.999623
000340 375 1242 1 565.297 181.577 592.838 204.754 0.998935
000341 375 1242 1 204.811 185.846 430.409 322.818 0.999999
000341 375 1242 1 475.304 183.857 512.523 209.478 0.999983
000341 375 1242 1 378.596 178.397 420.044 205.342 0.999378
000341 375 1242 1 562.969 181.277 591.693 204.082 0.99688
000342 375 1242 1 227.576 187.669 436.722 316.74 0.999987
000342 375 1242 1 473.007 184.71 509.77 212.938 0.999979
000342 375 1242 1 562.825 183.334 591.354 206.75 0.998674
000342 375 1242 1 364.215 179.459 411.636 204.045 0.965617
000343 375 1242 1 244.378 189.67 440.408 312.261 0.999996
000343 375 1242 1 472.219 188.692 509.426 216.324 0.999989
000343 375 1242 1 561.373 187.178 588.308 210.262 0.999294
000344 375 1242 1 260.991 188.895 446.919 310.071 0.999997
000344 375 1242 1 468.563 187.624 507.705 215.379 0.999986
000344 375 1242 1 559.472 184.746 587.152 207.711 0.998965
000345 375 1242 1 270.437 183.439 453.902 299.136 0.999998
000345 375 1242 1 467.149 184.351 505.511 213.334 0.999962
000345 375 1242 1 557.374 181.945 586.525 205.146 0.997808
000345 375 1242 1 290.896 179.383 372.601 218.74 0.526859
000346 375 1242 1 284.593 184.974 459.373 294.481 0.999997
000346 375 1242 1 463.64 181.585 503.278 209.534 0.99998
000346 375 1242 1 254.925 179.227 341.308 221.905 0.999482
000346 375 1242 1 557.06 180.007 584.418 202.196 0.994332
000347 375 1242 1 298.129 188.928 461.973 290.998 1.0
000347 375 1242 1 208.099 182.961 302.194 230.33 0.999997
000347 375 1242 1 460.999 183.666 501.283 212.778 0.999975
000347 375 1242 1 553.464 182.19 580.45 204.164 0.981373
000347 375 1242 1 285.937 185.519 342.293 212.223 0.929196
000348 375 1242 1 307.488 191.247 464.362 291.346 0.999999
000348 375 1242 1 457.186 186.603 499.581 216.027 0.999981
000348 375 1242 1 144.12 187.439 262.308 243.236 0.999946
000348 375 1242 1 248.079 189.01 315.728 221.269 0.999933
000348 375 1242 1 552.83 184.164 579.62 207.007 0.999497
000349 375 1242 1 315.868 193.598 469.789 289.073 1.0
000349 375 1242 1 206.853 190.526 287.745 227.756 0.999972
000349 375 1242 1 456.015 188.874 495.113 217.601 0.999747
000349 375 1242 1 65.0725 189.927 207.305 257.391 0.999693
000349 375 1242 1 550.575 187.201 576.439 209.386 0.999041
000350 375 1242 1 326.421 191.828 471.25 283.994 1.0
000350 375 1242 1 157.376 190.605 256.501 230.95 0.999992
000350 375 1242 1 451.425 187.825 491.942 217.386 0.999728
000350 375 1242 1 548.458 186.024 575.646 208.343 0.999573
000350 375 1242 1 0.0 187.552 147.104 268.763 0.997193
000351 375 1242 1 333.779 188.344 476.076 279.717 1.0
000351 375 1242 1 90.5981 187.764 210.843 231.764 0.999792
000351 375 1242 1 446.109 183.835 489.619 213.373 0.999288
000351 375 1242 1 544.614 182.749 572.141 204.447 0.993236
000352 375 1242 1 342.873 185.8 475.731 274.37 0.999999
000352 375 1242 1 14.7304 183.757 161.905 234.921 0.999901
000352 375 1242 1 440.467 180.912 486.472 212.109 0.995567
000352 375 1242 1 542.993 180.636 569.613 203.132 0.995364
000353 375 1242 1 348.587 183.236 479.33 268.547 1.0
000353 375 1242 1 539.409 180.189 567.472 202.676 0.998912
000353 375 1242 1 0.0 181.623 99.6556 239.366 0.994392
000353 375 1242 1 440.619 181.781 484.265 212.316 0.949344
000353 375 1242 1 337.934 176.073 379.803 200.148 0.820276
000354 375 1242 1 352.777 183.449 479.549 267.197 0.999999
000354 375 1242 1 538.127 180.864 563.733 202.769 0.997611
000354 375 1242 1 318.03 177.952 361.09 202.654 0.994173
000355 375 1242 1 361.143 185.224 483.131 268.056 1.0
000355 375 1242 1 536.273 183.421 561.005 205.55 0.99718
000355 375 1242 1 297.969 180.328 344.092 205.366 0.995468
000356 375 1242 1 366.301 186.737 484.642 268.515 0.999995
000356 375 1242 1 533.278 184.143 559.227 205.665 0.996068
000356 375 1242 1 271.424 183.013 323.523 209.82 0.972266
000357 375 1242 1 372.926 187.061 488.357 264.891 1.0
000357 375 1242 1 244.497 183.841 302.977 211.928 0.99857
000357 375 1242 1 533.481 184.866 559.775 205.314 0.990624
000358 375 1242 1 379.939 185.589 491.585 263.258 0.999997
000358 375 1242 1 204.094 183.58 277.201 217.05 0.999843
000358 375 1242 1 532.301 184.186 557.98 204.823 0.997313
000359 375 1242 1 384.397 182.665 492.246 257.775 0.999999
000359 375 1242 1 158.894 181.793 245.371 217.654 0.999524
000359 375 1242 1 531.242 182.166 556.113 203.621 0.976044
000360 375 1242 1 391.727 182.375 496.598 253.869 0.999997
000360 375 1242 1 100.846 178.159 204.296 221.431 0.999901
000360 375 1242 1 532.0 181.268 555.826 200.859 0.994816
000361 375 1242 1 398.182 181.504 499.715 254.248 0.999998
000361 375 1242 1 24.5557 182.311 156.535 230.862 0.999792
000361 375 1242 1 532.753 182.143 556.212 202.853 0.987549
000362 375 1242 1 404.934 181.226 504.24 250.82 0.999999
000362 375 1242 1 533.385 182.336 557.821 203.355 0.993121
000362 375 1242 1 0.0 183.725 107.734 238.904 0.643981
000363 375 1242 1 409.232 180.542 507.699 250.311 0.999998
000363 375 1242 1 533.968 180.269 558.733 201.745 0.990336
000364 375 1242 1 414.048 179.631 510.879 245.861 0.999996
000364 375 1242 1 535.283 179.09 559.196 200.854 0.985592
000365 375 1242 1 417.058 181.343 513.235 245.44 0.999949
000365 375 1242 1 537.064 181.797 560.265 202.309 0.995432
000366 375 1242 1 422.24 182.284 515.833 248.533 0.999993
000366 375 1242 1 536.74 182.659 561.046 203.185 0.993508
000367 375 1242 1 427.171 185.74 518.503 249.391 0.999995
000367 375 1242 1 535.971 185.175 561.374 205.961 0.981125
000368 375 1242 1 434.535 184.495 521.326 248.596 0.999999
000368 375 1242 1 377.06 184.929 449.673 230.852 0.999923
000368 375 1242 1 538.203 184.979 563.731 204.908 0.996329
000369 375 1242 1 436.911 185.591 520.783 246.059 0.999998
000369 375 1242 1 372.605 185.985 445.418 231.742 0.99999
000369 375 1242 1 538.038 184.998 563.842 205.108 0.998731
000370 375 1242 1 364.602 186.749 442.849 234.355 0.999998
000370 375 1242 1 441.295 186.09 520.58 246.159 0.999993
000370 375 1242 1 537.943 185.123 563.111 204.961 0.984677
000371 375 1242 1 354.171 188.356 440.452 236.032 0.999997
000371 375 1242 1 443.866 186.231 524.687 245.74 0.999989
000371 375 1242 1 538.574 184.437 564.487 204.992 0.995063
000372 375 1242 1 349.724 186.306 437.638 238.52 0.999997
000372 375 1242 1 447.048 185.617 526.332 245.557 0.999982
000372 375 1242 1 540.314 183.634 564.295 203.655 0.989935
000373 375 1242 1 336.859 187.83 433.399 243.461 0.999996
000373 375 1242 1 451.655 187.935 527.877 245.354 0.99999
000373 375 1242 1 542.833 184.509 566.584 206.43 0.995499
000374 375 1242 1 329.398 183.742 426.091 241.157 0.999999
000374 375 1242 1 452.981 184.03 528.787 240.919 0.999995
000374 375 1242 1 542.813 181.103 566.273 201.694 0.986819
000375 375 1242 1 320.906 177.261 420.318 234.237 0.999998
000375 375 1242 1 456.402 177.416 532.399 233.762 0.999992
000375 375 1242 1 542.754 174.868 566.557 195.646 0.982648
000376 375 1242 1 308.746 173.177 415.443 234.712 0.999993
000376 375 1242 1 460.114 174.129 533.499 229.293 0.99998
000376 375 1242 1 544.493 170.359 568.678 192.583 0.9864
000377 375 1242 1 296.915 175.407 408.55 238.261 0.999998
000377 375 1242 1 462.898 174.453 536.98 227.23 0.999996
000377 375 1242 1 545.999 171.074 570.721 192.022 0.973815
000378 375 1242 1 284.895 180.678 402.835 246.558 0.999999
000378 375 1242 1 468.011 177.321 535.899 229.364 0.999958
000378 375 1242 1 546.186 173.487 570.27 194.112 0.990229
000379 375 1242 1 273.659 182.631 393.338 250.389 0.999997
000379 375 1242 1 469.382 178.176 538.395 229.318 0.999979
000379 375 1242 1 549.263 175.227 571.626 195.281 0.980334
000380 375 1242 1 256.135 183.572 384.148 254.703 0.999998
000380 375 1242 1 473.628 176.967 541.463 227.569 0.99998
000380 375 1242 1 550.83 175.131 572.897 194.527 0.946593
000381 375 1242 1 234.885 181.992 378.081 257.346 0.999998
000381 375 1242 1 479.365 175.401 544.614 225.973 0.99998
000381 375 1242 1 551.89 174.447 575.35 194.615 0.947487
000382 375 1242 1 216.359 182.219 370.212 261.367 0.999995
000382 375 1242 1 482.53 174.693 543.95 224.088 0.999991
000382 375 1242 1 552.734 172.92 576.098 193.438 0.975603
000383 375 1242 1 191.923 180.578 353.796 269.925 0.999995
000383 375 1242 1 486.317 174.802 547.47 223.759 0.999992
000383 375 1242 1 554.776 173.094 577.876 192.807 0.643219
000384 375 1242 1 166.168 183.101 340.6 276.985 0.999994
000384 375 1242 1 488.312 173.26 549.301 222.986 0.999993
000384 375 1242 1 555.089 174.278 579.994 194.169 0.663631
000385 375 1242 1 132.252 184.25 325.918 285.331 0.999995
000385 375 1242 1 490.976 174.126 549.425 222.896 0.999989
000385 375 1242 1 554.933 174.248 579.99 193.757 0.963646
000386 375 1242 1 493.776 174.604 551.969 222.921 0.999988
000386 375 1242 1 84.9107 184.606 318.124 298.566 0.999975
000386 375 1242 1 553.761 175.571 579.324 194.594 0.932822
000387 375 1242 1 497.361 177.485 552.874 222.933 0.999963
000387 375 1242 1 47.8878 189.257 292.273 309.163 0.999944
000387 375 1242 1 556.496 177.414 580.177 196.695 0.93089
000388 375 1242 1 499.232 177.893 553.766 224.553 0.999981
000388 375 1242 1 0.0 191.077 264.306 323.402 0.999493
000388 375 1242 1 555.994 178.763 579.903 198.18 0.826889
000389 375 1242 1 497.358 181.41 553.846 226.814 0.999987
000389 375 1242 1 0.0 190.998 263.084 334.614 0.98594
000389 375 1242 1 555.643 180.46 578.76 200.678 0.765042
