000000 375 1242 1 53.3317 209.671 106.663 55.8562 0.894712
000000 375 1242 1 159.151 197.237 133.584 53.8329 0.853398
000000 375 1242 1 246.087 195.877 88.9046 30.8912 0.84529
000001 375 1242 1 44.7465 207.577 88.698 57.9183 0.862134
000001 375 1242 1 128.706 196.411 152.175 58.6224 0.860266
000001 375 1242 1 226.066 200.476 89.4026 35.8035 0.831352
000002 375 1242 1 211.142 200.89 90.8827 37.572 0.866908
000002 375 1242 1 83.712 201.422 146.735 52.4585 0.838386
000002 375 1242 1 300.759 192.162 66.2155 33.7933 0.749159
000002 375 1242 1 419.58 184.507 36.5792 17.8801 0.605509
000003 375 1242 1 84.2033 204.137 168.407 64.8262 0.904662
000003 375 1242 1 183.752 204.619 109.801 44.6684 0.819694
000003 375 1242 1 286.758 194.576 65.545 37.0249 0.658901
000004 375 1242 1 162.717 203.732 120.327 45.3857 0.882372
000004 375 1242 1 63.5204 208.427 118.71 68.3877 0.877715
000005 375 1242 1 129.63 205.028 137.021 43.7273 0.881239
000005 375 1242 1 47.455 207.672 94.91 59.3763 0.868392
000006 375 1242 1 109.819 204.333 138.87 44.454 0.877654
000007 375 1242 1 77.9497 205.718 151.525 46.6774 0.890535
000008 375 1242 1 60.1765 208.148 119.138 42.1133 0.864609
000009 375 1242 1 44.8619 202.147 79.5232 51.2388 0.711674
000010 375 1242 2 164.763 199.489 31.3738 44.1232 0.674466
000015 375 1242 1 340.944 183.939 70.8311 29.2811 0.708952
000016 375 1242 1 338.267 182.396 65.3276 28.2653 0.620356
000024 375 1242 1 238.338 190.423 84.1965 36.5921 0.761659
000025 375 1242 1 228.495 189.947 81.0125 34.4222 0.838869
000028 375 1242 2 226.792 167.808 22.3288 52.0475 0.661374
000029 375 1242 1 720.548 182.741 20.057 16.9448 0.602825
000029 375 1242 2 209.426 178.145 36.0346 78.7246 0.653028
000030 375 1242 1 725.394 181.108 19.8981 16.6472 0.602175
000032 375 1242 1 607.73 181.117 24.5615 15.6116 0.60922
000032 375 1242 1 730.854 182.199 19.7477 16.7886 0.60364
000033 375 1242 1 607.152 182.522 25.1554 16.6783 0.617004
000036 375 1242 1 63.8876 197.172 127.775 56.1167 0.872651
000037 375 1242 1 732.779 181.361 21.3171 17.1514 0.615903
000037 375 1242 1 596.736 181.844 25.2301 15.7128 0.600583
000040 375 1242 1 726.43 182.532 22.0344 16.8558 0.64487
000040 375 1242 1 583.849 185.6 26.869 18.7861 0.630757
000041 375 1242 1 727.741 184.265 22.8068 18.3094 0.623894
000042 375 1242 1 728.934 184.707 23.7235 18.5042 0.604783
000044 375 1242 1 729.397 185.179 24.6591 18.5717 0.626163
000047 375 1242 1 539.171 184.249 37.6107 21.4431 0.624147
000048 375 1242 1 531.952 183.742 46.0461 21.8447 0.655603
000049 375 1242 1 526.159 187.425 43.3465 23.3112 0.737762
000050 375 1242 1 515.174 186.888 50.8665 25.2108 0.798516
000051 375 1242 1 503.903 187.197 51.8779 26.6966 0.81749
000052 375 1242 1 496.466 188.401 51.7554 26.8588 0.840724
000052 375 1242 1 727.538 188.32 31.1677 23.2798 0.661475
000053 375 1242 1 481.659 189.797 54.6486 27.0107 0.832943
000053 375 1242 1 725.422 189.385 31.0054 23.106 0.637257
000054 375 1242 1 466.583 192.825 52.9704 28.1039 0.842258
000054 375 1242 1 725.175 188.633 31.9053 25.924 0.714322
000055 375 1242 1 451.386 191.679 62.9307 29.1718 0.848131
000055 375 1242 1 723.81 188.209 32.6848 26.5178 0.745257
000056 375 1242 1 434.981 194.228 66.6886 32.3444 0.870687
000056 375 1242 1 721.611 188.724 33.9329 26.5182 0.743126
000056 375 1242 1 907.649 170.505 57.1245 16.6654 0.632633
000057 375 1242 1 417.58 195.176 69.8087 33.8734 0.8612
000057 375 1242 1 720.281 186.151 32.3304 29.5399 0.792292
000058 375 1242 1 399.97 200.517 76.3788 35.4274 0.831859
000058 375 1242 1 719.803 187.081 34.6403 27.9553 0.788468
000058 375 1242 1 908.088 173.881 55.4202 19.7035 0.699672
000058 375 1242 1 853.493 176.718 47.9711 15.5855 0.659886
000058 375 1242 1 370.348 192.407 46.59 22.9586 0.621429
000059 375 1242 1 717.609 187.53 35.6945 30.1747 0.815714
000059 375 1242 1 383.004 200.915 73.6817 37.2375 0.809855
000059 375 1242 1 917.009 176.35 53.6261 19.4403 0.753192
000059 375 1242 1 352.194 192.611 41.1293 25.3741 0.751731
000059 375 1242 1 840.986 179.899 49.0898 16.8692 0.682591
000060 375 1242 1 357.006 200.446 86.1609 40.524 0.86047
000060 375 1242 1 716.15 187.388 35.6118 29.5761 0.83066
000060 375 1242 1 840.616 176.565 52.418 19.5625 0.636465
000060 375 1242 1 906.296 178.859 39.4913 18.9936 0.634258
000061 375 1242 1 715.66 188.287 37.463 31.9672 0.853842
000061 375 1242 1 329.414 203.115 103.125 47.1762 0.820993
000061 375 1242 1 840.936 179.427 52.0048 18.1384 0.74299
000061 375 1242 1 917.288 170.478 72.437 21.2321 0.627373
000062 375 1242 1 714.089 187.495 38.3877 31.3075 0.857487
000062 375 1242 1 300.796 203.124 109.6 50.2794 0.842454
000062 375 1242 1 917.588 170.22 50.8503 19.1271 0.619888
000063 375 1242 1 264.636 204.553 125.419 51.6154 0.883995
000063 375 1242 1 713.499 188.148 39.7112 33.77 0.873089
000063 375 1242 1 918.76 169.178 66.141 21.7373 0.685845
000063 375 1242 1 838.305 172.12 50.7822 17.581 0.647497
000064 375 1242 1 223.981 209.186 144.33 58.4196 0.903988
000064 375 1242 1 712.855 188.567 41.3917 34.1248 0.874831
000064 375 1242 1 918.785 168.389 70.7699 21.1017 0.683681
000065 375 1242 1 178.703 217.061 162.301 70.3494 0.928536
000065 375 1242 1 714.11 190.32 44.0371 34.948 0.867773
000065 375 1242 1 821.514 180.037 46.3029 18.0309 0.714847
000065 375 1242 1 918.553 171.614 53.5239 19.7245 0.634185
000066 375 1242 1 117.549 224.842 204.881 74.4428 0.892576
000066 375 1242 1 714.666 190.953 44.6753 34.4781 0.865583
000066 375 1242 1 822.829 177.662 48.771 18.686 0.714937
000066 375 1242 1 907.38 173.34 51.7352 19.2487 0.688932
000067 375 1242 1 86.8237 227.743 173.647 84.2314 0.947334
000067 375 1242 1 715.691 191.014 44.8508 36.1479 0.874857
000067 375 1242 1 919.017 171.35 53.837 19.8533 0.667715
000067 375 1242 1 838.518 172.816 40.2133 17.6353 0.620627
000068 375 1242 1 57.1416 226.9 114.283 91.7161 0.921269
000068 375 1242 1 715.645 190.588 48.5637 37.5615 0.869395
000068 375 1242 1 788.619 176.403 42.275 21.6165 0.602286
000069 375 1242 1 721.243 189.585 49.5649 37.2779 0.851804
000069 375 1242 1 14.908 216.655 29.8161 102.435 0.820603
000069 375 1242 1 821.548 172.711 43.5438 17.7239 0.61607
000070 375 1242 1 718.782 190.683 53.0829 39.626 0.837134
000070 375 1242 1 791.05 173.295 43.8739 21.9622 0.633289
000071 375 1242 1 720.516 192.364 52.5901 42.2681 0.858801
000071 375 1242 1 920.665 170.236 54.5887 22.9964 0.690178
000072 375 1242 1 726.705 194.816 55.4183 42.9094 0.874487
000072 375 1242 1 923.051 172.02 54.2538 24.012 0.767928
000073 375 1242 1 730.799 196.096 58.887 42.4524 0.87627
000073 375 1242 1 923.079 174.074 48.6797 23.9731 0.800523
000073 375 1242 1 793.976 179.571 55.1919 24.7775 0.6057
000074 375 1242 1 733.797 199.252 60.7274 44.804 0.870925
000074 375 1242 1 920.22 175.007 53.2767 22.1388 0.754677
000074 375 1242 1 794.173 179.682 61.6349 21.6041 0.659319
000074 375 1242 3 803.036 181.821 48.3981 29.5063 0.61092
000075 375 1242 1 736.686 200.321 63.8905 47.7895 0.923564
000075 375 1242 1 919.873 173.304 66.8564 24.4337 0.786436
000075 375 1242 3 804.173 187.699 39.6294 37.3287 0.70654
000076 375 1242 1 740.052 199.876 67.052 47.576 0.916678
000076 375 1242 1 920.52 173.255 53.5935 20.1118 0.680717
000076 375 1242 1 776.741 179.71 59.4161 20.1472 0.616958
000076 375 1242 3 804.974 183.736 53.6434 33.3121 0.796461
000077 375 1242 1 744.636 198.811 71.9503 50.5333 0.924362
000077 375 1242 3 810.926 182.863 42.7456 34.5284 0.797545
000078 375 1242 1 748.241 197.844 71.3417 53.2456 0.890606
000078 375 1242 1 582.15 180.437 24.8956 15.9478 0.655025
000078 375 1242 1 903.813 173.393 55.311 22.1888 0.650914
000078 375 1242 3 810.969 183.215 48.0475 40.9711 0.798728
000079 375 1242 1 753.421 199.948 74.7375 57.8742 0.915441
000079 375 1242 1 891.327 176.174 55.6189 20.8417 0.748564
000079 375 1242 1 584.315 182.568 24.9078 15.3064 0.604972
000079 375 1242 3 822.113 190.032 41.7609 43.6897 0.773629
000080 375 1242 1 757.524 207.525 77.4797 57.5208 0.891008
000080 375 1242 1 902.882 179.318 56.7896 21.5148 0.74511
000080 375 1242 1 740.153 186.143 41.4553 28.8715 0.686411
000080 375 1242 1 1177.62 169.055 81.5618 29.107 0.601889
000080 375 1242 3 825.034 191.349 39.6417 44.4358 0.813815
000081 375 1242 1 762.542 207.874 88.7329 60.5258 0.902217
000081 375 1242 1 899.526 178.786 59.3223 22.2012 0.798138
000081 375 1242 1 739.531 185.117 47.4735 27.9546 0.672563
000081 375 1242 1 388.884 187.706 49.3854 20.057 0.634967
000081 375 1242 3 827.8 192.717 43.4741 46.9902 0.839251
000082 375 1242 1 767.052 210.08 92.9543 62.7404 0.909361
000082 375 1242 1 1192.4 173.091 90.5813 37.5273 0.800581
000082 375 1242 1 900.22 174.734 55.8058 22.2385 0.765139
000082 375 1242 1 723.423 186.146 54.5347 20.6547 0.664362
000082 375 1242 1 390.392 187.752 52.4496 19.5377 0.660261
000082 375 1242 3 837.583 192.207 46.021 44.9965 0.854561
000083 375 1242 1 774.9 212.034 101.979 63.3565 0.903296
000083 375 1242 1 1195.27 173.923 91.075 36.4622 0.778137
000083 375 1242 1 887.156 178.841 69.0372 24.9419 0.736025
000083 375 1242 1 388.051 189.806 54.2013 21.3777 0.717476
000083 375 1242 1 722.753 186.621 70.0887 23.5287 0.678276
000083 375 1242 3 842.097 193.965 59.6447 44.8198 0.878815
000084 375 1242 1 780.05 213.691 106.771 67.4974 0.881899
000084 375 1242 1 389.596 191.386 55.6466 21.4725 0.77782
000084 375 1242 1 707.89 188.831 67.2502 24.6298 0.634408
000084 375 1242 1 871.727 187.762 78.0991 29.5813 0.621032
000084 375 1242 3 858.158 193.852 66.6212 42.2488 0.900291
000085 375 1242 1 788.572 215.055 114.035 71.1623 0.932793
000085 375 1242 1 870.759 179.387 71.4209 26.188 0.846577
000085 375 1242 1 388.637 191.874 55.2081 21.7355 0.770621
000085 375 1242 1 1203.74 172.167 76.5187 35.7135 0.661595
000085 375 1242 1 696.388 186.992 50.6133 21.4287 0.627671
000085 375 1242 3 858.457 191.062 59.7231 39.7943 0.74341
000086 375 1242 1 793.597 216.318 121.72 76.0409 0.940992
000086 375 1242 1 857.42 177.608 73.1912 24.941 0.800214
000086 375 1242 1 1031.37 177.272 86.1004 27.0008 0.77199
000086 375 1242 1 388.971 191.786 54.0349 22.1632 0.751483
000086 375 1242 3 855.156 193.762 58.8115 46.5649 0.831783
000087 375 1242 1 803.931 218.489 132.092 78.5797 0.883042
000087 375 1242 1 1032.16 176.914 93.0908 26.486 0.771301
000087 375 1242 1 857.394 167.957 72.9646 21.1496 0.768793
000087 375 1242 1 402.695 192.655 54.6855 22.488 0.74078
000087 375 1242 1 678.035 188.927 67.3916 25.6957 0.626164
000087 375 1242 3 870.156 194.648 62.0624 50.7091 0.752746
000088 375 1242 1 812.508 222.911 140.843 81.3026 0.933572
000088 375 1242 1 1017.91 179.552 85.6201 25.8453 0.795729
000088 375 1242 1 403.716 193.065 56.4048 21.2657 0.775642
000088 375 1242 1 855.411 173.427 68.55 24.2505 0.699816
000088 375 1242 1 671.335 190.071 65.7526 25.9822 0.637968
000088 375 1242 1 278.833 189.901 45.1769 20.6827 0.603135
000088 375 1242 3 872.038 198.037 58.0945 57.3118 0.837847
000089 375 1242 1 819.473 224.822 150.653 91.2524 0.952049
000089 375 1242 1 853.434 178.749 70.8506 30.0515 0.815206
000089 375 1242 1 278.036 193.225 52.8002 22.0562 0.790872
000089 375 1242 1 406.242 192.395 57.782 21.5205 0.781173
000089 375 1242 1 657.628 187.997 65.8258 27.5222 0.687715
000089 375 1242 1 1016.49 176.51 81.016 24.6716 0.628041
000089 375 1242 2 503.89 193.274 13.6558 41.5402 0.601283
000089 375 1242 3 883.114 198.073 59.6948 59.9 0.827757
000090 375 1242 1 827.927 228.738 159.504 94.7936 0.955685
000090 375 1242 1 1013.94 177.822 83.9843 28.1128 0.823164
000090 375 1242 1 276.781 196.238 53.4912 25.657 0.771136
000090 375 1242 1 410.812 191.393 65.9764 25.0228 0.763121
000090 375 1242 1 838.889 178.715 72.4613 29.6881 0.735103
000090 375 1242 1 656.324 187.393 44.8865 22.6093 0.629787
000090 375 1242 2 492.233 194.648 16.7216 42.9259 0.628125
000091 375 1242 1 839.706 230.594 166.939 99.7439 0.97026
000091 375 1242 1 415.911 191.283 65.6656 26.0304 0.833372
000091 375 1242 1 1014.53 178.193 84.5977 29.2251 0.819055
000091 375 1242 1 837.766 176.949 65.6869 28.064 0.788335
000091 375 1242 1 273.912 197.16 51.5526 25.1536 0.772327
000091 375 1242 1 632.346 185.841 68.9581 29.3666 0.712624
000091 375 1242 3 884.526 196.373 67.314 56.5558 0.730528
000092 375 1242 1 851.879 236.6 175.919 102.543 0.916735
000092 375 1242 1 421.599 190.946 69.1646 26.7259 0.842565
000092 375 1242 1 1015.85 177.094 80.2115 30.3438 0.838682
000092 375 1242 1 268.676 197.019 61.3 29.0303 0.822753
000092 375 1242 1 616.198 186.241 75.4777 29.8353 0.764585
000092 375 1242 1 823.142 177.511 74.9728 24.9761 0.762925
000092 375 1242 3 889.335 197.114 74.9395 58.7372 0.856355
000093 375 1242 1 861.609 239.028 191.762 112.809 0.930322
000093 375 1242 1 1016.73 177.624 77.3917 27.9677 0.837792
000093 375 1242 1 267.983 196.28 67.2911 29.3608 0.820816
000093 375 1242 1 430.014 192.797 69.6312 26.1417 0.820469
000093 375 1242 1 608.828 186.925 79.0861 32.0569 0.789798
000093 375 1242 1 820.308 178.861 76.2842 24.5428 0.749469
000093 375 1242 3 903.278 197.677 73.2253 57.2267 0.7283
000094 375 1242 1 878.876 242.053 207.825 120.767 0.911611
000094 375 1242 1 435.592 191.984 69.0319 27.7128 0.853245
000094 375 1242 1 1001.01 179.564 93.1429 28.2401 0.830847
000094 375 1242 1 806.171 179.966 75.7693 27.4186 0.795618
000094 375 1242 1 593.461 187.568 78.5382 31.5423 0.778861
000094 375 1242 1 264.982 197.417 64.5399 29.0366 0.777179
000094 375 1242 2 481.315 193.559 18.9767 42.5866 0.704295
000094 375 1242 2 902.882 198.552 25.2726 61.5556 0.673312
000094 375 1242 3 903.991 198.483 79.4688 55.0278 0.681438
000095 375 1242 1 892.179 244.977 226.709 134.512 0.942293
000095 375 1242 1 580.362 186.377 87.9397 32.2685 0.837697
000095 375 1242 1 441.548 190.741 71.9547 26.9639 0.829823
000095 375 1242 1 793.243 181.438 76.0785 27.0038 0.822048
000095 375 1242 1 257.762 200.852 66.5764 27.307 0.747369
000095 375 1242 1 615.205 181.127 25.6167 16.9059 0.603947
000095 375 1242 2 476.271 195.351 18.6714 42.5618 0.655191
000095 375 1242 2 912.671 197.606 23.8348 57.1178 0.633903
000095 375 1242 3 904.306 198.773 79.5551 52.8093 0.748138
000096 375 1242 1 905.893 249.686 228.397 137.668 0.91071
000096 375 1242 1 567.75 188.233 79.396 31.9826 0.845049
000096 375 1242 1 450.887 191.213 65.2426 32.1144 0.834122
000096 375 1242 1 260.616 198.294 72.4658 27.8583 0.815478
000096 375 1242 1 786.657 181.813 82.2429 30.1875 0.807217
000096 375 1242 1 935.121 187.669 71.5618 27.1337 0.754583
000096 375 1242 1 600.228 184.008 25.6895 17.8638 0.603216
000097 375 1242 1 923.632 256.015 259.213 145.828 0.963143
000097 375 1242 1 552.684 189.473 78.595 33.217 0.868406
000097 375 1242 1 451.642 189.605 66.8745 28.8646 0.848947
000097 375 1242 1 259.181 197.424 74.9545 29.1034 0.829735
000097 375 1242 1 775.133 183.427 78.3776 30.3331 0.806913
000097 375 1242 1 966.76 187.398 88.6362 29.2417 0.729066
000097 375 1242 1 586.327 185.247 26.4529 19.0777 0.6128
000098 375 1242 1 939.81 263.189 276.373 156.495 0.972429
000098 375 1242 1 536.489 190.112 86.5996 35.6727 0.856432
000098 375 1242 1 259.624 196.351 72.3397 30.0166 0.850571
000098 375 1242 1 762.799 183.257 86.437 28.0909 0.805748
000098 375 1242 1 465.11 188.695 72.3223 27.0995 0.757964
000099 375 1242 1 980.078 276.856 286.186 170.502 0.924326
000099 375 1242 1 519.805 191.11 85.0121 37.7272 0.857702
000099 375 1242 1 258.244 198.049 75.3935 29.1197 0.835612
000099 375 1242 1 754.143 184.926 84.3093 31.4246 0.815478
000099 375 1242 2 936.201 213.017 27.6146 85.4963 0.658731
000099 375 1242 2 462.09 195.664 23.2988 46.1044 0.649289
000099 375 1242 3 932.277 211.437 93.3724 76.0578 0.811413
000100 375 1242 1 985.385 280.133 340.263 185.802 0.943803
000100 375 1242 1 504.282 192.468 80.0349 40.4695 0.870564
000100 375 1242 1 258.807 198.159 70.773 28.179 0.817253
000100 375 1242 1 743.278 187.057 86.4283 30.8446 0.804138
000100 375 1242 1 948.832 184.153 99.0752 30.8092 0.787834
000100 375 1242 1 28.6995 198.583 57.3991 32.2103 0.779665
000100 375 1242 1 305.326 196.298 44.7669 21.7687 0.606909
000100 375 1242 2 458.639 196.811 22.4554 53.5081 0.706958
000100 375 1242 3 951.361 196.887 104.679 58.7601 0.741707
000101 375 1242 1 1016.23 281.188 362.522 187.624 0.939742
000101 375 1242 1 486.388 194.373 79.9136 42.7561 0.861181
000101 375 1242 1 257.251 198.525 83.9775 31.4119 0.845589
000101 375 1242 1 730.797 186.371 85.6689 31.5477 0.816332
000101 375 1242 1 934.58 187.214 81.7883 30.1099 0.81154
000101 375 1242 2 452.322 198.332 23.4471 54.2124 0.738913
000101 375 1242 2 967.211 223.846 41.8997 89.4105 0.62001
000101 375 1242 3 964.962 212.807 100.306 73.2427 0.769504
000102 375 1242 1 1016.92 281.927 370.171 183.282 0.893363
000102 375 1242 1 483.814 194.774 93.407 40.0095 0.848072
000102 375 1242 1 256.54 198.889 86.2359 32.4625 0.843298
000102 375 1242 1 721.841 185.678 88.2433 32.2959 0.815786
000102 375 1242 1 922.007 187.006 92.1808 32.3753 0.803614
000102 375 1242 2 446.235 197.281 19.7859 50.4364 0.657482
000103 375 1242 1 1057.47 288.295 369.056 171.74 0.880494
000103 375 1242 1 463.012 196.702 77.5294 38.9886 0.867534
000103 375 1242 1 257.753 200.023 87.2271 32.6469 0.851253
000103 375 1242 1 516.369 190.204 76.8009 34.2544 0.841577
000103 375 1242 1 709.464 187.569 86.3015 32.1219 0.841039
000103 375 1242 1 919.201 187.479 95.1348 34.2466 0.801945
000103 375 1242 3 977.876 213.072 111.037 74.6068 0.824219
000104 375 1242 1 1062.25 287.931 347.246 174.139 0.86941
000104 375 1242 1 259.522 200.145 86.6731 34.3875 0.860375
000104 375 1242 1 429.735 201.369 105.851 47.5338 0.841212
000104 375 1242 1 697.521 188.269 84.8489 32.5738 0.818991
000104 375 1242 1 529.747 190.084 74.8179 32.334 0.805218
000104 375 1242 1 907.952 187.704 98.5294 30.003 0.730805
000104 375 1242 3 988.456 211.785 108.797 80.7394 0.923935
000105 375 1242 1 1047.83 281.38 347.286 187.115 0.892127
000105 375 1242 1 403.503 201.191 106.101 47.0032 0.8465
000105 375 1242 1 260.748 199.545 92.8408 33.5016 0.843075
000105 375 1242 1 536.303 189.132 76.7763 31.4777 0.820295
000105 375 1242 1 687.384 187.072 89.6415 33.6789 0.80803
000105 375 1242 1 903.159 185.413 102.189 31.5914 0.802472
000105 375 1242 2 438.433 200.115 20.9471 58.6188 0.697893
000105 375 1242 2 997.068 222.658 54.4568 93.6204 0.627731
000105 375 1242 3 993.662 210.19 109.253 69.8469 0.944878
000106 375 1242 1 1021.26 287.033 267.66 175.933 0.898424
000106 375 1242 1 387.694 202.604 120.817 53.1283 0.892799
000106 375 1242 1 261.744 199.41 91.0824 34.7285 0.854191
000106 375 1242 1 892.216 184.851 103.398 33.133 0.82905
000106 375 1242 1 674.312 186.867 89.2473 36.1154 0.819987
000106 375 1242 1 546.75 188.761 73.5927 30.2546 0.813551
000106 375 1242 2 430.424 200.511 23.6721 57.5502 0.716779
000107 375 1242 1 1071.79 282.95 340.423 184.1 0.921139
000107 375 1242 1 367.693 205.368 126.178 54.1956 0.908427
000107 375 1242 1 661.071 186.494 90.3282 34.8781 0.836383
000107 375 1242 1 885.963 186.193 96.8656 31.8037 0.827968
000107 375 1242 1 270.877 197.89 90.787 35.247 0.827956
000107 375 1242 1 554.633 188.047 70.6302 29.7253 0.803097
000107 375 1242 2 430.937 199.109 26.0681 60.1056 0.711552
000107 375 1242 2 1013.14 196.471 37.831 80.5887 0.628066
000107 375 1242 3 1001.85 199.95 102.773 77.3632 0.614583
000108 375 1242 1 335.872 208.483 141.726 56.4595 0.92876
000108 375 1242 1 1083.39 288.098 317.227 173.804 0.923274
000108 375 1242 1 647.927 187.495 89.9597 36.5739 0.851389
000108 375 1242 1 270.456 197.347 92.9114 31.4779 0.84209
000108 375 1242 1 567.327 187.374 74.5564 30.1088 0.807887
000108 375 1242 1 882.207 185.399 92.0642 30.2941 0.78895
000108 375 1242 2 426.672 198.073 21.4633 56.5112 0.626365
000108 375 1242 3 1012.99 207.955 106.926 80.086 0.844426
000109 375 1242 1 1086.63 290.096 310.74 169.807 0.938417
000109 375 1242 1 307.2 212.052 145.369 59.6154 0.914462
000109 375 1242 1 867.607 186.139 97.582 33.5594 0.844921
000109 375 1242 1 639.797 187.935 89.6661 36.9583 0.831042
000109 375 1242 1 578.4 185.836 70.4966 26.9187 0.804565
000109 375 1242 1 1143.51 177.509 113.047 44.9298 0.778296
000109 375 1242 2 422.968 202.26 25.3187 69.345 0.695303
000109 375 1242 3 1013.08 211.116 106.593 82.9626 0.80659
000110 375 1242 1 1104.2 290.152 275.599 169.696 0.95348
000110 375 1242 1 278.249 214.97 156.64 64.8627 0.901146
000110 375 1242 1 856.517 187.793 94.1284 32.3285 0.819023
000110 375 1242 1 626.549 190.773 90.5535 38.1774 0.813738
000110 375 1242 1 1147.02 180.806 116.364 42.153 0.805018
000110 375 1242 1 645.043 182.31 35.2456 19.355 0.678501
000110 375 1242 2 417.708 202.264 26.5804 69.4851 0.664577
000110 375 1242 3 1031.17 211.381 143.022 100.813 0.886633
000111 375 1242 1 1107.01 292.104 269.977 165.792 0.960858
000111 375 1242 1 243.483 219.428 175.93 71.0221 0.945717
000111 375 1242 1 613.153 190.795 94.0465 39.1861 0.830015
000111 375 1242 1 305.808 192.557 80.8724 32.3905 0.814833
000111 375 1242 1 852.174 186.462 102.86 33.6618 0.794459
000111 375 1242 1 1145.49 176.981 123.334 39.801 0.782947
000111 375 1242 2 416.014 202.626 25.9056 71.2706 0.703226
000111 375 1242 3 1040.47 212.913 139.795 101.137 0.939676
000112 375 1242 1 1112.56 292.006 258.88 165.987 0.977084
000112 375 1242 1 207.207 221.432 190.017 78.1289 0.922362
000112 375 1242 1 295.94 197.568 95.2921 35.2465 0.831834
000112 375 1242 1 843.349 185.559 103.02 33.7334 0.820128
000112 375 1242 1 597.902 191.369 93.3225 39.0121 0.819952
000112 375 1242 1 614.465 182.745 31.9703 19.1065 0.601828
000112 375 1242 2 412.865 205.0 24.9644 70.8592 0.647183
000112 375 1242 3 1058.43 212.071 144.627 105.19 0.881088
000113 375 1242 1 1128.91 295.155 226.176 159.689 0.975853
000113 375 1242 1 161.285 228.161 223.864 84.8488 0.891854
000113 375 1242 1 304.668 198.43 96.1897 36.3777 0.851315
000113 375 1242 1 837.002 185.429 100.187 35.6528 0.830172
000113 375 1242 1 591.615 190.317 114.164 42.7841 0.770745
000113 375 1242 1 626.586 187.963 36.3547 21.1379 0.68275
000113 375 1242 2 409.732 204.8 25.9986 70.3251 0.699976
000113 375 1242 3 1058.16 214.879 132.863 92.8095 0.854432
000114 375 1242 1 114.0 234.254 225.204 98.9668 0.951217
000114 375 1242 1 1136.56 286.685 210.885 172.071 0.910242
000114 375 1242 1 308.599 198.225 105.747 36.9913 0.86647
000114 375 1242 1 580.692 191.231 117.185 42.0674 0.826545
000114 375 1242 1 823.155 188.351 95.0037 30.2103 0.786157
000114 375 1242 2 408.716 204.041 25.8978 69.7721 0.71798
000114 375 1242 3 1088.5 213.443 132.202 93.7137 0.789218
000115 375 1242 1 87.4365 241.555 174.873 106.033 0.897877
000115 375 1242 1 1143.74 307.329 196.527 133.105 0.876652
000115 375 1242 1 560.538 192.376 109.583 45.0716 0.851848
000115 375 1242 1 319.979 199.213 114.647 40.8695 0.83751
000115 375 1242 1 818.284 185.181 102.348 35.0686 0.829517
000115 375 1242 1 634.0 183.685 61.1405 27.3162 0.714372
000115 375 1242 2 407.976 205.078 27.1314 67.8112 0.733272
000115 375 1242 3 1101.91 214.852 127.344 91.5179 0.711708
000116 375 1242 1 64.8961 243.92 129.792 111.421 0.949278
000116 375 1242 1 325.176 198.207 102.344 38.5197 0.861066
000116 375 1242 1 543.816 194.271 108.78 45.4404 0.842394
000116 375 1242 1 804.603 186.382 98.7753 35.662 0.841962
000116 375 1242 1 1067.38 182.295 97.6934 32.6575 0.828271
000116 375 1242 1 1157.03 307.409 169.946 135.181 0.809879
000116 375 1242 1 641.367 184.409 63.8268 28.9634 0.739892
000116 375 1242 1 567.776 188.09 39.5557 22.4321 0.621466
000116 375 1242 2 404.062 206.072 27.6985 69.3298 0.792746
000117 375 1242 1 337.046 196.736 101.39 37.5861 0.889022
000117 375 1242 1 1079.11 184.428 128.956 40.0568 0.854797
000117 375 1242 1 526.669 194.505 106.443 48.8582 0.853305
000117 375 1242 1 793.391 187.666 92.6989 32.5409 0.814687
000117 375 1242 1 28.7733 252.017 57.5465 135.716 0.793894
000117 375 1242 2 397.705 206.245 25.8148 67.1919 0.763781
000117 375 1242 3 1136.25 225.421 89.4434 91.4078 0.600771
000118 375 1242 1 512.383 194.069 111.783 50.3093 0.865274
000118 375 1242 1 344.667 196.386 101.295 38.8784 0.843868
000118 375 1242 1 1049.66 183.355 107.069 33.3562 0.803623
000118 375 1242 1 778.058 186.588 98.2911 33.9661 0.799013
000118 375 1242 1 1179.15 315.018 124.965 119.964 0.718857
000118 375 1242 1 657.63 184.856 60.4091 31.1932 0.672306
000118 375 1242 2 394.146 204.887 27.241 69.3625 0.704582
000118 375 1242 3 1146.42 226.805 92.3176 93.3621 0.722981
000119 375 1242 1 353.616 194.636 89.285 38.3034 0.880601
000119 375 1242 1 496.874 194.957 112.559 52.0477 0.874857
000119 375 1242 1 1047.92 183.882 129.389 38.3199 0.830675
000119 375 1242 1 772.828 188.188 94.1405 34.0819 0.78813
000119 375 1242 1 662.085 188.961 46.4514 25.6625 0.682914
000119 375 1242 1 530.926 188.179 39.0421 21.6832 0.606714
000119 375 1242 2 391.955 203.706 31.2288 78.8148 0.718603
000120 375 1242 1 356.715 195.192 83.7981 40.4392 0.880369
000120 375 1242 1 481.859 195.929 113.507 54.2464 0.871358
000120 375 1242 1 1033.61 182.81 127.105 37.8119 0.829551
000120 375 1242 1 755.948 184.051 110.864 37.497 0.771908
000120 375 1242 2 388.855 205.344 29.092 76.4773 0.782347
000120 375 1242 3 1170.84 227.235 88.5571 92.5397 0.688172
000121 375 1242 1 466.244 197.43 111.153 57.1988 0.882467
000121 375 1242 1 358.397 195.198 73.6187 39.5245 0.872048
000121 375 1242 1 1016.21 180.029 112.819 42.1831 0.83889
000121 375 1242 1 742.864 187.453 100.657 33.7905 0.812816
000121 375 1242 2 389.827 204.398 26.5318 74.5712 0.712284
000121 375 1242 3 1173.73 227.135 118.281 106.736 0.759591
000122 375 1242 1 448.99 199.583 117.465 59.0312 0.890823
000122 375 1242 1 370.484 196.91 78.2346 39.9919 0.867829
000122 375 1242 1 1001.59 181.305 112.129 41.9712 0.845729
000122 375 1242 1 728.796 188.409 102.506 33.1557 0.810215
000122 375 1242 3 270.806 192.927 34.2874 38.7165 0.71987
000123 375 1242 1 432.395 199.982 116.975 60.0099 0.887089
000123 375 1242 1 723.67 188.674 103.126 34.8098 0.80635
000123 375 1242 1 994.727 177.439 96.2631 36.7474 0.799837
000123 375 1242 2 378.591 207.918 29.7838 70.8918 0.648616
000124 375 1242 1 405.008 200.986 107.258 54.6295 0.86331
000124 375 1242 1 707.582 188.901 118.701 41.2254 0.8178
000124 375 1242 1 979.089 180.465 99.1887 38.9113 0.791666
000124 375 1242 1 743.378 182.753 35.7491 22.0146 0.749884
000124 375 1242 2 378.441 209.579 24.1339 73.3305 0.702091
000125 375 1242 1 967.016 182.013 110.032 42.9119 0.845701
000125 375 1242 1 402.206 196.235 80.7808 42.3802 0.818207
000125 375 1242 1 693.801 189.476 116.502 41.0082 0.81589
000125 375 1242 1 725.174 182.817 37.3746 21.8465 0.696614
000126 375 1242 1 383.551 196.826 112.116 50.3615 0.876967
000126 375 1242 1 952.588 183.011 117.157 40.6147 0.850937
000126 375 1242 1 678.275 191.563 102.533 36.522 0.828793
000127 375 1242 1 322.144 212.849 136.558 77.5104 0.892865
000127 375 1242 1 938.576 182.616 115.199 40.4175 0.86262
000127 375 1242 1 404.094 197.166 97.6986 36.1222 0.82654
000127 375 1242 1 665.456 192.917 116.821 41.0764 0.801025
000127 375 1242 1 696.233 187.296 40.7401 23.247 0.671113
000127 375 1242 2 375.354 208.844 26.1804 80.4531 0.772077
000128 375 1242 1 303.763 214.912 164.979 81.732 0.958049
000128 375 1242 1 923.692 180.598 98.0808 41.4897 0.868341
000128 375 1242 1 418.975 196.779 87.4547 34.2257 0.826089
000128 375 1242 1 649.233 192.656 118.708 40.9306 0.79699
000128 375 1242 1 697.485 189.187 44.4873 23.5541 0.688751
000129 375 1242 1 275.774 217.178 185.846 85.4729 0.959084
000129 375 1242 1 633.391 193.002 116.384 41.9175 0.838612
000129 375 1242 1 907.228 182.744 111.456 42.4049 0.83425
000129 375 1242 1 431.165 193.783 72.4863 30.5015 0.81883
000129 375 1242 1 707.863 187.595 33.8402 22.2909 0.676345
000129 375 1242 2 367.282 211.522 27.7601 79.6931 0.822685
000130 375 1242 1 242.402 220.393 201.09 93.7516 0.881306
000130 375 1242 1 436.228 194.282 62.2694 31.166 0.844483
000130 375 1242 1 626.819 194.557 98.7437 38.8294 0.80257
000130 375 1242 1 892.297 185.081 103.057 36.221 0.787543
000130 375 1242 1 579.481 186.539 35.863 23.8296 0.707684
000130 375 1242 1 711.518 187.584 33.9463 22.7283 0.698325
000130 375 1242 1 647.789 182.75 35.0383 18.4851 0.678677
000130 375 1242 2 371.383 212.437 32.3664 80.4746 0.823771
000131 375 1242 1 206.213 227.441 214.667 105.663 0.951416
000131 375 1242 1 875.372 184.273 93.8263 40.2821 0.850051
000131 375 1242 1 434.265 195.902 64.6414 33.0858 0.848248
000131 375 1242 1 609.081 196.107 118.978 41.737 0.792662
000131 375 1242 1 563.173 187.403 40.4777 22.8878 0.680896
000131 375 1242 1 646.572 182.376 30.0549 16.1028 0.661766
000131 375 1242 1 630.958 185.35 33.558 17.928 0.638956
000131 375 1242 1 712.917 188.365 30.6761 20.9507 0.614859
000131 375 1242 2 369.432 213.901 32.8665 80.0427 0.809834
000132 375 1242 1 160.328 231.979 241.007 114.287 0.941196
000132 375 1242 1 870.83 183.288 103.386 46.3512 0.880548
000132 375 1242 1 432.528 195.834 68.5117 32.94 0.864972
000132 375 1242 1 593.107 196.093 120.31 43.7247 0.801473
000132 375 1242 1 714.234 187.628 31.1166 21.8972 0.659081
000132 375 1242 1 615.592 186.312 33.3497 19.8202 0.650953
000132 375 1242 1 545.991 186.022 37.6708 21.4439 0.650581
000132 375 1242 2 367.661 213.217 31.7689 73.831 0.787274
000133 375 1242 1 125.912 240.075 251.825 121.011 0.944271
000133 375 1242 1 435.865 195.813 62.7753 34.4103 0.862694
000133 375 1242 1 855.031 183.615 98.261 40.5737 0.846269
000133 375 1242 1 577.872 196.261 123.793 43.2791 0.844894
000133 375 1242 1 616.057 185.225 28.1763 17.2633 0.654566
000133 375 1242 1 716.414 187.815 30.1906 20.817 0.63
000133 375 1242 2 362.828 214.213 31.4971 87.3006 0.81616
000133 375 1242 3 261.287 193.153 35.0756 43.8931 0.839812
000134 375 1242 1 109.002 242.816 204.907 129.103 0.933553
000134 375 1242 1 840.143 184.216 94.7482 37.7088 0.870381
000134 375 1242 1 437.667 195.14 58.1724 35.0212 0.852497
000134 375 1242 1 561.716 196.962 123.035 44.4779 0.836756
000134 375 1242 1 598.314 188.617 38.7898 21.6777 0.712146
000134 375 1242 1 719.012 187.488 28.6688 20.4974 0.613695
000134 375 1242 2 361.795 213.25 31.7315 84.1494 0.831764
000135 375 1242 1 80.8206 246.624 160.283 134.251 0.940465
000135 375 1242 1 435.492 196.909 44.6735 30.1928 0.849396
000135 375 1242 1 826.64 183.923 95.1521 37.8649 0.827108
000135 375 1242 1 544.964 197.39 118.563 44.021 0.821816
000135 375 1242 2 361.323 213.264 34.1152 85.575 0.841947
000136 375 1242 1 56.5602 254.055 113.12 138.232 0.838605
000136 375 1242 1 435.138 196.23 41.8257 30.1753 0.836502
000136 375 1242 1 811.919 185.027 92.8063 38.9243 0.831388
000136 375 1242 1 529.793 199.275 122.012 45.0995 0.825131
000136 375 1242 1 716.545 189.105 29.0215 21.3029 0.61594
000136 375 1242 2 359.249 214.762 30.5714 82.2741 0.821164
000137 375 1242 1 437.796 194.728 43.3538 32.111 0.834714
000137 375 1242 1 512.754 200.285 123.512 47.1175 0.832195
000137 375 1242 1 801.323 184.617 94.0862 39.3391 0.781947
000137 375 1242 2 357.858 216.107 35.9974 84.9018 0.83606
000138 375 1242 1 489.059 203.198 127.635 48.7317 0.84748
000138 375 1242 1 435.009 194.704 50.8831 28.2705 0.784819
000138 375 1242 1 785.767 190.015 110.281 41.6941 0.763524
000138 375 1242 2 355.441 214.701 34.2045 88.2061 0.82542
000139 375 1242 1 469.767 203.627 134.372 52.5857 0.880818
000139 375 1242 1 770.759 190.313 110.592 41.0898 0.771133
000139 375 1242 2 354.19 215.556 34.0953 85.7368 0.805517
000140 375 1242 1 464.944 204.659 131.915 53.8694 0.89945
000140 375 1242 1 753.09 185.645 107.445 42.4241 0.826771
000140 375 1242 2 353.505 215.341 34.551 86.5562 0.799836
000141 375 1242 1 437.054 205.653 140.502 56.5818 0.893539
000141 375 1242 1 738.804 187.107 110.593 41.5244 0.843669
000141 375 1242 2 351.929 215.418 36.1641 84.9204 0.8068
000142 375 1242 1 421.012 206.222 135.295 57.1249 0.892067
000142 375 1242 1 721.859 187.938 112.276 43.5803 0.848437
000142 375 1242 2 346.799 217.298 32.9673 83.0357 0.759459
000143 375 1242 1 402.188 207.801 149.648 58.7509 0.883926
000143 375 1242 1 706.386 189.182 110.746 43.0137 0.860018
000143 375 1242 1 1193.24 183.872 86.4917 31.4224 0.665187
000143 375 1242 2 346.069 213.091 31.5395 79.5451 0.820379
000144 375 1242 1 388.753 207.268 132.147 63.2714 0.917432
000144 375 1242 1 690.757 189.286 109.85 40.5999 0.819943
000144 375 1242 2 344.81 215.327 28.3704 86.3555 0.667798
000145 375 1242 1 368.428 207.541 136.998 57.2264 0.875051
000145 375 1242 1 677.11 192.22 114.291 41.1211 0.828622
000146 375 1242 1 349.546 205.187 115.189 51.7748 0.850734
000146 375 1242 1 659.964 193.493 114.35 43.7633 0.83874
000146 375 1242 1 386.539 197.038 80.2747 29.1735 0.82427
000146 375 1242 2 341.44 223.479 35.1858 97.6205 0.756564
000147 375 1242 1 274.443 218.243 178.586 71.9554 0.893536
000147 375 1242 1 643.29 193.98 114.925 45.8196 0.885153
000147 375 1242 1 371.325 200.645 90.3892 32.9344 0.826225
000147 375 1242 1 190.609 208.826 40.6509 22.0329 0.618191
000147 375 1242 2 338.828 215.173 32.35 91.0728 0.775602
000148 375 1242 1 625.166 196.037 113.818 45.4413 0.882577
000148 375 1242 1 371.847 198.394 82.4072 30.2715 0.846994
000148 375 1242 1 256.342 221.175 198.673 78.9487 0.81564
000148 375 1242 1 903.813 190.125 71.8374 35.3516 0.708161
000148 375 1242 2 338.408 222.999 36.545 92.323 0.752148
000149 375 1242 1 225.293 222.489 234.698 84.5165 0.924957
000149 375 1242 1 607.728 197.133 116.191 45.6612 0.827407
000149 375 1242 1 368.527 195.341 84.4752 31.7194 0.775064
000149 375 1242 1 1000.49 181.822 263.572 76.4321 0.704334
000149 375 1242 2 335.015 215.193 33.322 82.8495 0.778315
000150 375 1242 1 192.332 229.193 246.901 88.8264 0.896439
000150 375 1242 1 591.828 197.233 120.176 44.2789 0.837982
000150 375 1242 1 367.611 193.774 76.9804 29.9091 0.768184
000150 375 1242 2 335.21 214.083 34.7038 89.0381 0.768859
000151 375 1242 1 154.994 231.021 264.263 97.9942 0.900952
000151 375 1242 1 566.731 196.373 116.672 46.5999 0.833945
000151 375 1242 1 356.803 193.131 73.0596 27.1662 0.75721
000151 375 1242 2 329.103 216.115 37.9446 90.3083 0.786245
000152 375 1242 1 128.68 234.404 255.03 99.8251 0.916403
000152 375 1242 1 546.695 197.514 113.138 48.7617 0.875512
000152 375 1242 1 175.869 196.682 75.627 31.7792 0.667372
000152 375 1242 2 328.593 216.097 36.8832 89.325 0.802877
000153 375 1242 1 113.76 239.534 227.52 107.586 0.910098
000153 375 1242 1 529.493 197.356 123.803 52.3426 0.845075
000153 375 1242 1 339.902 197.398 74.9428 29.511 0.600263
000153 375 1242 2 329.37 222.495 37.1815 98.3409 0.753393
000154 375 1242 1 93.3455 241.382 186.691 110.596 0.897425
000154 375 1242 1 506.455 198.104 124.557 54.1249 0.857902
000154 375 1242 1 322.322 199.721 74.9553 30.5384 0.793588
000154 375 1242 2 328.15 224.623 40.4775 93.7395 0.721419
000155 375 1242 1 71.1728 243.988 142.346 111.302 0.928163
000155 375 1242 1 486.575 199.55 126.643 57.9084 0.898875
000155 375 1242 1 985.12 174.468 168.756 68.0986 0.812037
000155 375 1242 1 309.278 195.288 73.5654 28.969 0.647275
000155 375 1242 2 327.411 223.205 43.9402 102.194 0.771904
000156 375 1242 1 467.237 201.649 128.752 58.0721 0.868671
000156 375 1242 1 49.5061 237.139 99.0121 112.255 0.814354
000156 375 1242 1 305.55 193.805 75.242 28.8864 0.804957
000156 375 1242 1 981.332 178.308 141.469 62.347 0.730393
000156 375 1242 2 326.034 223.581 41.7021 102.556 0.771623
000157 375 1242 1 438.41 201.302 132.063 61.3642 0.877996
000157 375 1242 1 293.431 192.528 69.0258 28.743 0.75889
000157 375 1242 1 956.886 174.887 161.546 70.6681 0.696689
000157 375 1242 2 324.092 224.296 40.2918 98.6851 0.814657
000158 375 1242 1 416.583 207.481 135.539 64.6772 0.880278
000158 375 1242 1 530.737 186.838 33.5554 21.0515 0.62695
000158 375 1242 2 324.194 224.212 39.5364 100.003 0.82036
000159 375 1242 1 402.82 201.969 124.575 68.7462 0.893399
000159 375 1242 1 272.553 196.979 75.1763 27.5847 0.831669
000159 375 1242 1 528.984 187.28 33.7238 20.5645 0.64356
000159 375 1242 2 320.752 224.664 39.4807 102.392 0.784635
000160 375 1242 1 366.24 205.856 153.745 72.0059 0.880655
000160 375 1242 1 257.619 201.394 51.1483 27.175 0.734515
000160 375 1242 1 530.095 186.94 33.7162 20.2204 0.626492
000160 375 1242 2 323.387 224.015 40.7827 91.1404 0.775353
000161 375 1242 1 310.356 212.7 125.418 62.5996 0.85062
000161 375 1242 1 241.73 200.622 73.1213 29.3449 0.783663
000161 375 1242 1 901.921 182.595 126.971 53.4986 0.717754
000161 375 1242 1 193.205 203.13 76.384 25.5544 0.630228
000162 375 1242 1 289.472 215.655 144.507 79.3803 0.884318
000162 375 1242 1 226.772 202.401 66.562 26.77 0.655518
000162 375 1242 1 529.388 186.251 34.3256 20.3854 0.600806
000162 375 1242 2 322.54 224.924 33.219 97.1886 0.754195
000163 375 1242 1 258.174 222.401 159.269 84.9093 0.926156
000163 375 1242 2 319.13 224.297 36.3615 94.9692 0.787922
000164 375 1242 1 227.64 224.331 180.949 92.9235 0.947026
000164 375 1242 2 319.952 224.966 34.1282 99.0951 0.808686
000165 375 1242 1 194.35 227.419 221.651 106.381 0.90652
000165 375 1242 2 319.179 216.544 37.8625 103.796 0.799169
000166 375 1242 1 150.961 231.484 244.231 114.237 0.892496
000166 375 1242 1 528.693 186.062 34.0135 20.738 0.607674
000166 375 1242 2 319.436 225.986 38.3575 108.33 0.818867
000167 375 1242 1 119.617 240.604 239.234 129.641 0.887931
000167 375 1242 1 528.917 185.864 33.0289 20.5385 0.604579
000167 375 1242 2 319.282 226.011 39.9016 111.174 0.823029
000168 375 1242 1 100.094 243.458 200.188 142.679 0.867769
000168 375 1242 1 758.018 177.469 29.6891 19.6206 0.701914
000168 375 1242 2 319.329 224.88 39.1261 109.03 0.822684
000169 375 1242 1 162.388 203.423 70.4059 33.2953 0.803101
000169 375 1242 1 79.2074 244.099 158.415 161.863 0.69098
000169 375 1242 1 758.595 177.304 30.5289 19.8015 0.66217
000169 375 1242 2 319.265 225.542 40.2394 110.24 0.835533
000170 375 1242 1 50.6945 231.146 97.7238 159.799 0.914296
000170 375 1242 1 158.241 205.274 74.5779 32.6779 0.825694
000170 375 1242 1 527.127 186.71 34.7512 21.8994 0.690539
000170 375 1242 1 743.393 182.907 30.6017 19.5078 0.668417
000170 375 1242 2 319.672 225.058 39.7953 110.818 0.826532
000171 375 1242 1 144.295 202.944 68.6456 31.5133 0.858118
000171 375 1242 1 528.466 187.482 26.0824 19.554 0.602766
000171 375 1242 2 319.804 224.926 38.9164 110.026 0.821464
000171 375 1242 3 16.4805 199.973 32.0801 92.0251 0.791744
000172 375 1242 1 145.949 204.067 88.9523 31.3934 0.832874
000172 375 1242 2 320.045 224.855 39.8399 108.352 0.814289
000173 375 1242 1 128.45 203.66 83.4012 28.8498 0.785606
000173 375 1242 1 565.491 183.38 31.4539 21.3416 0.656225
000173 375 1242 2 319.63 224.871 39.3147 111.213 0.815071
000174 375 1242 1 116.011 203.751 73.4179 28.8286 0.810201
000174 375 1242 1 534.163 188.758 31.3116 20.3408 0.631503
000174 375 1242 1 518.28 192.42 31.7719 20.9178 0.62169
000174 375 1242 2 319.942 225.372 39.3269 108.204 0.826411
000175 375 1242 1 102.471 203.449 61.5329 30.1872 0.798164
000175 375 1242 1 533.453 185.342 31.6564 20.6442 0.606752
000175 375 1242 2 319.211 224.823 41.2076 111.734 0.828352
000176 375 1242 1 93.9916 203.542 58.7745 31.7538 0.800962
000176 375 1242 1 517.933 187.179 31.5414 20.6108 0.637506
000176 375 1242 1 533.266 184.711 31.2188 21.4732 0.616087
000176 375 1242 2 319.088 224.952 42.2587 114.64 0.833278
000177 375 1242 1 83.702 205.686 52.1135 28.6653 0.826101
000177 375 1242 2 318.97 224.926 41.5756 114.893 0.829467
000178 375 1242 1 77.7379 204.364 50.5343 29.3581 0.804748
000178 375 1242 2 318.875 225.259 40.7708 114.869 0.831566
000179 375 1242 1 63.6302 203.984 67.8438 28.834 0.775273
000179 375 1242 2 319.258 224.961 41.7222 116.862 0.838185
000180 375 1242 2 319.209 224.895 41.0428 116.866 0.834871
000181 375 1242 1 46.5487 202.852 66.7227 29.1002 0.734942
000181 375 1242 2 318.618 225.339 40.4267 113.631 0.824352
000182 375 1242 2 318.42 225.394 40.7558 112.964 0.826663
000183 375 1242 2 318.826 225.01 39.9113 112.924 0.825025
000184 375 1242 1 436.442 189.281 33.1449 20.9963 0.602244
000184 375 1242 2 321.172 226.453 41.363 106.466 0.827143
000185 375 1242 1 1225.83 181.749 32.3438 36.4598 0.645485
000185 375 1242 1 613.901 187.454 32.4641 17.5739 0.610158
000185 375 1242 1 628.56 184.282 31.6274 17.0686 0.605934
000185 375 1242 2 321.412 225.781 40.9803 103.401 0.801751
000186 375 1242 1 648.32 178.39 32.621 15.0612 0.632568
000186 375 1242 2 321.072 225.918 41.1219 104.111 0.838416
000187 375 1242 1 1211.8 183.399 60.4026 37.9034 0.731537
000187 375 1242 1 401.664 190.748 34.4136 23.3913 0.660469
000187 375 1242 1 533.946 185.812 31.7317 21.4328 0.653733
000187 375 1242 2 320.935 225.738 42.0562 107.332 0.819289
000188 375 1242 1 503.113 188.466 34.457 20.6692 0.664221
000188 375 1242 2 321.075 224.862 42.2025 105.638 0.815444
000189 375 1242 1 1193.36 185.354 97.2841 35.9089 0.813
000189 375 1242 1 501.583 187.434 33.0305 21.3711 0.674391
000189 375 1242 2 320.804 225.537 42.4579 103.174 0.806349
000190 375 1242 1 1180.97 182.425 111.081 32.1674 0.846283
000190 375 1242 1 484.7 191.248 33.3456 21.5452 0.695733
000190 375 1242 1 499.601 187.684 32.1248 20.9429 0.650487
000190 375 1242 1 515.621 184.49 31.741 20.644 0.60418
000190 375 1242 2 320.124 224.449 43.4587 104.213 0.810054
000191 375 1242 1 1177.41 183.41 115.061 31.5021 0.783508
000191 375 1242 1 453.184 193.828 35.5657 23.6904 0.696509
000191 375 1242 2 320.105 224.489 44.3721 104.762 0.82689
000192 375 1242 1 1178.01 184.21 127.981 40.0118 0.820852
000192 375 1242 2 321.162 224.739 45.3001 107.24 0.827531
000193 375 1242 1 1176.87 185.322 130.25 39.592 0.813505
000193 375 1242 2 319.98 226.773 46.5727 106.191 0.818431
000194 375 1242 1 1176.08 183.736 131.762 40.207 0.797823
000194 375 1242 2 319.812 227.078 42.6686 106.978 0.796382
000195 375 1242 1 1130.29 183.764 102.001 35.4133 0.750747
000195 375 1242 2 318.92 224.897 40.9319 110.588 0.737035
000196 375 1242 1 1128.41 186.891 125.832 38.7833 0.767331
000196 375 1242 1 531.991 186.703 37.8785 21.8039 0.633713
000196 375 1242 2 312.271 226.486 42.3567 114.075 0.775141
000197 375 1242 1 1114.69 189.053 127.942 37.1012 0.766893
000197 375 1242 1 532.225 187.032 37.1666 21.4598 0.648255
000197 375 1242 2 310.674 227.922 44.2294 110.181 0.820987
000198 375 1242 1 1112.97 188.641 134.116 37.4905 0.778244
000198 375 1242 1 531.471 186.873 37.394 21.0177 0.647017
000198 375 1242 2 310.352 227.785 43.1141 110.838 0.838721
000199 375 1242 1 1112.18 186.835 135.768 38.3217 0.78039
000199 375 1242 1 531.226 186.748 37.9563 21.4691 0.654392
000199 375 1242 1 390.269 208.451 122.086 52.2261 0.653674
000199 375 1242 2 310.386 227.468 42.4718 108.905 0.853545
000200 375 1242 1 1098.18 187.083 132.7 38.6104 0.786653
000200 375 1242 1 531.105 187.068 36.4058 20.9342 0.647527
000200 375 1242 2 309.9 226.444 40.0005 105.801 0.843229
000201 375 1242 1 1095.54 186.826 137.92 38.7437 0.806784
000201 375 1242 1 531.397 186.808 37.3958 21.4528 0.65268
000201 375 1242 2 310.644 226.402 38.6855 106.38 0.816051
000202 375 1242 1 1082.9 187.183 130.762 39.1275 0.804803
000202 375 1242 1 531.222 186.761 36.8329 21.2337 0.645846
000202 375 1242 2 309.892 226.575 38.9464 103.484 0.845807
000203 375 1242 1 1080.73 186.994 132.66 39.4443 0.81449
000203 375 1242 1 531.147 187.034 36.9663 21.3132 0.65886
000203 375 1242 2 309.807 228.23 37.8351 101.148 0.821743
000204 375 1242 1 1068.45 188.414 119.901 39.2971 0.783808
000204 375 1242 1 531.256 186.579 37.2338 21.1401 0.639033
000204 375 1242 2 309.233 227.245 37.048 100.632 0.82724
000205 375 1242 1 1068.54 187.703 122.033 40.2477 0.813961
000205 375 1242 1 531.058 186.872 36.7211 21.4099 0.655128
000205 375 1242 2 312.156 225.614 32.9556 99.2385 0.813858
000206 375 1242 1 1065.85 187.254 124.075 39.6546 0.837642
000206 375 1242 1 530.922 186.777 36.6858 20.9244 0.635056
000206 375 1242 2 309.671 227.662 38.4897 101.439 0.847282
000207 375 1242 1 1064.44 187.043 124.664 39.4214 0.827297
000207 375 1242 1 530.816 186.938 36.3762 21.454 0.657652
000207 375 1242 2 308.514 227.181 44.5085 110.214 0.870659
000208 375 1242 1 1062.73 186.802 124.963 38.6609 0.81933
000208 375 1242 1 531.306 186.835 37.1555 21.0404 0.645568
000208 375 1242 2 309.657 226.556 40.8106 111.308 0.84722
000209 375 1242 1 1062.32 187.144 127.431 38.7888 0.829251
000209 375 1242 1 531.222 186.877 37.2938 21.407 0.656304
000209 375 1242 2 308.668 226.305 40.7742 109.278 0.851092
000210 375 1242 1 1061.79 187.84 127.134 38.3696 0.802026
000210 375 1242 1 531.01 186.883 36.8673 21.4613 0.659474
000210 375 1242 2 307.885 226.513 42.5482 107.796 0.858214
000211 375 1242 1 1060.27 187.497 123.23 38.4614 0.784906
000211 375 1242 1 531.09 186.791 36.9731 21.324 0.650359
000211 375 1242 2 307.859 226.08 41.4136 108.824 0.848359
000212 375 1242 1 1053.11 187.954 125.632 38.5435 0.802092
000212 375 1242 1 530.995 186.769 36.3905 21.2659 0.64854
000212 375 1242 2 307.671 225.86 41.9584 107.008 0.848725
000213 375 1242 1 1053.07 187.96 125.309 39.9558 0.81227
000213 375 1242 1 531.359 186.876 37.0719 21.0617 0.645485
000213 375 1242 2 307.712 226.643 41.6044 107.737 0.85074
000214 375 1242 1 1051.87 187.743 123.724 40.1916 0.83428
000214 375 1242 1 68.1716 200.918 136.343 216.453 0.673253
000214 375 1242 1 531.529 186.812 37.079 21.0583 0.643087
000214 375 1242 2 307.293 226.293 40.5799 105.921 0.845767
000215 375 1242 1 1050.86 187.611 121.857 39.2148 0.835727
000215 375 1242 1 531.176 186.769 37.1956 21.2302 0.647758
000215 375 1242 2 307.903 226.434 40.9763 105.109 0.852683
000216 375 1242 1 1051.32 187.556 119.985 39.4899 0.835252
000216 375 1242 1 531.433 186.672 37.6003 21.2906 0.645903
000216 375 1242 2 307.839 226.64 40.5817 106.027 0.858299
000217 375 1242 1 1051.25 187.256 121.041 39.6111 0.837815
000217 375 1242 1 531.17 186.766 36.5116 21.0109 0.637746
000217 375 1242 2 307.86 226.589 40.9307 105.327 0.856828
000218 375 1242 1 1051.25 187.515 120.115 39.3746 0.831186
000218 375 1242 1 531.289 186.819 36.6949 20.9462 0.642898
000218 375 1242 2 307.95 226.687 40.6395 105.46 0.858128
000219 375 1242 1 1051.67 187.587 120.651 39.5692 0.832685
000219 375 1242 1 530.85 186.842 36.3036 21.2091 0.650652
000219 375 1242 2 308.078 226.417 40.8833 106.968 0.858857
000220 375 1242 1 1051.45 187.472 121.262 39.4423 0.833156
000220 375 1242 1 531.178 186.832 36.9227 21.3716 0.654545
000220 375 1242 2 308.008 226.649 41.5545 105.217 0.861568
000221 375 1242 1 1051.38 187.619 121.49 39.1611 0.835703
000221 375 1242 1 531.284 186.926 37.2471 21.2918 0.654988
000221 375 1242 2 307.769 226.696 41.4808 105.443 0.86291
000222 375 1242 1 1051.17 187.352 121.86 39.3957 0.836573
000222 375 1242 1 531.377 186.759 36.7991 21.0358 0.638862
000222 375 1242 2 307.809 226.696 42.4858 105.174 0.862157
000223 375 1242 1 1051.37 187.541 120.015 39.1297 0.826535
000223 375 1242 1 531.172 186.89 37.0568 21.1969 0.652869
000223 375 1242 2 307.764 226.191 41.5488 106.259 0.858641
000224 375 1242 1 1051.0 187.737 120.27 38.7423 0.82438
000224 375 1242 1 531.466 186.827 37.3906 21.1338 0.6489
000224 375 1242 2 308.074 226.532 41.7731 105.301 0.865817
000225 375 1242 1 1051.51 187.536 121.003 39.2245 0.831764
000225 375 1242 1 530.99 186.689 37.7415 21.4422 0.655862
000225 375 1242 2 308.259 226.638 41.5444 105.756 0.865091
000226 375 1242 1 1051.58 187.472 121.301 39.5888 0.832637
000226 375 1242 1 531.274 186.863 37.234 21.3102 0.652593
000226 375 1242 2 307.854 226.332 41.6746 107.216 0.865364
000227 375 1242 1 1051.86 187.529 121.588 39.3503 0.828516
000227 375 1242 1 531.077 186.763 36.8804 21.1031 0.64635
000227 375 1242 2 307.821 226.559 41.4658 106.064 0.864483
000228 375 1242 1 1051.62 187.405 121.752 39.5585 0.836688
000228 375 1242 1 531.159 186.726 37.0247 21.1619 0.644421
000228 375 1242 2 307.867 226.201 40.934 107.323 0.859595
000229 375 1242 1 1051.58 187.134 121.6 39.778 0.839681
000229 375 1242 1 531.08 186.976 36.5573 21.1451 0.651588
000229 375 1242 2 308.021 226.676 40.34 105.488 0.861614
000230 375 1242 1 1051.25 187.346 121.64 39.4791 0.837269
000230 375 1242 1 531.23 186.844 36.5996 21.1833 0.645587
000230 375 1242 2 308.278 226.482 39.5684 106.714 0.861247
000231 375 1242 1 1051.27 187.361 120.896 39.3239 0.838031
000231 375 1242 1 530.993 186.878 36.9944 21.3082 0.655033
000231 375 1242 2 307.91 226.558 39.7084 106.158 0.860967
000232 375 1242 1 1051.35 187.422 120.39 39.4481 0.834943
000232 375 1242 1 531.099 186.731 36.5795 21.2932 0.648168
000232 375 1242 2 307.881 226.45 38.9459 106.181 0.858397
