000000 375 1242 1 308.166 181.196 536.759 283.886 0.987644
000001 375 1242 1 229.602 186.616 492.087 291.97 0.997674
000002 375 1242 1 132.462 184.995 427.716 309.295 0.995388
000003 375 1242 1 36.055 184.072 398.297 323.49 0.990067
000004 375 1242 1 0.0 189.943 342.022 333.165 0.997184
000005 375 1242 1 0.0 195.676 289.875 333.106 0.954943
000006 375 1242 1 1134.79 181.29 1242.0 218.223 0.508186
000007 375 1242 1 1106.9 181.376 1242.0 216.602 0.998654
000008 375 1242 1 1085.64 179.375 1220.39 216.575 0.9979
000009 375 1242 1 1048.12 179.745 1177.53 215.656 0.998806
000010 375 1242 1 1014.56 181.158 1146.85 216.32 0.999798
000011 375 1242 1 985.692 179.366 1113.76 212.413 0.999433
000012 375 1242 1 976.456 179.767 1083.31 210.477 0.999431
000013 375 1242 1 948.911 178.646 1050.52 210.548 0.997104
000015 375 1242 1 901.495 179.166 995.937 208.937 0.941239
000016 375 1242 1 875.594 177.392 966.769 208.605 0.994914
000017 375 1242 1 860.677 176.333 947.405 206.469 0.997508
000018 375 1242 1 843.414 176.17 926.121 205.343 0.998916
000019 375 1242 1 821.107 176.303 909.388 203.563 0.999751
000020 375 1242 1 811.066 175.773 890.714 203.166 0.999635
000021 375 1242 1 792.325 176.649 873.714 202.057 0.998786
000022 375 1242 1 780.586 175.809 862.554 202.71 0.999889
000023 375 1242 1 767.53 175.797 838.978 202.115 0.999919
000024 375 1242 1 755.132 175.103 825.558 200.201 0.999516
000025 375 1242 1 744.751 174.197 813.491 200.806 0.999895
000026 375 1242 1 736.648 175.719 800.261 199.855 0.99992
000027 375 1242 1 726.708 173.626 788.929 198.602 0.999931
000028 375 1242 1 720.691 173.997 776.778 199.289 0.999449
000029 375 1242 1 712.791 174.55 767.635 198.378 0.999641
000030 375 1242 1 705.904 174.993 759.003 197.53 0.999909
000031 375 1242 1 700.502 174.879 749.433 197.231 0.999902
000032 375 1242 1 695.269 174.726 741.59 196.777 0.999923
000033 375 1242 1 689.888 173.99 733.536 197.012 0.999372
000034 375 1242 1 685.79 173.223 726.314 195.223 0.999479
000035 375 1242 1 681.481 173.327 720.877 195.118 0.998787
000036 375 1242 1 677.477 174.495 715.208 195.217 0.998582
000037 375 1242 1 673.004 174.391 710.751 194.533 0.996743
000038 375 1242 1 672.382 174.671 702.966 193.578 0.91948
000039 375 1242 1 668.958 173.263 700.708 193.158 0.95489
000040 375 1242 1 668.178 173.438 695.268 192.895 0.830696
000041 375 1242 1 891.821 196.025 1242.0 375.0 0.998741
000042 375 1242 1 877.839 187.021 1188.22 372.292 0.99998
000043 375 1242 1 842.933 191.515 1097.17 354.475 0.999984
000044 375 1242 1 814.519 185.629 1042.33 331.571 0.999994
000045 375 1242 1 797.856 187.105 998.635 313.164 0.999999
000045 375 1242 1 1065.43 186.505 1242.0 313.045 0.906651
000046 375 1242 1 778.291 187.427 962.269 302.211 1.0
000046 375 1242 1 1024.97 183.517 1242.0 310.58 0.979381
000047 375 1242 1 765.419 183.374 933.884 292.344 1.0
000047 375 1242 1 996.044 183.162 1242.0 291.179 0.999973
000048 375 1242 1 755.803 185.501 905.621 281.932 1.0
000048 375 1242 1 984.044 185.314 1196.32 284.41 0.999998
000049 375 1242 1 745.879 185.315 881.527 276.677 1.0
000049 375 1242 1 958.605 184.992 1146.21 275.673 1.0
000050 375 1242 1 738.721 182.033 859.268 266.748 1.0
000050 375 1242 1 932.289 185.016 1105.39 268.931 0.999998
000051 375 1242 1 729.351 181.528 840.936 260.224 1.0
000051 375 1242 1 911.195 184.015 1068.63 260.217 0.999999
000052 375 1242 1 719.184 184.16 826.777 256.32 1.0
000052 375 1242 1 892.135 182.746 1034.51 252.283 0.999991
000053 375 1242 1 713.994 180.752 809.018 247.585 1.0
000053 375 1242 1 882.055 180.722 1009.15 251.29 1.0
000054 375 1242 1 708.033 179.607 797.641 243.576 0.999999
000054 375 1242 1 863.109 179.474 986.942 245.446 0.999987
000055 375 1242 1 851.625 180.106 966.17 242.49 0.999999
000055 375 1242 1 706.114 180.174 786.077 240.891 0.999999
000056 375 1242 1 699.326 180.356 774.605 236.705 1.0
000056 375 1242 1 837.919 180.288 946.959 238.829 0.999999
000057 375 1242 1 692.694 178.977 761.763 233.015 1.0
000057 375 1242 1 826.443 179.889 925.526 232.813 0.999999
000057 375 1242 1 1032.96 188.603 1242.0 303.34 0.542263
000058 375 1242 1 688.985 178.919 753.879 229.331 1.0
000058 375 1242 1 816.912 179.03 912.204 232.442 0.999998
000058 375 1242 1 1002.44 178.598 1226.5 285.605 0.879897
000059 375 1242 1 681.694 178.029 744.288 225.711 0.999999
000059 375 1242 1 805.417 178.964 897.102 227.513 0.999999
000060 375 1242 1 799.413 179.894 881.846 227.416 1.0
000060 375 1242 1 679.318 179.953 737.32 223.855 0.999999
000061 375 1242 1 790.653 179.496 870.403 222.678 1.0
000061 375 1242 1 675.934 180.112 731.66 220.468 0.999996
000061 375 1242 1 843.335 191.533 1242.0 375.0 0.834778
000062 375 1242 1 781.957 179.485 857.729 220.803 0.999999
000062 375 1242 1 672.567 178.494 720.67 218.384 0.99999
000062 375 1242 1 827.696 198.041 1238.76 375.0 0.999979
000063 375 1242 1 773.616 178.321 844.508 219.302 0.999997
000063 375 1242 1 669.377 179.089 717.734 217.187 0.999995
000063 375 1242 1 814.563 195.999 1153.02 375.0 0.999995
000064 375 1242 1 767.015 178.435 832.595 216.4 0.999999
000064 375 1242 1 794.128 193.769 1074.01 357.752 0.999999
000064 375 1242 1 665.738 178.507 711.288 212.279 0.999986
000065 375 1242 1 775.026 189.2 1017.22 339.632 0.999999
000065 375 1242 1 661.723 177.612 707.34 212.721 0.999998
000065 375 1242 1 759.783 177.759 823.174 213.141 0.999984
000066 375 1242 1 756.361 187.642 972.348 323.425 1.0
000066 375 1242 1 660.311 178.297 701.149 209.907 0.999984
000066 375 1242 1 753.692 177.001 816.187 213.581 0.999971
000067 375 1242 1 747.489 190.399 938.657 307.61 1.0
000067 375 1242 1 747.266 178.465 804.293 210.466 0.999978
000067 375 1242 1 656.393 178.803 695.451 208.687 0.999942
000068 375 1242 1 735.36 186.546 905.432 296.169 1.0
000068 375 1242 1 654.852 177.051 692.127 207.341 0.999931
000068 375 1242 1 740.62 178.037 796.158 209.273 0.99965
000069 375 1242 1 725.265 187.652 879.522 284.559 1.0
000069 375 1242 1 651.427 178.409 688.233 205.611 0.999902
000069 375 1242 1 735.311 178.67 788.05 210.417 0.998601
000069 375 1242 1 821.878 177.533 924.127 230.139 0.968689
000070 375 1242 1 716.989 185.236 856.093 274.346 1.0
000070 375 1242 1 649.752 178.126 684.642 203.831 0.999938
000070 375 1242 1 806.933 177.131 906.124 230.767 0.999665
000070 375 1242 1 728.558 176.023 783.804 209.572 0.937271
000071 375 1242 1 708.657 183.546 835.858 267.028 1.0
000071 375 1242 1 647.99 177.954 680.328 203.302 0.999865
000071 375 1242 1 797.331 178.109 888.853 226.918 0.999419
000072 375 1242 1 699.952 185.51 818.407 261.511 1.0
000072 375 1242 1 787.051 178.464 872.408 224.538 0.99992
000072 375 1242 1 645.681 176.96 676.321 203.012 0.999551
000073 375 1242 1 693.551 184.735 803.421 254.632 1.0
000073 375 1242 1 779.942 177.278 858.195 221.366 0.999923
000073 375 1242 1 643.451 177.381 672.927 201.227 0.999763
000074 375 1242 1 689.901 183.636 788.666 248.247 1.0
000074 375 1242 1 771.281 176.66 844.366 218.273 0.999992
000074 375 1242 1 641.196 177.967 670.064 200.051 0.999565
000074 375 1242 1 873.671 192.326 1242.0 373.62 0.955728
000075 375 1242 1 686.769 181.802 778.89 245.851 1.0
000075 375 1242 1 760.928 177.448 831.569 215.056 0.999984
000075 375 1242 1 640.002 177.413 666.301 199.142 0.999601
000075 375 1242 1 863.084 183.936 1242.0 375.0 0.992579
000076 375 1242 1 682.188 181.419 765.323 240.419 1.0
000076 375 1242 1 754.052 177.072 819.613 213.483 0.999997
000076 375 1242 1 819.899 181.367 1242.0 373.419 0.999822
000076 375 1242 1 638.068 176.096 664.912 198.383 0.999215
000077 375 1242 1 678.635 181.256 757.161 236.673 1.0
000077 375 1242 1 745.134 177.402 810.261 212.961 0.999987
000077 375 1242 1 811.891 185.324 1159.76 363.589 0.999944
000077 375 1242 1 635.929 176.003 661.897 197.916 0.999377
000078 375 1242 1 672.259 184.488 747.393 231.188 1.0
000078 375 1242 1 740.991 176.959 800.029 209.893 0.999997
000078 375 1242 1 793.917 183.351 1078.95 342.832 0.999993
000078 375 1242 1 633.236 176.441 658.295 198.322 0.992635
000079 375 1242 1 669.619 182.295 738.729 228.892 1.0
000079 375 1242 1 773.138 184.403 1028.79 324.636 0.999994
000079 375 1242 1 735.866 176.659 791.981 209.226 0.999979
000079 375 1242 1 633.49 176.881 656.917 197.616 0.993225
000080 375 1242 1 665.844 183.13 730.598 227.695 1.0
000080 375 1242 1 761.535 184.917 979.721 307.307 0.999995
000080 375 1242 1 729.54 174.197 784.543 205.218 0.999987
000080 375 1242 1 631.576 175.443 653.975 197.197 0.952797
000081 375 1242 1 663.654 181.346 724.019 224.106 1.0
000081 375 1242 1 725.548 176.934 775.978 205.406 0.999978
000081 375 1242 1 748.772 180.145 942.554 295.298 0.999974
000081 375 1242 1 630.634 175.666 652.785 197.078 0.869918
000082 375 1242 1 660.525 180.497 717.44 221.328 1.0
000082 375 1242 1 736.669 181.085 909.301 282.803 0.999995
000082 375 1242 1 719.061 176.842 770.201 205.503 0.999903
000082 375 1242 1 630.334 174.812 650.308 194.526 0.779014
000083 375 1242 1 654.835 180.528 712.197 219.352 1.0
000083 375 1242 1 728.701 178.844 882.112 276.085 0.999997
000083 375 1242 1 715.427 176.857 762.704 204.781 0.999888
000084 375 1242 1 653.711 179.039 705.413 218.041 1.0
000084 375 1242 1 723.04 178.686 857.829 267.476 0.999999
000084 375 1242 1 710.134 175.706 758.368 203.546 0.999686
000085 375 1242 1 710.207 179.546 837.785 259.523 0.999998
000085 375 1242 1 652.131 178.798 700.978 216.191 0.999998
000085 375 1242 1 706.575 175.437 751.758 203.927 0.984536
000085 375 1242 1 994.582 182.09 1077.27 212.47 0.736129
000086 375 1242 1 707.154 176.303 822.098 254.621 0.999999
000086 375 1242 1 650.687 178.83 694.993 214.425 0.999997
000086 375 1242 1 981.865 179.479 1068.62 212.999 0.994634
000086 375 1242 1 703.227 175.035 748.627 203.122 0.711963
000087 375 1242 1 646.265 178.125 690.738 213.154 0.999998
000087 375 1242 1 701.251 177.151 802.982 245.996 0.999984
000087 375 1242 1 961.11 179.385 1049.01 211.118 0.997544
000087 375 1242 1 698.795 175.934 737.002 201.34 0.576752
000088 375 1242 1 692.836 178.494 790.023 242.846 0.999995
000088 375 1242 1 645.652 179.303 687.684 211.268 0.999991
000088 375 1242 1 954.616 178.612 1041.86 210.868 0.984124
000089 375 1242 1 645.19 177.966 684.211 208.852 0.999975
000089 375 1242 1 688.89 177.003 777.0 237.234 0.999962
000089 375 1242 1 944.065 179.066 1032.02 211.004 0.968549
000090 375 1242 1 640.951 177.41 680.023 207.884 0.999997
000090 375 1242 1 685.715 177.288 766.38 233.653 0.999994
000090 375 1242 1 936.125 177.767 1029.13 209.848 0.979677
000090 375 1242 1 862.213 170.744 1242.0 375.0 0.63344
000091 375 1242 1 639.908 177.347 677.874 207.188 0.999993
000091 375 1242 1 679.696 176.926 756.1 228.866 0.999983
000091 375 1242 1 868.529 174.445 1242.0 375.0 0.988628
000092 375 1242 1 678.242 177.702 746.689 227.562 0.999984
000092 375 1242 1 637.343 178.502 673.384 205.741 0.999937
000092 375 1242 1 843.942 169.544 1234.44 375.0 0.999639
000093 375 1242 1 672.904 178.448 737.192 223.251 0.999963
000093 375 1242 1 818.868 174.821 1161.0 365.262 0.999893
000093 375 1242 1 636.47 178.001 671.654 205.02 0.999881
000094 375 1242 1 669.054 177.32 730.792 220.376 0.999993
000094 375 1242 1 797.085 174.285 1089.29 344.917 0.999928
000094 375 1242 1 634.414 177.301 668.689 204.559 0.999837
000095 375 1242 1 666.57 176.294 722.819 218.329 0.999976
000095 375 1242 1 781.709 164.661 1037.63 322.489 0.999929
000095 375 1242 1 631.384 179.468 666.653 204.049 0.999849
000096 375 1242 1 663.145 175.498 716.383 215.412 0.999955
000096 375 1242 1 770.658 169.371 990.852 307.133 0.999941
000096 375 1242 1 632.467 176.993 664.194 201.751 0.999899
000097 375 1242 1 748.432 168.742 954.904 296.728 0.999998
000097 375 1242 1 659.693 175.658 708.724 213.236 0.999987
000097 375 1242 1 630.695 176.281 662.708 200.733 0.997091
000098 375 1242 1 742.374 169.566 921.166 282.841 0.999998
000098 375 1242 1 656.929 175.544 704.538 212.936 0.999962
000098 375 1242 1 629.1 178.025 656.971 200.057 0.993336
000098 375 1242 1 881.598 179.809 941.574 206.925 0.953673
000099 375 1242 1 729.91 171.395 892.669 271.418 0.999999
000099 375 1242 1 654.382 174.684 700.312 210.341 0.999986
000099 375 1242 1 854.872 175.488 932.41 208.687 0.996525
000099 375 1242 1 627.8 176.898 657.892 199.305 0.971579
000100 375 1242 1 724.138 172.907 868.553 266.392 0.999997
000100 375 1242 1 652.075 176.333 694.918 208.101 0.999814
000100 375 1242 1 854.777 177.907 924.077 206.05 0.998694
000100 375 1242 1 625.333 177.168 654.858 197.549 0.927065
000100 375 1242 1 875.473 199.036 1242.0 375.0 0.746792
000101 375 1242 1 717.612 170.584 846.668 260.372 0.999979
000101 375 1242 1 866.997 196.474 1242.0 375.0 0.999919
000101 375 1242 1 845.044 178.158 924.614 207.457 0.999151
000101 375 1242 1 649.497 175.048 690.141 206.203 0.999126
000101 375 1242 1 626.731 176.104 653.351 198.228 0.849062
000102 375 1242 1 836.743 194.92 1163.94 366.511 0.999997
000102 375 1242 1 717.493 171.909 828.198 255.242 0.99999
000102 375 1242 1 645.79 175.149 685.013 205.077 0.998353
000102 375 1242 1 843.895 175.938 917.262 204.95 0.993391
000102 375 1242 1 625.169 175.819 649.381 196.233 0.691366
000103 375 1242 1 809.97 192.802 1082.23 345.468 0.999996
000103 375 1242 1 703.141 170.45 812.123 251.891 0.999949
000103 375 1242 1 643.68 175.186 681.077 204.002 0.994581
000103 375 1242 1 835.073 177.503 909.136 204.075 0.976775
000103 375 1242 1 623.97 175.969 649.038 196.154 0.677177
000104 375 1242 1 797.107 187.914 1022.79 325.315 0.999999
000104 375 1242 1 699.505 171.428 799.639 246.162 0.999915
000104 375 1242 1 642.379 174.119 677.712 202.505 0.998993
000104 375 1242 1 1053.57 180.361 1242.0 321.862 0.961138
000105 375 1242 1 778.035 186.243 972.458 304.415 1.0
000105 375 1242 1 696.013 167.589 789.673 240.696 0.999948
000105 375 1242 1 640.132 175.633 674.991 202.18 0.999261
000105 375 1242 1 1007.89 181.681 1242.0 307.712 0.997515
000106 375 1242 1 761.929 183.386 939.312 294.535 1.0
000106 375 1242 1 972.696 181.19 1242.0 295.424 0.999988
000106 375 1242 1 687.592 170.337 773.017 233.009 0.999981
000106 375 1242 1 638.222 175.8 670.932 200.868 0.998961
000107 375 1242 1 950.831 180.83 1206.38 282.993 0.999998
000107 375 1242 1 746.208 185.545 903.571 280.724 0.999996
000107 375 1242 1 686.141 169.858 764.808 231.832 0.999922
000107 375 1242 1 635.751 175.346 668.521 199.976 0.997247
000108 375 1242 1 741.574 184.107 878.527 273.499 1.0
000108 375 1242 1 681.094 170.748 757.471 230.243 0.999995
000108 375 1242 1 929.634 181.815 1149.02 274.477 0.999994
000108 375 1242 1 634.502 175.98 663.468 198.864 0.998614
000108 375 1242 1 811.677 173.726 886.792 202.612 0.980492
000109 375 1242 1 905.051 180.57 1108.63 266.234 0.999999
000109 375 1242 1 732.975 185.996 854.572 264.493 0.999999
000109 375 1242 1 677.678 169.961 747.072 227.083 0.999963
000109 375 1242 1 815.094 176.346 881.967 203.419 0.997212
000109 375 1242 1 632.018 174.744 660.952 198.272 0.996501
000110 375 1242 1 722.409 182.545 835.738 261.394 1.0
000110 375 1242 1 885.793 181.843 1065.18 261.445 0.999999
000110 375 1242 1 672.457 171.19 741.045 224.705 0.99997
000110 375 1242 1 815.369 176.356 880.886 204.046 0.999548
000110 375 1242 1 630.659 173.707 658.873 197.863 0.981139
000111 375 1242 1 869.818 182.136 1029.51 255.272 1.0
000111 375 1242 1 717.93 182.275 819.087 253.599 1.0
000111 375 1242 1 667.551 171.182 734.103 222.166 0.999991
000111 375 1242 1 812.055 174.382 880.224 202.158 0.999353
000111 375 1242 1 629.297 174.361 656.437 196.657 0.986688
000112 375 1242 1 710.991 183.45 805.988 248.118 1.0
000112 375 1242 1 854.819 181.945 999.454 248.431 1.0
000112 375 1242 1 664.283 170.668 725.66 219.59 0.999976
000112 375 1242 1 806.838 174.225 883.742 203.22 0.997411
000112 375 1242 1 627.958 173.546 654.306 196.718 0.974128
000113 375 1242 1 707.181 179.027 789.796 241.788 1.0
000113 375 1242 1 844.158 180.576 975.239 244.605 1.0
000113 375 1242 1 662.681 172.535 723.476 218.307 0.999983
000113 375 1242 1 805.325 175.284 869.872 202.326 0.998539
000113 375 1242 1 626.793 173.221 652.224 195.88 0.975602
000114 375 1242 1 699.235 180.996 781.578 238.905 1.0
000114 375 1242 1 831.601 178.302 950.94 241.564 1.0
000114 375 1242 1 659.412 172.602 713.18 215.727 0.999986
000114 375 1242 1 802.743 175.955 870.388 202.691 0.995945
000115 375 1242 1 692.853 179.67 769.096 235.224 1.0
000115 375 1242 1 817.103 177.953 931.912 236.505 0.999999
000115 375 1242 1 656.221 173.211 708.572 214.253 0.999971
000116 375 1242 1 688.954 179.679 759.0 230.991 1.0
000116 375 1242 1 806.795 178.437 915.796 234.387 1.0
000116 375 1242 1 652.979 171.337 703.677 211.348 0.999685
000117 375 1242 1 795.535 177.434 902.124 229.003 1.0
000117 375 1242 1 686.312 178.766 750.519 229.397 0.999999
000117 375 1242 1 651.238 172.841 700.041 212.248 0.999905
000118 375 1242 1 787.318 178.124 884.578 227.599 1.0
000118 375 1242 1 681.954 178.977 742.576 224.923 1.0
000118 375 1242 1 650.184 172.245 696.587 209.392 0.999938
000119 375 1242 1 779.111 177.736 870.415 223.672 1.0
000119 375 1242 1 677.264 177.896 734.992 222.716 0.999998
000119 375 1242 1 646.754 172.486 691.38 209.103 0.999813
000120 375 1242 1 773.212 177.513 857.943 220.786 1.0
000120 375 1242 1 673.017 179.483 728.045 219.728 0.999999
000120 375 1242 1 645.739 172.805 686.183 207.364 0.999922
000121 375 1242 1 764.828 177.268 845.847 219.191 1.0
000121 375 1242 1 672.273 178.047 720.032 218.447 0.999999
000121 375 1242 1 644.029 171.387 684.501 206.207 0.999497
000122 375 1242 1 758.897 178.04 832.191 217.451 1.0
000122 375 1242 1 668.07 177.852 714.992 214.397 0.999985
000122 375 1242 1 641.807 171.404 680.276 204.555 0.999538
000122 375 1242 1 808.724 174.219 868.114 202.381 0.763699
000123 375 1242 1 753.969 177.358 822.761 215.203 1.0
000123 375 1242 1 664.99 177.853 710.757 213.486 0.999975
000123 375 1242 1 639.304 171.342 676.556 202.514 0.99967
000123 375 1242 1 806.226 175.571 868.091 203.039 0.998622
000124 375 1242 1 747.633 176.54 813.522 214.709 1.0
000124 375 1242 1 663.576 178.148 704.974 211.147 0.999975
000124 375 1242 1 639.189 172.207 673.568 202.507 0.999423
000124 375 1242 1 800.255 175.307 866.403 200.738 0.998008
000125 375 1242 1 742.414 176.218 806.645 211.705 1.0
000125 375 1242 1 658.497 177.238 701.808 210.855 0.999903
000125 375 1242 1 798.24 176.785 868.473 202.306 0.998055
000125 375 1242 1 637.374 172.589 668.057 203.16 0.996674
000126 375 1242 1 735.422 177.169 798.289 209.81 0.999999
000126 375 1242 1 657.148 177.27 696.956 208.75 0.999964
000126 375 1242 1 636.169 173.351 665.141 202.172 0.99937
000126 375 1242 1 798.241 176.4 869.566 202.1 0.998149
000127 375 1242 1 732.759 175.063 791.848 209.727 0.999997
000127 375 1242 1 653.01 177.089 692.355 207.976 0.999912
000127 375 1242 1 797.974 175.941 868.933 201.723 0.999175
000127 375 1242 1 634.91 172.769 662.86 198.732 0.982752
000128 375 1242 1 727.711 176.939 782.035 208.021 0.999999
000128 375 1242 1 651.547 176.993 689.746 205.594 0.999934
000128 375 1242 1 797.344 176.123 869.984 201.448 0.999043
000128 375 1242 1 633.348 173.094 660.893 200.789 0.992433
000129 375 1242 1 722.679 176.234 776.897 207.003 1.0
000129 375 1242 1 649.716 176.265 686.426 205.725 0.999896
000129 375 1242 1 796.556 176.069 868.523 201.519 0.999212
000129 375 1242 1 630.828 172.108 658.954 199.076 0.98745
000130 375 1242 1 717.753 176.187 769.693 205.432 0.999999
000130 375 1242 1 647.464 178.022 682.805 204.5 0.999967
000130 375 1242 1 797.1 175.871 868.559 201.767 0.998864
000130 375 1242 1 630.847 172.413 656.584 197.688 0.954049
000131 375 1242 1 715.992 175.009 763.619 204.965 0.999999
000131 375 1242 1 644.761 176.922 680.423 203.754 0.999853
000131 375 1242 1 797.442 175.369 868.041 201.92 0.998976
000132 375 1242 1 712.0 175.985 757.761 202.884 0.999993
000132 375 1242 1 645.95 176.698 677.721 202.164 0.999933
000132 375 1242 1 798.21 175.852 863.57 202.702 0.999149
000132 375 1242 1 628.352 172.116 652.006 197.18 0.8106
000133 375 1242 1 705.81 176.514 753.408 203.155 0.999998
000133 375 1242 1 799.683 175.38 862.774 203.043 0.999286
000133 375 1242 1 642.212 174.736 673.702 201.722 0.998639
000134 375 1242 1 703.832 175.339 746.875 202.178 0.999991
000134 375 1242 1 639.833 175.557 670.34 200.556 0.999549
000134 375 1242 1 798.883 175.738 868.766 201.952 0.987749
000135 375 1242 1 700.442 175.597 742.827 200.884 0.999972
000135 375 1242 1 637.422 175.256 666.29 199.119 0.999238
000135 375 1242 1 798.351 175.313 863.763 202.215 0.843069
000136 375 1242 1 697.575 175.522 737.673 200.732 0.99999
000136 375 1242 1 636.263 174.629 665.563 198.685 0.998103
000137 375 1242 1 695.265 174.8 734.677 198.752 0.999857
000137 375 1242 1 635.126 174.078 664.028 198.337 0.998878
000138 375 1242 1 691.883 174.357 729.576 197.957 0.99996
000138 375 1242 1 634.863 174.892 661.897 198.429 0.894945
000139 375 1242 1 688.056 174.629 726.127 198.205 0.999961
000139 375 1242 1 635.106 174.605 660.403 197.944 0.945632
000140 375 1242 1 687.018 175.005 720.668 196.966 0.999959
000140 375 1242 1 632.671 173.966 657.439 196.957 0.969258
000141 375 1242 1 682.663 174.762 717.774 197.204 0.999797
000141 375 1242 1 631.222 174.51 655.105 196.126 0.968724
000142 375 1242 1 679.505 174.139 714.517 197.037 0.999929
000142 375 1242 1 629.186 174.888 653.258 196.367 0.698563
000143 375 1242 1 678.467 174.898 712.504 196.897 0.999573
000143 375 1242 1 812.659 174.187 869.188 203.644 0.962508
000144 375 1242 1 674.448 173.707 710.415 196.694 0.999529
000144 375 1242 1 802.411 175.762 865.226 201.696 0.976702
000145 375 1242 1 673.731 174.669 705.665 196.538 0.99906
000145 375 1242 1 802.272 175.44 866.657 203.6 0.99428
000146 375 1242 1 795.928 175.503 868.659 201.821 0.998214
000146 375 1242 1 674.325 174.434 702.464 194.743 0.980377
000147 375 1242 1 801.372 176.132 867.163 201.166 0.998892
000147 375 1242 1 672.053 174.711 698.844 194.667 0.969698
000148 375 1242 1 798.951 174.888 870.025 203.713 0.999556
000148 375 1242 1 667.268 173.994 696.99 195.362 0.987944
000149 375 1242 1 795.242 174.281 869.955 203.418 0.9998
000150 375 1242 1 799.318 173.983 866.515 204.558 0.999251
000150 375 1242 1 664.512 173.5 690.009 192.312 0.510395
000151 375 1242 1 797.538 177.048 868.302 204.718 0.998728
000151 375 1242 1 662.028 176.615 687.608 192.989 0.584742
000152 375 1242 1 799.355 176.251 869.597 201.703 0.998871
000152 375 1242 1 659.234 174.581 685.786 192.252 0.741057
000153 375 1242 1 796.301 173.988 865.001 204.159 0.995115
000154 375 1242 1 797.799 176.55 867.988 201.628 0.999229
000155 375 1242 1 792.819 174.245 861.905 201.587 0.999803
000156 375 1242 1 791.269 175.316 863.438 202.248 0.999736
000157 375 1242 1 792.29 174.048 865.945 203.103 0.999865
000158 375 1242 1 789.913 174.937 858.415 202.092 0.999577
000159 375 1242 1 789.383 175.726 852.985 202.388 0.999307
000160 375 1242 1 781.724 174.445 848.71 203.476 0.99975
000161 375 1242 1 782.781 174.057 846.707 202.258 0.9998
000162 375 1242 1 778.327 175.669 843.972 202.002 0.999982
000163 375 1242 1 776.062 175.674 839.104 202.738 0.999987
000164 375 1242 1 771.796 175.264 835.517 201.915 0.99994
000165 375 1242 1 769.188 175.378 833.669 200.476 0.999886
000166 375 1242 1 765.981 176.112 830.401 200.556 0.999935
000167 375 1242 1 762.424 174.947 825.663 200.021 0.999915
000168 375 1242 1 759.28 175.406 819.815 201.475 0.999944
000169 375 1242 1 754.976 175.957 815.257 200.003 0.998639
000170 375 1242 1 750.773 174.224 809.747 200.618 0.996251
000171 375 1242 1 746.507 174.757 806.57 200.098 0.998389
000172 375 1242 1 742.935 174.126 803.43 200.134 0.998668
000173 375 1242 1 740.458 174.718 798.416 200.226 0.99888
000174 375 1242 1 734.637 173.906 795.085 198.54 0.998855
000175 375 1242 1 732.065 174.447 789.013 197.542 0.999722
000176 375 1242 1 729.246 175.775 786.29 199.971 0.999911
000177 375 1242 1 723.874 174.946 779.23 197.5 0.999832
000178 375 1242 1 721.95 173.604 773.997 198.367 0.999355
000179 375 1242 1 722.228 176.666 768.92 198.593 0.999131
000180 375 1242 1 717.614 177.016 763.876 199.327 0.999601
000181 375 1242 1 713.699 175.481 761.062 198.101 0.999826
000182 375 1242 1 710.667 176.033 756.823 197.738 0.999894
000183 375 1242 1 707.859 176.093 751.746 197.629 0.999654
000184 375 1242 1 705.815 176.165 748.667 197.398 0.999901
000185 375 1242 1 702.844 176.054 745.612 197.101 0.999816
000186 375 1242 1 698.471 176.237 742.01 199.171 0.999828
000187 375 1242 1 696.426 177.068 737.255 200.12 0.999695
000188 375 1242 1 696.387 178.522 733.034 200.765 0.99408
000189 375 1242 1 692.778 180.814 728.611 201.602 0.966876
000190 375 1242 1 690.034 181.387 723.886 202.31 0.988944
000191 375 1242 1 687.217 181.408 719.893 201.625 0.994002
000192 375 1242 1 684.2 179.73 715.853 202.046 0.946591
000193 375 1242 1 681.209 180.282 711.872 201.82 0.885527
000194 375 1242 1 675.954 181.505 706.949 201.943 0.73688
000195 375 1242 1 672.93 183.481 703.644 202.933 0.886177
000197 375 1242 1 665.802 184.259 696.971 204.446 0.802534
000198 375 1242 1 663.267 185.363 691.639 204.514 0.688892
000199 375 1242 1 659.763 184.696 688.094 205.821 0.972166
000200 375 1242 1 652.471 185.426 682.607 205.792 0.619412
000221 375 1242 1 780.34 169.76 805.441 188.703 0.795419
000228 375 1242 1 1007.45 170.423 1038.42 188.652 0.961708
000229 375 1242 1 1050.61 167.892 1083.29 187.072 0.964738
000230 375 1242 1 1095.67 162.973 1131.2 183.778 0.993877
000231 375 1242 1 1145.7 160.164 1181.08 181.073 0.994366
000232 375 1242 1 1200.06 155.904 1238.4 177.154 0.993091
