000003 375 1242 1 636.958 177.938 24.0209 20.5042 0.609656
000014 375 1242 1 594.017 179.687 21.6964 19.1592 0.648926
000015 375 1242 1 593.56 178.016 21.7028 19.6589 0.661885
000016 375 1242 1 591.291 180.016 22.1761 19.1642 0.676198
000016 375 1242 1 632.356 177.318 19.2958 18.8206 0.610822
000017 375 1242 1 627.747 179.692 23.7819 19.086 0.702965
000017 375 1242 1 594.898 181.794 25.0948 18.4893 0.64299
000019 375 1242 1 586.816 182.384 22.1057 19.3386 0.645085
000019 375 1242 1 635.138 178.824 19.8362 18.9355 0.616395
000020 375 1242 1 581.946 181.765 22.5234 19.6401 0.719164
000020 375 1242 1 629.141 175.964 20.2145 18.9477 0.612211
000021 375 1242 1 576.816 177.893 24.0513 20.0926 0.745805
000022 375 1242 1 624.233 174.527 23.0585 18.9536 0.610454
000023 375 1242 1 628.074 175.874 23.1498 18.6209 0.627757
000024 375 1242 1 568.573 187.978 27.8348 22.1532 0.621001
000025 375 1242 1 647.39 180.009 21.9487 19.566 0.676544
000025 375 1242 1 562.797 190.505 30.7577 23.6528 0.623876
000025 375 1242 1 631.908 179.633 22.5403 18.7579 0.615439
000026 375 1242 1 623.185 181.429 24.1504 18.816 0.653701
000027 375 1242 1 549.977 185.276 36.8468 25.6436 0.732485
000027 375 1242 1 618.779 181.371 24.5884 17.7127 0.66273
000028 375 1242 1 543.334 186.126 38.0398 28.1769 0.775385
000028 375 1242 1 616.986 181.529 23.6747 17.626 0.672579
000028 375 1242 1 645.411 181.779 21.8724 19.1445 0.647944
000029 375 1242 1 535.041 188.021 39.4315 29.214 0.839181
000029 375 1242 1 615.07 179.941 24.2926 17.8924 0.726831
000029 375 1242 1 644.326 177.046 21.667 18.4034 0.605577
000029 375 1242 1 628.584 178.991 24.4988 18.6543 0.604747
000030 375 1242 1 526.946 188.97 46.9722 32.1283 0.852858
000030 375 1242 1 640.405 178.164 22.9301 19.1755 0.720764
000030 375 1242 1 612.408 177.104 22.0983 17.9721 0.647425
000031 375 1242 1 514.902 192.043 52.985 33.3812 0.853187
000031 375 1242 1 612.418 177.026 23.8434 18.8248 0.688496
000031 375 1242 1 638.711 174.633 23.3577 18.0798 0.609928
000032 375 1242 1 502.596 193.008 56.7078 38.3482 0.883416
000032 375 1242 1 636.877 175.197 22.9186 20.0089 0.68361
000032 375 1242 1 606.212 174.8 21.9064 19.4391 0.63649
000033 375 1242 1 483.785 198.173 65.3796 42.2517 0.890108
000033 375 1242 1 636.508 179.093 22.4667 21.0472 0.708053
000033 375 1242 1 607.016 177.912 22.8105 20.9613 0.673121
000034 375 1242 1 464.661 200.691 78.4891 46.387 0.907201
000034 375 1242 1 602.135 180.268 21.6447 20.7644 0.63638
000034 375 1242 1 634.492 179.473 22.1116 20.3938 0.631099
000035 375 1242 1 440.45 205.073 96.1717 54.3191 0.909336
000035 375 1242 1 604.493 179.697 24.1307 21.5543 0.69336
000035 375 1242 1 635.013 178.769 23.3329 21.8925 0.662259
000036 375 1242 1 401.821 214.712 118.765 71.1662 0.919771
000036 375 1242 1 603.18 180.714 24.153 20.1553 0.67282
000036 375 1242 1 638.306 178.42 22.4232 20.2519 0.61588
000037 375 1242 1 350.088 224.745 156.325 88.1723 0.941695
000037 375 1242 1 601.016 181.251 22.9177 20.3256 0.626008
000038 375 1242 1 263.047 243.632 226.714 114.126 0.930337
000038 375 1242 1 635.37 181.035 22.1816 21.042 0.682563
000038 375 1242 1 603.625 183.047 24.6084 20.6042 0.651501
000039 375 1242 1 138.078 278.898 276.156 181.933 0.912322
000039 375 1242 1 604.607 184.79 26.5872 21.9337 0.656984
000039 375 1242 1 637.683 180.387 24.4094 20.93 0.644375
000040 375 1242 1 65.2259 279.408 124.811 191.183 0.811727
000040 375 1242 1 635.252 180.439 23.8855 19.9694 0.685463
000040 375 1242 1 608.43 183.563 26.1062 21.251 0.66613
000041 375 1242 1 636.057 179.974 24.2035 21.7776 0.724687
000041 375 1242 1 606.467 181.597 24.8726 21.8068 0.713399
000042 375 1242 1 605.325 181.239 24.9874 21.5546 0.732545
000042 375 1242 1 634.432 179.882 23.6115 22.2237 0.682606
000043 375 1242 1 605.499 182.149 26.099 22.4484 0.751526
000043 375 1242 1 636.201 178.913 24.9651 21.257 0.723927
000044 375 1242 1 601.846 183.693 24.3982 21.754 0.725519
000044 375 1242 1 635.576 180.92 22.2778 21.5257 0.675741
000045 375 1242 1 598.274 184.538 25.2767 22.6041 0.729102
000045 375 1242 1 635.078 180.876 23.2908 20.8132 0.639052
000046 375 1242 1 596.022 187.503 26.5094 22.4506 0.675761
000046 375 1242 1 636.212 183.084 21.8655 20.4888 0.608434
000047 375 1242 1 592.379 188.644 25.6296 21.9877 0.640863
000048 375 1242 1 589.36 188.45 26.6786 21.8771 0.631334
000049 375 1242 1 589.212 188.116 27.7913 23.266 0.663715
000049 375 1242 1 631.282 186.55 23.2174 21.3753 0.617642
000050 375 1242 1 591.61 185.31 29.1005 24.4719 0.714629
000050 375 1242 1 629.62 184.421 23.8303 22.7338 0.709362
000051 375 1242 1 630.758 183.236 25.7751 23.7083 0.738509
000051 375 1242 1 589.973 185.755 30.2252 24.2908 0.727767
000052 375 1242 1 629.867 183.821 24.1987 23.2665 0.731753
000052 375 1242 1 589.367 186.685 29.0172 23.4033 0.689899
000053 375 1242 1 627.017 185.141 24.988 22.0435 0.701287
000053 375 1242 1 587.879 187.447 29.1887 23.7575 0.686541
000053 375 1242 1 1226.84 95.3522 30.3285 130.375 0.6223
000054 375 1242 1 627.589 184.788 24.5536 23.227 0.726372
000054 375 1242 1 585.54 187.224 29.9895 24.9536 0.721788
000055 375 1242 1 628.624 182.4 24.8636 23.6023 0.777726
000055 375 1242 1 585.186 185.268 29.6814 24.3458 0.742307
000056 375 1242 1 584.812 182.796 27.386 26.1944 0.777805
000056 375 1242 1 626.196 176.962 23.7977 24.3344 0.763772
000057 375 1242 1 582.032 181.937 29.3508 26.8767 0.806464
000057 375 1242 1 625.98 176.595 24.8566 24.131 0.787318
000058 375 1242 1 581.618 182.701 29.3193 26.8899 0.79195
000058 375 1242 1 625.469 176.297 23.7261 23.7688 0.773085
000059 375 1242 1 627.756 178.191 24.6416 23.3742 0.777216
000059 375 1242 1 581.69 184.579 30.3652 26.8819 0.776156
000060 375 1242 1 579.382 186.411 32.0942 26.8456 0.75634
000060 375 1242 1 628.482 182.752 24.684 23.5634 0.751338
000061 375 1242 1 578.215 187.502 33.9963 28.7003 0.770843
000061 375 1242 1 628.477 184.471 25.8867 23.7559 0.720466
000062 375 1242 1 577.357 185.279 34.1425 27.7527 0.729065
000062 375 1242 1 628.88 187.366 25.1487 24.326 0.696477
000063 375 1242 1 576.253 187.315 34.4031 29.1498 0.783173
000063 375 1242 1 628.045 187.969 25.1356 24.875 0.681561
000064 375 1242 1 575.63 189.154 36.5852 30.375 0.813293
000064 375 1242 1 627.759 188.352 26.0411 24.8615 0.67182
000065 375 1242 1 575.914 188.466 35.4695 30.7537 0.804799
000065 375 1242 1 630.151 188.588 26.4344 25.6107 0.681049
000066 375 1242 1 569.481 187.412 36.7286 31.6018 0.833402
000066 375 1242 1 630.165 187.021 25.6986 26.1298 0.719945
000067 375 1242 1 567.717 187.396 37.8036 32.9439 0.837976
000067 375 1242 1 625.64 185.708 26.9435 26.7102 0.728748
000067 375 1242 1 597.929 182.943 25.2277 23.2921 0.614194
000068 375 1242 1 565.354 188.231 35.5599 33.5605 0.841082
000068 375 1242 1 626.246 185.692 27.9844 28.0097 0.738211
000068 375 1242 1 583.455 185.69 26.5687 26.0479 0.635895
000069 375 1242 1 563.932 189.716 39.0415 33.7308 0.836068
000069 375 1242 1 626.477 185.885 27.5482 27.7455 0.729255
000069 375 1242 1 583.288 186.522 26.5083 26.4574 0.638867
000070 375 1242 1 564.777 190.022 40.3623 33.6803 0.832348
000070 375 1242 1 626.209 185.994 27.4777 27.3658 0.734231
000070 375 1242 1 539.207 186.367 31.8102 23.853 0.673043
000070 375 1242 1 583.35 186.708 28.33 26.6367 0.667664
000070 375 1242 1 597.095 183.972 24.4806 23.4935 0.613975
000071 375 1242 1 563.329 190.04 41.3612 34.1686 0.846354
000071 375 1242 1 533.936 186.797 38.5544 28.3135 0.778025
000071 375 1242 1 627.542 185.532 26.67 26.9756 0.716845
000071 375 1242 1 584.535 186.283 29.4065 27.4381 0.684367
000072 375 1242 1 561.69 190.343 39.3649 34.8435 0.847299
000072 375 1242 1 522.514 187.518 37.5297 29.208 0.77882
000072 375 1242 1 626.052 185.44 27.4137 27.6465 0.734368
000072 375 1242 1 584.094 185.746 28.8054 26.821 0.660434
000073 375 1242 1 515.373 189.341 43.4246 34.5905 0.846504
000073 375 1242 1 561.57 191.348 41.9547 35.9128 0.845429
000073 375 1242 1 626.784 185.607 28.6974 28.1534 0.741427
000073 375 1242 1 582.764 185.771 30.3756 26.9854 0.679244
000073 375 1242 1 596.481 182.47 25.3143 23.3064 0.606818
000074 375 1242 1 501.018 192.28 44.7676 37.0068 0.881674
000074 375 1242 1 553.004 192.219 42.1062 36.9074 0.868216
000074 375 1242 1 627.174 184.952 30.6738 29.6811 0.765782
000074 375 1242 1 580.896 186.642 30.8347 27.6803 0.707907
000075 375 1242 1 552.742 192.312 45.4191 36.3548 0.871411
000075 375 1242 1 486.998 194.385 55.2931 40.6263 0.870166
000075 375 1242 1 626.707 185.305 30.208 29.8911 0.764201
000076 375 1242 1 467.602 196.968 68.8524 46.14 0.888799
000076 375 1242 1 550.554 192.76 49.6428 39.0303 0.868344
000076 375 1242 1 627.0 184.932 31.0548 30.52 0.792559
000076 375 1242 1 578.232 184.835 33.9913 29.8842 0.762922
000077 375 1242 1 439.461 198.684 81.6464 55.3142 0.896379
000077 375 1242 1 549.03 192.155 51.5706 41.8531 0.853816
000077 375 1242 1 626.15 182.554 31.1039 31.9483 0.781439
000077 375 1242 1 577.606 182.886 33.8837 31.5625 0.769691
000077 375 1242 1 911.336 134.151 212.629 110.166 0.63314
000077 375 1242 1 600.817 177.74 25.9844 26.065 0.608143
000077 375 1242 2 35.3507 231.833 27.0835 88.4913 0.744988
000078 375 1242 1 402.085 207.011 105.266 69.1638 0.912099
000078 375 1242 1 548.164 191.789 50.9426 43.1737 0.844924
000078 375 1242 1 626.622 181.689 30.9446 30.4515 0.781659
000078 375 1242 1 568.432 184.23 38.3158 33.3798 0.764516
000078 375 1242 1 946.665 132.765 216.494 106.098 0.710122
000078 375 1242 1 599.175 177.067 26.0488 25.5725 0.635709
000079 375 1242 1 346.26 219.853 145.114 83.5059 0.886711
000079 375 1242 1 543.707 193.704 51.8125 45.4532 0.851932
000079 375 1242 1 626.342 183.277 31.1188 31.4572 0.804352
000079 375 1242 1 566.327 185.268 37.25 34.8322 0.736044
000079 375 1242 1 584.027 181.407 28.9984 27.897 0.705728
000080 375 1242 1 257.806 241.203 221.502 118.256 0.964436
000080 375 1242 1 541.573 195.119 52.2452 45.4902 0.83557
000080 375 1242 1 626.115 183.8 33.139 31.4427 0.797127
000080 375 1242 1 566.838 186.602 37.3838 33.2104 0.751114
000081 375 1242 1 135.871 276.53 271.741 184.154 0.963517
000081 375 1242 1 542.429 195.611 54.4927 47.4033 0.829913
000081 375 1242 1 627.36 185.581 34.8154 32.5317 0.812234
000081 375 1242 1 564.679 186.848 38.5278 34.7167 0.763427
000081 375 1242 1 593.375 181.804 27.3519 25.3881 0.703832
000082 375 1242 1 50.5678 278.026 101.136 193.947 0.879721
000082 375 1242 1 540.907 196.63 54.9824 47.7603 0.859593
000082 375 1242 1 626.695 185.121 33.8105 32.1985 0.807385
000082 375 1242 1 562.544 189.437 38.1512 34.9962 0.756655
000082 375 1242 1 590.055 183.387 26.6843 26.6723 0.697603
000083 375 1242 1 539.135 195.983 61.4521 50.3487 0.868571
000083 375 1242 1 625.171 187.166 33.9545 32.1772 0.811557
000083 375 1242 1 589.024 184.321 27.533 25.4772 0.699129
000084 375 1242 1 535.245 197.061 61.7271 52.1273 0.861229
000084 375 1242 1 625.273 187.476 35.7412 33.6658 0.821244
000084 375 1242 1 561.064 190.485 41.1531 38.3361 0.797387
000084 375 1242 1 589.299 185.108 29.2935 26.6852 0.714216
000085 375 1242 1 532.576 198.335 63.1887 55.1306 0.881893
000085 375 1242 1 625.984 187.982 37.7722 35.0662 0.822659
000085 375 1242 1 561.455 189.825 39.8467 36.441 0.794292
000085 375 1242 1 589.432 186.592 31.1243 27.6683 0.720055
000086 375 1242 1 531.895 199.174 66.1066 56.8249 0.885805
000086 375 1242 1 624.364 187.636 36.7665 34.3223 0.829998
000086 375 1242 1 561.878 189.943 38.4293 35.4109 0.766795
000086 375 1242 1 588.264 186.268 29.064 27.181 0.704554
000086 375 1242 1 516.61 183.243 34.5221 28.4911 0.660416
000087 375 1242 1 528.32 200.048 66.9879 54.5986 0.877113
000087 375 1242 1 624.427 187.747 37.2288 36.8161 0.833516
000087 375 1242 1 561.633 189.765 40.3849 35.1858 0.814506
000087 375 1242 1 501.527 187.764 37.3407 29.9748 0.77475
000087 375 1242 1 586.547 185.36 28.5814 26.9187 0.705985
000088 375 1242 1 528.448 199.978 68.8711 52.9261 0.880619
000088 375 1242 1 624.85 187.386 37.845 36.63 0.846731
000088 375 1242 1 552.552 192.162 44.246 37.4059 0.799391
000088 375 1242 1 489.689 189.853 40.4207 34.6083 0.770442
000088 375 1242 1 590.87 183.952 27.3909 26.6127 0.709348
000089 375 1242 1 519.773 200.6 70.7635 57.155 0.880263
000089 375 1242 1 624.559 186.963 37.7228 37.6311 0.861595
000089 375 1242 1 552.223 191.073 45.2854 38.8909 0.854174
000089 375 1242 1 480.186 185.587 44.9288 43.5376 0.78589
000089 375 1242 1 589.277 183.029 28.002 26.7065 0.741525
000090 375 1242 1 518.057 200.805 73.5749 56.3293 0.893039
000090 375 1242 1 468.359 190.609 62.4406 50.2352 0.884963
000090 375 1242 1 625.643 186.91 39.1868 38.7738 0.863492
000090 375 1242 1 551.669 191.026 44.7777 38.8496 0.848536
000090 375 1242 1 588.852 182.28 27.3588 26.3852 0.733685
000091 375 1242 1 516.517 200.785 79.2853 57.3354 0.881239
000091 375 1242 1 625.796 186.315 39.3075 39.6228 0.86918
000091 375 1242 1 452.155 193.23 64.6933 52.8902 0.847687
000091 375 1242 1 551.337 190.276 46.5096 39.4476 0.845521
000091 375 1242 1 589.723 182.364 27.5834 27.3402 0.74035
000092 375 1242 1 431.368 195.685 91.3677 65.1663 0.887389
000092 375 1242 1 515.442 207.352 82.1411 58.5979 0.879929
000092 375 1242 1 625.544 186.373 38.4286 38.8196 0.866798
000092 375 1242 1 550.824 190.814 46.4528 39.0588 0.855785
000092 375 1242 1 588.971 182.991 28.3367 27.7116 0.743918
000093 375 1242 1 402.353 199.699 119.975 74.9798 0.921614
000093 375 1242 1 511.352 206.73 85.9603 59.4623 0.892245
000093 375 1242 1 624.945 186.586 38.4353 39.9825 0.86713
000093 375 1242 1 548.908 192.696 47.5189 39.7935 0.841375
000093 375 1242 1 585.663 185.295 29.1628 29.2852 0.7529
000094 375 1242 1 363.406 207.866 145.513 96.1561 0.924114
000094 375 1242 1 507.367 209.131 85.2527 64.3306 0.896711
000094 375 1242 1 625.488 190.113 38.6289 40.804 0.853604
000094 375 1242 1 548.572 193.505 47.5372 40.6202 0.846514
000094 375 1242 1 585.16 186.658 28.7294 28.6183 0.73434
000095 375 1242 1 301.192 214.506 193.224 120.694 0.94656
000095 375 1242 1 509.388 210.161 89.3735 67.0107 0.903289
000095 375 1242 1 625.169 189.956 38.6459 39.0556 0.854357
000095 375 1242 1 548.534 193.959 46.8226 38.809 0.838695
000095 375 1242 1 584.133 187.69 30.0699 28.3955 0.724941
000096 375 1242 1 195.553 231.195 271.268 166.237 0.964489
000096 375 1242 1 507.005 211.209 92.7222 68.4454 0.907717
000096 375 1242 1 626.032 189.982 38.9668 39.7053 0.861076
000096 375 1242 1 548.599 194.12 47.5558 39.2285 0.836574
000096 375 1242 1 582.248 187.403 29.3347 28.7433 0.729828
000097 375 1242 1 502.122 212.69 95.659 67.6371 0.902289
000097 375 1242 1 626.509 189.621 40.0154 39.7277 0.869949
000097 375 1242 1 543.362 194.521 54.558 41.7562 0.828993
000097 375 1242 1 581.068 187.057 30.592 29.0036 0.749017
000097 375 1242 1 130.827 268.155 261.653 196.489 0.748668
000098 375 1242 1 496.656 214.38 94.6147 70.1954 0.911047
000098 375 1242 1 625.694 190.662 41.2996 39.6295 0.854729
000098 375 1242 1 542.012 197.064 53.1267 42.6866 0.841957
000098 375 1242 1 582.886 187.473 32.978 29.7896 0.743973
000099 375 1242 1 494.556 215.857 99.8765 72.578 0.919661
000099 375 1242 1 626.713 191.269 42.2042 40.8607 0.859808
000099 375 1242 1 542.122 197.763 56.7903 42.9023 0.847715
000099 375 1242 1 582.158 187.235 32.7809 30.2485 0.749703
000100 375 1242 1 492.714 217.17 103.162 76.5148 0.898883
000100 375 1242 1 626.224 192.191 43.3798 41.9997 0.866587
000100 375 1242 1 541.576 198.313 55.7877 43.2908 0.849478
000100 375 1242 1 582.016 187.329 33.0081 29.3098 0.751943
000101 375 1242 1 490.095 217.849 109.999 79.2341 0.921023
000101 375 1242 1 626.248 192.904 44.2773 42.3003 0.866143
000101 375 1242 1 540.747 198.49 56.2841 43.4426 0.851243
000101 375 1242 1 581.605 187.411 32.2854 29.1895 0.7429
000102 375 1242 1 486.738 218.487 112.845 81.0073 0.913799
000102 375 1242 1 626.085 193.563 43.2563 43.2997 0.879492
000102 375 1242 1 540.417 198.736 58.0567 44.1946 0.859886
000102 375 1242 1 582.244 187.804 31.8695 28.3657 0.741411
000103 375 1242 1 483.533 218.397 113.946 81.8419 0.89077
000103 375 1242 1 626.864 194.042 44.7252 42.325 0.874099
000103 375 1242 1 535.926 199.804 61.2538 45.5922 0.866959
000103 375 1242 1 584.091 187.767 32.7859 30.1132 0.760178
000104 375 1242 1 480.121 226.306 123.212 86.8719 0.91012
000104 375 1242 1 628.008 194.594 44.2288 42.8732 0.882135
000104 375 1242 1 537.638 200.723 56.7645 45.0792 0.856042
000104 375 1242 1 581.505 187.624 35.3608 29.4021 0.769615
000105 375 1242 1 476.191 226.405 130.66 90.3785 0.90902
000105 375 1242 1 627.178 194.011 44.4901 42.6405 0.871994
000105 375 1242 1 534.675 199.464 59.9436 45.511 0.855912
000105 375 1242 1 582.264 186.778 33.9509 29.2464 0.744776
000106 375 1242 1 473.557 227.504 131.591 94.6359 0.892063
000106 375 1242 1 531.206 198.274 64.2573 50.11 0.873303
000106 375 1242 1 626.796 192.586 46.3016 42.5781 0.859118
000106 375 1242 1 582.439 186.232 33.6171 30.9639 0.800178
000107 375 1242 1 466.444 228.589 136.502 96.2649 0.916799
000107 375 1242 1 528.146 199.077 70.221 50.139 0.871112
000107 375 1242 1 626.875 191.642 46.965 42.9569 0.85778
000107 375 1242 1 581.25 185.192 36.9248 32.1824 0.829309
000108 375 1242 1 463.373 229.402 140.17 99.2475 0.908506
000108 375 1242 1 626.463 190.039 44.3143 42.8307 0.875023
000108 375 1242 1 528.31 198.365 66.2177 50.8204 0.866792
000108 375 1242 1 580.906 184.785 35.7928 32.5511 0.83485
000109 375 1242 1 458.354 231.271 142.489 105.181 0.913276
000109 375 1242 1 526.862 199.314 69.022 50.9397 0.878505
000109 375 1242 1 626.576 190.176 44.6506 42.4973 0.874828
000109 375 1242 1 579.772 184.899 38.1927 33.7986 0.842304
000110 375 1242 1 452.531 232.713 151.289 110.507 0.94333
000110 375 1242 1 521.548 198.706 76.7247 50.1317 0.88078
000110 375 1242 1 626.206 190.386 45.7328 42.3544 0.866426
000110 375 1242 1 580.749 184.754 39.0222 34.0893 0.845377
000111 375 1242 1 447.784 239.673 157.817 114.61 0.941723
000111 375 1242 1 521.683 199.28 75.0359 52.4224 0.889227
000111 375 1242 1 625.899 191.116 44.2737 43.473 0.871376
000111 375 1242 1 579.192 185.121 37.7135 35.5609 0.848337
000112 375 1242 1 439.379 240.803 169.705 116.778 0.924008
000112 375 1242 1 519.9 200.027 73.8466 52.0142 0.895064
000112 375 1242 1 625.582 191.544 46.2039 44.5571 0.8549
000112 375 1242 1 578.315 185.533 39.2678 35.8191 0.841293
000113 375 1242 1 436.319 242.729 178.433 121.289 0.937996
000113 375 1242 1 515.269 200.02 80.5067 54.0644 0.850147
000113 375 1242 1 575.954 185.388 40.1361 35.6734 0.840979
000113 375 1242 1 625.508 191.458 46.9176 44.7762 0.832895
000114 375 1242 1 429.142 243.983 184.582 124.447 0.948102
000114 375 1242 1 515.347 199.901 77.1869 55.3992 0.891657
000114 375 1242 1 625.712 191.106 46.0258 45.2236 0.841656
000114 375 1242 1 575.355 185.912 39.8438 37.2369 0.83942
000115 375 1242 1 420.64 246.573 193.026 128.381 0.946058
000115 375 1242 1 514.924 200.378 77.8927 55.2957 0.858938
000115 375 1242 1 625.729 190.896 46.0341 44.8127 0.846404
000115 375 1242 1 575.572 185.648 39.9639 37.0627 0.838983
000116 375 1242 1 416.301 248.294 200.255 133.313 0.944179
000116 375 1242 1 625.693 191.332 46.21 43.4775 0.84193
000116 375 1242 1 576.642 185.479 41.5654 36.6701 0.829996
000116 375 1242 1 514.551 199.946 77.4706 55.3064 0.809912
000117 375 1242 1 408.605 251.783 209.094 140.833 0.929685
000117 375 1242 1 626.233 192.705 46.1687 45.017 0.828727
000117 375 1242 1 508.031 205.433 91.4463 57.5564 0.817016
000117 375 1242 1 576.111 185.571 40.7107 37.1784 0.816492
000117 375 1242 1 597.829 183.316 34.3062 33.5102 0.662324
000118 375 1242 1 403.269 256.739 211.356 145.227 0.901313
000118 375 1242 1 513.469 207.521 77.0663 58.1792 0.845577
000118 375 1242 1 617.0 191.602 43.8115 43.6812 0.816809
000118 375 1242 1 576.525 185.623 39.9294 38.3453 0.814891
000119 375 1242 1 395.053 259.271 222.997 151.505 0.908063
000119 375 1242 1 510.333 207.046 87.5499 61.0521 0.849302
000119 375 1242 1 626.161 192.738 46.2161 45.3682 0.817866
000119 375 1242 1 576.73 185.853 40.8459 38.4579 0.805097
000119 375 1242 1 597.626 183.925 35.2784 35.461 0.681017
000120 375 1242 1 389.907 261.961 231.607 149.783 0.937323
000120 375 1242 1 510.916 208.238 82.8291 62.6794 0.853168
000120 375 1242 1 625.936 192.92 45.5857 45.0507 0.815079
000120 375 1242 1 571.439 186.506 42.4293 37.8056 0.809634
000121 375 1242 1 385.648 264.046 240.433 156.326 0.97247
000121 375 1242 1 507.57 208.384 87.4416 62.7913 0.889269
000121 375 1242 1 571.094 186.05 43.9934 40.2792 0.821718
000121 375 1242 1 620.112 193.154 49.6831 47.4958 0.820569
000122 375 1242 1 383.583 265.647 247.688 159.633 0.942437
000122 375 1242 1 506.484 208.163 87.8414 62.6266 0.885913
000122 375 1242 1 571.53 186.067 42.0522 39.0364 0.823574
000122 375 1242 1 619.88 193.352 49.6151 47.6379 0.822377
000123 375 1242 1 375.031 271.411 256.867 163.623 0.951661
000123 375 1242 1 505.807 208.7 86.9405 63.6033 0.889168
000123 375 1242 1 620.942 192.983 50.8068 48.289 0.870456
000123 375 1242 1 571.219 185.824 40.6099 38.8448 0.823867
000124 375 1242 1 369.984 272.236 261.677 166.849 0.964218
000124 375 1242 1 505.094 209.016 86.6818 64.8568 0.884948
000124 375 1242 1 620.474 192.886 50.8489 49.1922 0.864498
000124 375 1242 1 571.167 186.109 40.8302 38.7437 0.834672
000125 375 1242 1 366.191 273.997 264.878 168.2 0.946442
000125 375 1242 1 502.105 208.826 91.4238 65.0497 0.901817
000125 375 1242 1 619.744 193.067 51.1187 49.7898 0.861858
000125 375 1242 1 569.758 185.246 40.5728 39.2329 0.853018
000126 375 1242 1 359.847 275.543 267.546 170.432 0.954241
000126 375 1242 1 501.937 209.235 90.9703 65.9296 0.891957
000126 375 1242 1 568.05 185.476 40.901 39.5252 0.847198
000126 375 1242 1 618.312 193.49 50.4758 49.4775 0.841121
000127 375 1242 1 358.361 275.932 270.656 170.915 0.965516
000127 375 1242 1 501.709 209.184 92.6794 65.2922 0.892706
000127 375 1242 1 567.733 185.436 40.8181 40.7434 0.852942
000127 375 1242 1 621.552 193.173 52.2162 50.6321 0.849514
000128 375 1242 1 354.299 277.937 272.876 173.913 0.963301
000128 375 1242 1 500.576 210.687 93.2634 66.018 0.88639
000128 375 1242 1 568.176 186.097 41.4172 39.3272 0.851052
000128 375 1242 1 621.046 194.541 51.9052 50.9081 0.849595
000129 375 1242 1 350.248 279.975 278.61 178.28 0.949596
000129 375 1242 1 498.375 211.242 93.3334 65.2548 0.876477
000129 375 1242 1 621.234 194.908 52.2224 51.4366 0.855595
000129 375 1242 1 566.637 186.736 40.2844 37.5018 0.84774
000130 375 1242 1 348.408 281.389 275.573 179.06 0.922874
000130 375 1242 1 566.352 189.004 42.739 38.7814 0.870191
000130 375 1242 1 618.536 195.841 53.6266 50.9275 0.865233
000130 375 1242 1 497.272 211.61 94.3334 65.3552 0.864746
000131 375 1242 1 491.587 212.756 99.3638 66.3935 0.897773
000131 375 1242 1 617.249 196.397 53.5389 50.0284 0.875626
000131 375 1242 1 566.627 189.203 45.0831 38.7408 0.875111
000131 375 1242 1 342.134 282.251 294.937 179.627 0.865384
000132 375 1242 1 490.597 212.996 96.668 67.0531 0.90419
000132 375 1242 1 335.208 282.943 329.385 181.886 0.881217
000132 375 1242 1 616.709 196.716 53.7274 50.0084 0.880867
000132 375 1242 1 565.554 189.438 44.6843 39.1161 0.872048
000133 375 1242 1 489.107 213.656 97.445 67.3991 0.90821
000133 375 1242 1 331.489 282.69 322.77 184.371 0.880981
000133 375 1242 1 616.605 196.873 54.5743 50.0673 0.878442
000133 375 1242 1 564.535 189.311 44.0986 39.1134 0.871571
000134 375 1242 1 489.396 213.057 95.353 67.5016 0.903801
000134 375 1242 1 327.968 282.462 330.966 183.407 0.88821
000134 375 1242 1 616.791 197.97 53.1816 49.8566 0.884017
000134 375 1242 1 564.041 190.076 44.9406 39.152 0.867963
000135 375 1242 1 323.415 283.096 340.501 183.809 0.913376
000135 375 1242 1 489.681 213.404 93.294 68.7733 0.909718
000135 375 1242 1 615.53 197.646 54.4479 51.4114 0.885531
000135 375 1242 1 563.18 189.689 44.4736 38.847 0.868738
000136 375 1242 1 320.728 282.592 346.977 184.817 0.923388
000136 375 1242 1 487.696 213.73 95.6644 69.7942 0.899512
000136 375 1242 1 614.789 197.26 55.0137 49.3392 0.885465
000136 375 1242 1 562.037 190.238 45.0724 38.4343 0.858777
000137 375 1242 1 311.859 288.083 327.984 173.833 0.915273
000137 375 1242 1 486.328 214.245 99.0001 71.2805 0.898558
000137 375 1242 1 613.991 197.488 53.8734 49.7977 0.876281
000137 375 1242 1 561.476 190.273 42.3199 38.6059 0.851384
000138 375 1242 1 306.764 286.99 359.521 175.895 0.909343
000138 375 1242 1 485.148 214.502 99.9516 71.0381 0.902761
000138 375 1242 1 615.315 197.809 54.0851 51.6494 0.880249
000138 375 1242 1 561.354 190.112 42.3958 38.416 0.84334
000139 375 1242 1 305.562 287.761 349.705 174.478 0.928996
000139 375 1242 1 484.282 214.563 102.255 69.7138 0.899974
000139 375 1242 1 613.426 197.978 55.3311 52.1247 0.884266
000139 375 1242 1 561.228 190.357 43.9469 38.9044 0.846436
000140 375 1242 1 290.23 288.465 365.52 173.07 0.93174
000140 375 1242 1 482.745 215.502 101.968 71.166 0.907087
000140 375 1242 1 612.73 198.455 56.7512 51.9676 0.894528
000140 375 1242 1 562.127 191.618 45.1089 39.2147 0.832405
000141 375 1242 1 290.099 288.371 370.634 173.257 0.939476
000141 375 1242 1 479.437 215.835 102.079 73.7488 0.910288
000141 375 1242 1 612.386 198.713 54.5948 51.1536 0.883945
000141 375 1242 1 561.954 191.992 43.4788 38.8355 0.823336
000142 375 1242 1 273.065 290.116 353.103 169.767 0.949668
000142 375 1242 1 477.927 216.346 101.689 75.4542 0.902316
000142 375 1242 1 611.444 199.076 54.579 50.7964 0.894015
000142 375 1242 1 562.382 192.281 45.309 38.8744 0.821921
000143 375 1242 1 274.148 289.911 368.89 170.179 0.950078
000143 375 1242 1 478.505 216.44 102.949 76.8272 0.916165
000143 375 1242 1 610.112 199.357 56.4368 51.6691 0.887504
000143 375 1242 1 559.624 191.189 56.0634 41.3271 0.81239
000144 375 1242 1 274.328 289.499 372.106 171.003 0.954371
000144 375 1242 1 478.325 216.42 104.796 76.7414 0.917182
000144 375 1242 1 609.788 199.039 55.2396 51.7733 0.879044
000144 375 1242 1 561.534 191.165 45.4011 38.0897 0.816467
000145 375 1242 1 242.167 290.459 393.909 168.212 0.935627
000145 375 1242 1 473.518 216.748 107.239 76.2478 0.926424
000145 375 1242 1 610.357 199.063 53.5189 52.7884 0.885668
000145 375 1242 1 559.818 191.288 40.7822 36.246 0.817621
000145 375 1242 1 529.286 189.021 33.5337 26.5417 0.71393
000146 375 1242 1 258.681 289.412 377.61 171.177 0.943065
000146 375 1242 1 473.119 217.284 107.619 77.0646 0.925261
000146 375 1242 1 610.441 199.493 52.9548 53.223 0.883389
000146 375 1242 1 561.553 192.183 45.7996 38.8441 0.837889
000146 375 1242 1 530.929 188.438 36.577 27.3411 0.696907
000147 375 1242 1 471.526 217.722 107.548 80.8141 0.924908
000147 375 1242 1 259.506 289.885 383.899 170.154 0.924307
000147 375 1242 1 610.036 199.512 53.9287 53.8968 0.890129
000147 375 1242 1 561.866 191.793 45.5319 40.0632 0.842182
000147 375 1242 1 514.957 186.73 39.8409 28.6829 0.688603
000148 375 1242 1 209.598 292.801 400.24 164.399 0.926287
000148 375 1242 1 471.187 218.217 106.03 80.5435 0.923753
000148 375 1242 1 610.276 200.056 54.3739 55.0205 0.902508
000148 375 1242 1 561.577 191.821 44.8987 40.0953 0.832412
000148 375 1242 1 511.541 187.984 43.8119 29.8715 0.728617
000149 375 1242 1 242.792 290.303 380.72 167.818 0.932951
000149 375 1242 1 471.725 218.244 105.813 81.2041 0.916001
000149 375 1242 1 610.548 199.943 54.5563 54.9896 0.903665
000149 375 1242 1 561.644 191.245 45.5072 39.4321 0.833479
000149 375 1242 1 504.57 188.868 42.7959 30.5295 0.734952
000150 375 1242 1 193.944 293.733 382.115 162.535 0.921199
000150 375 1242 1 471.813 218.292 103.836 80.4745 0.912646
000150 375 1242 1 609.914 200.409 54.5059 53.7188 0.897758
000150 375 1242 1 560.987 191.578 46.2786 38.4867 0.832058
000150 375 1242 1 499.12 191.303 44.5567 31.6521 0.776575
000151 375 1242 1 473.119 218.256 103.763 80.6389 0.913807
000151 375 1242 1 610.407 200.443 55.9351 54.1252 0.901842
000151 375 1242 1 289.765 277.812 273.344 186.951 0.890173
000151 375 1242 1 555.067 191.184 44.5811 38.9753 0.837447
000151 375 1242 1 497.841 190.617 44.5934 32.5963 0.737332
000152 375 1242 1 471.238 217.644 110.885 83.4008 0.921759
000152 375 1242 1 610.517 199.797 55.0836 54.2554 0.903787
000152 375 1242 1 192.466 291.56 376.002 166.88 0.864849
000152 375 1242 1 554.393 190.933 46.4126 39.5677 0.84002
000153 375 1242 1 470.151 217.152 110.331 80.8682 0.922476
000153 375 1242 1 610.56 199.709 55.7693 54.7822 0.904945
000153 375 1242 1 175.732 294.611 351.464 160.778 0.874458
000153 375 1242 1 553.613 191.272 48.1152 39.7049 0.843458
000154 375 1242 1 470.446 217.634 110.882 82.7937 0.920646
000154 375 1242 1 610.759 200.242 57.3602 54.0003 0.894557
000154 375 1242 1 183.513 292.203 367.027 165.594 0.888133
000154 375 1242 1 553.096 191.154 47.212 38.549 0.846504
000155 375 1242 1 470.526 217.117 112.885 82.0973 0.918329
000155 375 1242 1 185.094 291.372 370.188 167.257 0.907088
000155 375 1242 1 611.027 200.059 57.8842 54.2142 0.893405
000155 375 1242 1 552.132 191.829 47.0336 38.6273 0.850679
000156 375 1242 1 470.738 217.899 104.032 83.4841 0.927099
000156 375 1242 1 257.955 277.73 337.602 187.826 0.908653
000156 375 1242 1 611.552 200.043 58.4034 53.7676 0.877948
000156 375 1242 1 559.645 193.136 54.9403 41.6548 0.805421
000157 375 1242 1 256.981 277.924 343.506 187.439 0.921527
000157 375 1242 1 470.397 217.829 109.742 85.3709 0.91823
000157 375 1242 1 611.214 200.906 55.8469 55.7034 0.867903
000157 375 1242 1 561.118 193.96 46.75 40.017 0.822106
000157 375 1242 1 533.846 187.188 36.3788 30.037 0.774473
000158 375 1242 1 255.019 277.763 338.986 188.114 0.930427
000158 375 1242 1 471.734 218.422 112.985 82.7642 0.911916
000158 375 1242 1 613.37 200.856 57.9528 56.5487 0.866783
000158 375 1242 1 552.33 194.149 48.2427 38.8075 0.805702
000158 375 1242 1 532.677 187.749 34.7712 28.3492 0.752256
000159 375 1242 1 225.23 280.176 338.326 187.785 0.914566
000159 375 1242 1 471.965 217.67 113.934 85.1961 0.899505
000159 375 1242 1 614.029 200.637 58.0454 54.6829 0.881636
000159 375 1242 1 551.683 194.798 47.8711 40.3181 0.815773
000159 375 1242 1 533.096 187.806 37.1986 30.2579 0.776557
000159 375 1242 1 418.36 209.195 114.085 56.1235 0.759728
000159 375 1242 1 582.044 191.067 38.7391 34.5419 0.690796
000160 375 1242 1 208.947 276.219 349.512 197.343 0.9158
000160 375 1242 1 472.312 219.051 112.755 83.2338 0.877207
000160 375 1242 1 615.676 200.905 58.4944 54.9387 0.870038
000160 375 1242 1 406.742 212.75 124.647 59.22 0.866856
000160 375 1242 1 561.277 195.209 46.3883 40.8106 0.8044
000160 375 1242 1 532.589 189.746 42.2202 36.3099 0.802161
000161 375 1242 1 228.417 277.849 337.519 190.359 0.880684
000161 375 1242 1 471.222 224.654 115.964 82.4663 0.879014
000161 375 1242 1 616.443 201.399 55.9146 53.7432 0.850912
000161 375 1242 1 561.153 195.536 44.0818 41.3257 0.831558
000161 375 1242 1 530.307 190.285 43.8425 36.8791 0.799577
000162 375 1242 1 224.425 276.455 348.115 194.761 0.922648
000162 375 1242 1 471.08 225.087 116.335 82.0454 0.877222
000162 375 1242 1 617.614 201.409 57.1035 55.3959 0.840748
000162 375 1242 1 561.358 196.397 45.8668 42.5737 0.829016
000162 375 1242 1 519.851 190.411 46.0441 36.0576 0.794601
000162 375 1242 1 357.7 218.201 107.078 58.4717 0.775034
000162 375 1242 1 596.876 193.833 38.1445 37.3445 0.649984
000163 375 1242 1 225.562 277.654 337.252 191.122 0.93292
000163 375 1242 1 472.109 226.115 121.682 84.214 0.880189
000163 375 1242 1 619.216 206.714 59.717 52.4707 0.834347
000163 375 1242 1 561.616 196.477 46.4642 43.0826 0.820132
000163 375 1242 1 515.956 190.085 49.0443 33.099 0.675731
000164 375 1242 1 472.048 227.48 115.852 80.6032 0.902382
000164 375 1242 1 211.156 276.106 354.483 191.738 0.898196
000164 375 1242 1 619.88 206.805 59.6686 53.7572 0.836015
000164 375 1242 1 555.769 197.295 49.7644 46.4276 0.827276
000164 375 1242 1 503.301 191.036 58.659 37.1882 0.700813
000165 375 1242 1 195.914 275.442 351.71 188.19 0.911122
000165 375 1242 1 471.211 226.548 115.785 83.3314 0.901314
000165 375 1242 1 618.542 201.494 58.0123 54.179 0.840215
000165 375 1242 1 555.013 197.795 49.0829 46.7957 0.829658
000165 375 1242 1 500.379 189.508 51.2413 32.7059 0.78808
000166 375 1242 1 251.971 281.009 333.617 185.845 0.91099
000166 375 1242 1 471.187 227.4 114.005 83.9417 0.902994
000166 375 1242 1 618.519 201.309 58.4521 54.0067 0.855396
000166 375 1242 1 555.579 198.027 50.1663 46.136 0.831144
000166 375 1242 1 531.461 188.911 37.8462 30.5166 0.705822
000166 375 1242 1 487.26 193.204 64.8845 39.1479 0.632334
000167 375 1242 1 241.976 282.253 336.609 185.494 0.911225
000167 375 1242 1 470.033 228.062 114.706 82.7287 0.909726
000167 375 1242 1 555.438 197.686 49.3838 47.4197 0.843716
000167 375 1242 1 618.458 201.636 58.3947 53.5343 0.83938
000167 375 1242 1 484.865 195.491 69.3277 42.7436 0.802168
000167 375 1242 1 531.646 190.987 38.1118 33.8121 0.64496
000168 375 1242 1 181.332 278.856 362.665 192.185 0.921524
000168 375 1242 1 470.463 227.524 112.831 84.6772 0.912381
000168 375 1242 1 556.018 198.111 49.4139 47.8723 0.855055
000168 375 1242 1 619.683 201.787 55.843 54.2513 0.826888
000168 375 1242 1 481.384 195.261 63.9735 40.4527 0.76882
000168 375 1242 1 519.919 190.277 41.4316 30.7621 0.673498
000169 375 1242 1 467.612 226.368 116.22 87.5017 0.915299
000169 375 1242 1 178.866 278.113 357.732 193.775 0.914328
000169 375 1242 1 556.735 198.214 50.5171 48.0334 0.873698
000169 375 1242 1 620.202 206.902 57.8162 54.2031 0.842164
000169 375 1242 1 470.547 195.157 68.9601 43.33 0.810662
000170 375 1242 1 225.183 283.147 366.115 183.707 0.918402
000170 375 1242 1 467.317 227.238 119.788 88.5277 0.912687
000170 375 1242 1 556.894 198.582 52.5576 48.5763 0.863265
000170 375 1242 1 619.242 208.143 58.478 53.8585 0.860895
000171 375 1242 1 465.514 227.257 118.894 88.9581 0.906964
000171 375 1242 1 254.633 282.264 345.002 185.472 0.898458
000171 375 1242 1 556.577 198.285 51.9808 49.0153 0.862423
000171 375 1242 1 619.652 207.582 58.1018 55.271 0.860182
000172 375 1242 1 254.992 280.451 339.26 189.098 0.924437
000172 375 1242 1 462.253 227.506 117.504 90.1195 0.902867
000172 375 1242 1 557.335 198.395 52.682 48.8008 0.859866
000172 375 1242 1 621.887 201.042 56.9573 55.3981 0.849148
000172 375 1242 1 420.742 208.442 82.9194 50.8308 0.844346
000173 375 1242 1 255.206 281.33 337.754 187.34 0.928702
000173 375 1242 1 406.31 208.556 106.125 65.3733 0.916236
000173 375 1242 1 460.458 226.857 114.311 90.2299 0.879532
000173 375 1242 1 621.488 200.715 59.0657 53.6442 0.863282
000173 375 1242 1 556.621 197.943 51.2262 48.523 0.857912
000174 375 1242 1 239.831 282.239 337.21 185.522 0.919604
000174 375 1242 1 556.891 196.914 53.0758 50.5242 0.881627
000174 375 1242 1 466.561 226.793 115.217 91.0138 0.879976
000174 375 1242 1 379.857 210.59 132.506 79.4693 0.873346
000174 375 1242 1 619.295 201.229 58.0961 56.9025 0.839544
000175 375 1242 1 241.728 282.543 339.348 184.913 0.930146
000175 375 1242 1 469.06 226.936 119.795 90.4335 0.901225
000175 375 1242 1 556.43 197.619 52.5337 49.3968 0.861701
000175 375 1242 1 621.826 200.768 57.6292 55.6186 0.845121
000175 375 1242 1 351.718 216.047 168.983 81.9097 0.776807
000176 375 1242 1 225.727 282.163 360.481 185.673 0.91095
000176 375 1242 1 305.9 227.886 201.197 110.642 0.908097
000176 375 1242 1 466.808 225.534 115.837 91.8901 0.89048
000176 375 1242 1 622.37 200.731 57.5146 57.0279 0.868038
000176 375 1242 1 556.454 197.54 51.9768 48.9515 0.850546
000177 375 1242 1 460.395 227.393 117.316 90.9485 0.9034
000177 375 1242 1 226.753 281.315 357.517 187.369 0.891102
000177 375 1242 1 622.89 200.474 57.8818 57.759 0.879108
000177 375 1242 1 556.981 197.578 51.9753 48.2979 0.853626
000177 375 1242 1 531.935 187.585 33.7334 29.2441 0.766816
000178 375 1242 1 461.141 227.539 125.585 91.815 0.916166
000178 375 1242 1 211.381 285.341 361.767 179.318 0.910667
000178 375 1242 1 419.395 208.883 79.5977 49.1036 0.884004
000178 375 1242 1 622.02 200.773 57.496 57.0106 0.876208
000178 375 1242 1 555.827 197.247 52.407 49.6085 0.872283
000178 375 1242 1 528.108 187.199 34.7141 30.5235 0.75102
000179 375 1242 1 225.395 280.413 360.984 189.173 0.939093
000179 375 1242 1 403.851 211.427 106.501 57.6915 0.900069
000179 375 1242 1 457.391 228.689 126.318 92.355 0.897564
000179 375 1242 1 558.929 197.146 57.8073 48.2668 0.867143
000179 375 1242 1 620.824 207.44 59.5072 57.2399 0.851061
000179 375 1242 1 522.437 187.137 41.7476 31.053 0.73703
000180 375 1242 1 239.931 280.093 335.673 189.814 0.952308
000180 375 1242 1 459.266 228.088 128.044 93.3555 0.91505
000180 375 1242 1 382.642 215.264 113.537 64.8513 0.871283
000180 375 1242 1 558.232 197.656 56.3042 49.0432 0.867515
000180 375 1242 1 621.578 207.388 60.7333 58.1919 0.861575
000180 375 1242 1 519.833 187.946 36.1205 29.64 0.768306
000181 375 1242 1 240.092 281.756 329.401 186.488 0.932503
000181 375 1242 1 456.887 229.573 126.044 92.8966 0.926973
000181 375 1242 1 354.942 217.525 112.449 70.6303 0.91324
000181 375 1242 1 553.531 198.419 55.4608 48.4861 0.863339
000181 375 1242 1 620.83 207.9 58.1626 59.0405 0.861736
000181 375 1242 1 515.259 187.591 39.2307 31.5018 0.788668
000181 375 1242 1 578.028 191.883 36.9266 35.7178 0.75009
000182 375 1242 1 456.782 231.13 133.958 98.0439 0.947121
000182 375 1242 1 222.969 283.534 339.328 182.932 0.918023
000182 375 1242 1 621.309 209.883 56.5852 60.207 0.864831
000182 375 1242 1 552.107 199.63 54.671 48.1435 0.859468
000182 375 1242 1 502.801 188.842 47.1837 30.6627 0.800619
000183 375 1242 1 457.155 232.418 130.359 96.9046 0.936164
000183 375 1242 1 208.476 288.794 349.809 172.413 0.921538
000183 375 1242 1 621.326 209.509 55.7339 56.3479 0.863564
000183 375 1242 1 551.531 201.925 53.4435 49.8752 0.844675
000183 375 1242 1 575.618 196.783 37.9503 37.3152 0.786961
000183 375 1242 1 488.138 194.001 64.4695 37.3094 0.783417
000184 375 1242 1 453.406 234.786 130.106 92.0209 0.928789
000184 375 1242 1 207.976 288.558 354.638 172.885 0.907077
000184 375 1242 1 620.898 209.849 55.6709 57.7641 0.879756
000184 375 1242 1 550.298 201.424 52.7659 50.1802 0.86474
000184 375 1242 1 575.702 195.475 37.1157 35.9357 0.789666
000184 375 1242 1 482.268 198.937 63.4786 42.7254 0.772019
000185 375 1242 1 208.716 287.514 344.912 174.973 0.930361
000185 375 1242 1 452.108 234.201 132.018 94.774 0.922968
000185 375 1242 1 620.112 209.46 53.1854 55.2391 0.873458
000185 375 1242 1 550.617 202.214 52.0328 51.3411 0.837975
000185 375 1242 1 472.012 199.718 74.8478 46.1116 0.791575
000185 375 1242 1 575.916 196.09 34.839 35.0033 0.771211
000186 375 1242 1 453.101 233.911 131.817 93.3373 0.944984
000186 375 1242 1 193.405 287.141 360.205 175.718 0.941297
000186 375 1242 1 620.969 209.576 53.3278 54.1263 0.869311
000186 375 1242 1 549.702 200.458 52.9215 50.7503 0.844871
000186 375 1242 1 469.168 196.56 67.9512 42.1306 0.816242
000187 375 1242 1 452.266 232.488 130.254 94.4017 0.961701
000187 375 1242 1 176.995 288.431 353.99 173.137 0.9435
000187 375 1242 1 621.016 208.786 54.5402 55.0587 0.871801
000187 375 1242 1 549.269 199.234 53.8252 50.7439 0.849384
000187 375 1242 1 575.692 192.684 35.584 35.0158 0.779217
000188 375 1242 1 450.108 230.066 132.875 96.9956 0.932977
000188 375 1242 1 171.355 288.998 342.709 172.003 0.930021
000188 375 1242 1 548.542 197.875 54.3502 49.9595 0.841132
000188 375 1242 1 619.995 207.829 54.2943 57.7963 0.819111
000189 375 1242 1 164.67 289.47 329.34 171.06 0.931775
000189 375 1242 1 450.617 231.002 135.7 94.6599 0.918883
000189 375 1242 1 618.678 200.476 51.7987 56.1736 0.846239
000189 375 1242 1 546.951 197.735 54.3832 48.1946 0.83056
000190 375 1242 1 447.521 231.489 139.612 95.5275 0.912603
000190 375 1242 1 178.5 288.163 345.515 173.673 0.91247
000190 375 1242 1 619.556 200.691 53.1162 55.4173 0.864724
000190 375 1242 1 407.982 199.62 99.4251 65.0901 0.829729
000190 375 1242 1 547.546 197.525 55.1804 47.334 0.817143
000190 375 1242 1 567.282 189.553 39.7678 35.5979 0.781919
000190 375 1242 1 518.716 186.624 38.0888 26.6827 0.651829
000191 375 1242 1 177.383 289.271 354.766 171.457 0.915761
000191 375 1242 1 447.118 231.201 136.935 99.1978 0.899558
000191 375 1242 1 620.387 200.458 53.2397 55.0969 0.864163
000191 375 1242 1 546.485 197.85 55.188 48.6505 0.82775
000191 375 1242 1 384.099 201.566 118.854 76.248 0.817789
000191 375 1242 1 567.914 189.333 38.8147 35.206 0.75937
000191 375 1242 1 516.315 190.079 36.7301 26.3759 0.720136
000192 375 1242 1 444.256 231.905 140.827 101.499 0.914092
000192 375 1242 1 619.231 200.233 52.9491 55.1689 0.879666
000192 375 1242 1 176.594 290.076 353.188 169.849 0.876707
000192 375 1242 1 354.016 206.671 124.523 85.8537 0.820349
000192 375 1242 1 547.476 197.386 55.7072 49.2545 0.815836
000192 375 1242 1 512.871 186.478 43.4661 30.2344 0.804731
000192 375 1242 1 567.807 189.246 39.4113 35.5881 0.740121
000193 375 1242 1 320.357 212.54 151.766 96.5386 0.939194
000193 375 1242 1 227.102 282.837 283.622 184.326 0.917571
000193 375 1242 1 442.709 232.454 143.02 100.29 0.914373
000193 375 1242 1 620.226 199.633 52.8994 54.3881 0.879663
000193 375 1242 1 506.864 186.519 48.7114 30.8261 0.841069
000193 375 1242 1 546.788 197.28 55.4973 49.3304 0.826784
000193 375 1242 1 567.502 189.113 38.4385 35.114 0.713589
000194 375 1242 1 273.295 217.24 200.088 104.157 0.949072
000194 375 1242 1 442.107 232.385 142.549 101.238 0.925011
000194 375 1242 1 165.764 292.909 331.529 164.182 0.91933
000194 375 1242 1 620.799 199.321 50.802 53.0003 0.867921
000194 375 1242 1 502.757 188.426 48.7179 31.4387 0.863824
000194 375 1242 1 546.42 196.751 53.7526 47.8971 0.838547
000195 375 1242 1 210.961 231.972 271.281 161.344 0.953777
000195 375 1242 1 441.06 232.763 142.413 101.036 0.924323
000195 375 1242 1 621.054 199.473 51.7461 52.8465 0.871726
000195 375 1242 1 546.276 196.731 52.1639 48.4044 0.845149
000195 375 1242 1 495.561 193.557 49.7545 35.4021 0.833367
000195 375 1242 1 577.564 188.263 31.9277 29.5342 0.704417
000196 375 1242 1 164.603 289.3 329.206 171.401 0.934228
000196 375 1242 1 439.561 232.516 142.631 101.646 0.91314
000196 375 1242 1 620.208 199.105 51.4412 52.6085 0.879064
000196 375 1242 1 546.05 196.418 53.1216 48.5133 0.860706
000196 375 1242 1 479.362 193.483 61.7324 36.2219 0.813264
000196 375 1242 1 568.029 188.325 36.6501 33.2336 0.71129
000197 375 1242 1 176.025 293.152 341.032 163.696 0.940785
000197 375 1242 1 436.698 232.448 139.284 103.411 0.929952
000197 375 1242 1 545.95 195.747 53.507 48.3144 0.871785
000197 375 1242 1 621.793 197.503 52.1974 52.3515 0.870761
000197 375 1242 1 467.634 195.709 67.9847 43.4577 0.845375
000198 375 1242 1 437.106 232.209 140.285 104.548 0.93133
000198 375 1242 1 178.16 290.772 345.05 168.457 0.924034
000198 375 1242 1 621.259 197.271 51.4791 51.8459 0.86389
000198 375 1242 1 547.13 196.02 53.1331 47.3727 0.847503
000198 375 1242 1 577.882 186.862 30.2355 29.6994 0.704879
000199 375 1242 1 436.06 232.593 138.103 101.721 0.924152
000199 375 1242 1 177.153 288.615 340.995 172.77 0.920521
000199 375 1242 1 621.699 197.245 50.9823 53.2944 0.86419
000199 375 1242 1 547.769 195.898 53.2086 47.7745 0.845063
000199 375 1242 1 576.876 186.408 31.5869 31.1371 0.74269
000199 375 1242 1 451.19 196.925 74.7083 42.4561 0.738392
000200 375 1242 1 435.429 233.416 140.356 102.762 0.938292
000200 375 1242 1 176.611 289.086 336.807 171.827 0.897311
000200 375 1242 1 620.264 198.188 48.3232 52.0959 0.866334
000200 375 1242 1 547.919 196.221 52.7463 47.5196 0.84713
000201 375 1242 1 435.778 238.922 138.129 102.203 0.919612
000201 375 1242 1 192.405 288.554 334.417 172.893 0.915751
000201 375 1242 1 615.97 197.166 46.6794 50.2481 0.857338
000201 375 1242 1 549.535 195.89 46.9233 44.1134 0.844849
000202 375 1242 1 435.338 232.781 141.127 101.146 0.940459
000202 375 1242 1 194.057 288.695 337.22 172.61 0.904972
000202 375 1242 1 389.429 215.347 101.883 61.7749 0.886126
000202 375 1242 1 616.28 197.003 44.0439 46.7149 0.859029
000202 375 1242 1 549.893 195.814 47.2313 42.9672 0.852258
000202 375 1242 1 581.008 189.239 30.0082 28.9825 0.648673
000203 375 1242 1 436.551 233.604 143.334 102.945 0.935498
000203 375 1242 1 180.272 289.59 346.998 170.82 0.922803
000203 375 1242 1 616.546 196.316 44.1221 45.6554 0.86361
000203 375 1242 1 550.587 196.477 52.4209 46.0935 0.836542
000203 375 1242 1 370.824 217.569 134.526 70.5373 0.750781
000204 375 1242 1 180.295 288.702 360.591 172.596 0.939055
000204 375 1242 1 436.914 233.226 141.731 100.496 0.935027
000204 375 1242 1 340.845 225.783 169.199 79.1491 0.925497
000204 375 1242 1 616.329 197.418 45.3711 47.3983 0.883166
000204 375 1242 1 550.307 195.751 46.1252 41.6478 0.834669
000205 375 1242 1 194.232 289.068 348.473 171.865 0.925061
000205 375 1242 1 436.674 234.018 139.5 98.0392 0.922033
000205 375 1242 1 616.305 197.006 46.3275 48.7346 0.851709
000205 375 1242 1 290.348 231.834 178.793 86.789 0.849149
000205 375 1242 1 550.4 195.152 46.5031 40.8113 0.833772
000205 375 1242 1 580.199 188.729 30.2877 30.8886 0.713409
000206 375 1242 1 178.169 289.702 356.338 170.596 0.914901
000206 375 1242 1 256.095 242.893 210.541 106.113 0.900951
000206 375 1242 1 439.645 232.915 143.132 96.2393 0.898986
000206 375 1242 1 615.713 197.155 46.9485 48.7806 0.864556
000206 375 1242 1 551.055 194.91 47.7659 40.457 0.838296
000206 375 1242 1 580.775 188.623 30.4177 30.2323 0.702265
000206 375 1242 1 519.675 189.745 34.0563 24.6568 0.662558
000207 375 1242 1 440.097 232.516 138.767 95.9808 0.891851
000207 375 1242 1 180.704 288.639 361.408 172.722 0.888922
000207 375 1242 1 618.43 196.999 48.87 51.1765 0.870647
000207 375 1242 1 551.463 194.762 45.9531 40.7296 0.848325
000207 375 1242 1 513.752 190.365 32.0532 24.5291 0.662474
000208 375 1242 1 208.221 287.437 347.789 175.125 0.920262
000208 375 1242 1 439.345 232.602 133.919 96.0548 0.916199
000208 375 1242 1 614.978 196.71 46.7219 49.0414 0.868632
000208 375 1242 1 551.388 192.921 44.772 39.9778 0.859967
000208 375 1242 1 509.949 190.108 36.7163 26.1566 0.669722
000209 375 1242 1 194.933 287.968 363.619 174.064 0.930254
000209 375 1242 1 440.521 231.372 134.789 96.605 0.907961
000209 375 1242 1 551.944 192.767 44.3204 40.5514 0.869976
000209 375 1242 1 615.432 196.152 46.5077 49.5559 0.858461
000209 375 1242 1 505.678 186.745 39.8635 28.8078 0.793012
000210 375 1242 1 208.293 288.8 345.855 172.401 0.932666
000210 375 1242 1 441.034 231.659 133.171 97.1578 0.914091
000210 375 1242 1 615.305 195.71 45.4478 48.1066 0.877446
000210 375 1242 1 553.242 191.77 42.8323 40.1319 0.868154
000210 375 1242 1 498.83 187.768 41.5978 27.7553 0.824069
000210 375 1242 1 579.22 187.335 29.8379 29.8196 0.695587
000211 375 1242 1 207.944 289.32 351.439 171.359 0.933545
000211 375 1242 1 439.681 231.487 130.076 94.417 0.922601
000211 375 1242 1 614.64 196.071 44.0273 49.6186 0.885139
000211 375 1242 1 554.001 191.896 41.8419 40.0169 0.860213
000211 375 1242 1 489.591 189.642 46.7033 29.6761 0.811991
000211 375 1242 1 579.697 188.224 30.4287 31.5682 0.671834
000212 375 1242 1 444.054 232.133 127.017 93.9559 0.946736
000212 375 1242 1 222.301 287.514 339.381 174.973 0.92349
000212 375 1242 1 614.09 197.644 43.4354 48.4422 0.891718
000212 375 1242 1 554.209 194.019 39.5192 39.4966 0.843272
000212 375 1242 1 482.746 194.359 47.0372 30.3411 0.780231
000213 375 1242 1 447.084 232.581 127.025 92.5975 0.940539
000213 375 1242 1 223.108 287.218 347.408 175.564 0.919508
000213 375 1242 1 613.991 198.503 43.2111 48.711 0.893497
000213 375 1242 1 554.99 193.689 39.045 39.4312 0.847256
000213 375 1242 1 471.955 196.547 63.1176 35.0414 0.675417
000214 375 1242 1 447.483 232.893 128.331 94.8495 0.92689
000214 375 1242 1 223.674 287.364 339.725 175.273 0.922381
000214 375 1242 1 613.482 198.806 42.736 48.1264 0.898177
000214 375 1242 1 554.629 194.549 38.7228 38.8014 0.856425
000215 375 1242 1 223.759 283.441 342.138 183.118 0.929032
000215 375 1242 1 449.198 232.197 125.077 91.3973 0.925856
000215 375 1242 1 613.082 198.32 42.3241 48.8369 0.902455
000215 375 1242 1 555.224 194.113 37.8273 38.302 0.852934
000216 375 1242 1 224.181 282.493 344.013 185.014 0.931033
000216 375 1242 1 451.263 231.275 123.382 90.7426 0.91753
000216 375 1242 1 612.697 198.332 41.7454 47.864 0.901256
000216 375 1242 1 555.131 193.498 37.4532 37.6681 0.845886
000217 375 1242 1 221.447 287.093 344.258 175.814 0.922426
000217 375 1242 1 418.895 211.329 77.3154 46.3266 0.90887
000217 375 1242 1 452.934 231.48 123.869 88.3481 0.906465
000217 375 1242 1 612.734 197.903 42.0948 47.5149 0.895876
000217 375 1242 1 555.335 194.313 37.6531 36.5785 0.838374
000218 375 1242 1 447.261 230.761 120.588 91.6423 0.921598
000218 375 1242 1 221.287 287.126 344.842 175.748 0.908718
000218 375 1242 1 612.334 198.048 42.8761 47.6079 0.897239
000218 375 1242 1 399.745 211.711 89.3283 49.821 0.879241
000218 375 1242 1 554.92 193.055 36.493 36.2986 0.842343
000218 375 1242 1 578.633 190.002 30.8422 31.1501 0.645666
000219 375 1242 1 373.932 213.964 100.661 56.6145 0.922995
000219 375 1242 1 448.933 230.347 120.515 89.9132 0.92012
000219 375 1242 1 611.905 198.496 43.4122 46.497 0.889713
000219 375 1242 1 209.651 288.093 354.336 173.814 0.889246
000219 375 1242 1 561.009 194.158 41.5828 37.06 0.833863
000219 375 1242 1 580.587 191.132 33.5287 32.1932 0.648952
000220 375 1242 1 450.383 231.137 121.049 87.8492 0.914896
000220 375 1242 1 210.048 287.579 356.242 174.842 0.906623
000220 375 1242 1 343.369 218.049 119.92 67.4295 0.905262
000220 375 1242 1 611.172 198.324 43.358 46.5965 0.890618
000220 375 1242 1 560.917 194.306 40.3453 35.3945 0.833207
000220 375 1242 1 582.435 190.537 32.1207 30.6639 0.616281
000221 375 1242 1 208.13 290.452 342.44 169.097 0.915413
000221 375 1242 1 452.833 230.582 115.137 82.0294 0.90365
000221 375 1242 1 294.529 230.5 153.948 78.9803 0.89517
000221 375 1242 1 610.957 199.316 43.9166 45.9667 0.892015
000221 375 1242 1 561.391 194.262 39.7427 35.926 0.837196
000221 375 1242 1 532.599 187.576 32.6469 25.7122 0.715628
000221 375 1242 1 580.332 190.58 31.9236 30.4799 0.600413
000222 375 1242 1 195.049 290.43 352.435 169.14 0.915417
000222 375 1242 1 453.349 230.511 112.495 81.0751 0.913342
000222 375 1242 1 258.125 230.626 168.679 85.0141 0.909351
000222 375 1242 1 610.329 198.929 44.7808 45.0479 0.883848
000222 375 1242 1 561.511 193.9 38.8167 35.1375 0.833293
000222 375 1242 1 531.278 188.702 34.3132 25.9941 0.736175
000222 375 1242 1 581.368 191.871 33.7533 32.0741 0.621575
000223 375 1242 1 453.503 230.042 108.905 81.1463 0.903453
000223 375 1242 1 182.197 247.593 252.21 124.227 0.881413
000223 375 1242 1 609.75 198.57 44.9462 46.4052 0.880634
000223 375 1242 1 561.253 193.711 37.3262 34.9885 0.830168
000223 375 1242 1 528.564 189.768 35.8642 27.1622 0.762677
000223 375 1242 1 580.534 191.86 32.9476 32.662 0.607859
000224 375 1242 1 223.89 291.199 334.782 167.602 0.942665
000224 375 1242 1 454.06 228.775 106.791 80.2942 0.902751
000224 375 1242 1 609.69 198.587 45.8776 46.1236 0.864108
000224 375 1242 1 559.354 192.703 38.0095 34.968 0.831285
000224 375 1242 1 519.965 190.127 34.2396 26.4107 0.787879
000225 375 1242 1 208.6 288.818 349.835 172.364 0.928684
000225 375 1242 1 454.281 228.309 104.249 79.0597 0.909385
000225 375 1242 1 609.636 198.503 44.6985 45.4933 0.8703
000225 375 1242 1 514.597 192.725 36.2831 29.763 0.843806
000225 375 1242 1 559.595 192.982 37.1279 33.8132 0.826571
000226 375 1242 1 209.578 289.211 350.492 171.578 0.930892
000226 375 1242 1 456.889 227.247 110.5 77.8562 0.907003
000226 375 1242 1 609.915 199.392 44.891 44.7759 0.868631
000226 375 1242 1 560.007 193.321 36.6301 34.489 0.819901
000226 375 1242 1 510.322 193.778 38.6302 31.0329 0.79993
000226 375 1242 1 582.14 192.472 34.1848 33.1714 0.602768
000227 375 1242 1 210.558 288.944 352.674 172.112 0.942483
000227 375 1242 1 456.418 227.306 112.828 80.7546 0.896165
000227 375 1242 1 609.587 198.875 45.1371 46.1968 0.851608
000227 375 1242 1 561.401 192.844 38.1033 35.0717 0.827942
000227 375 1242 1 502.947 190.698 41.137 27.2991 0.818598
000228 375 1242 1 208.326 288.906 350.004 172.188 0.934897
000228 375 1242 1 456.046 227.201 112.511 81.1787 0.902269
000228 375 1242 1 602.174 199.178 47.3894 49.2063 0.850943
000228 375 1242 1 560.942 192.69 37.3185 36.0605 0.822465
000228 375 1242 1 497.916 194.929 39.7397 30.769 0.808468
000229 375 1242 1 195.359 288.355 366.512 173.29 0.914895
000229 375 1242 1 457.352 226.584 111.555 82.5253 0.871197
000229 375 1242 1 608.571 198.809 45.3011 48.0836 0.858633
000229 375 1242 1 561.851 192.81 36.4124 33.9928 0.823282
000229 375 1242 1 580.841 192.759 33.0647 33.9513 0.604693
000230 375 1242 1 206.204 287.16 344.907 175.679 0.922144
000230 375 1242 1 456.354 227.593 111.751 81.6116 0.886437
000230 375 1242 1 609.2 198.627 45.09 48.9242 0.842799
000230 375 1242 1 560.78 193.072 36.1277 34.7608 0.814355
000230 375 1242 1 581.48 193.024 33.6378 35.2445 0.603623
000231 375 1242 1 207.261 288.165 339.764 173.67 0.917378
000231 375 1242 1 457.528 227.9 111.959 79.5796 0.875915
000231 375 1242 1 600.559 198.358 45.7135 48.7397 0.836643
000231 375 1242 1 561.196 192.739 35.863 34.887 0.822904
000232 375 1242 1 206.686 287.826 343.592 174.348 0.916709
000232 375 1242 1 462.092 226.482 111.485 80.8102 0.881116
000232 375 1242 1 600.774 198.769 45.8704 49.094 0.838097
000232 375 1242 1 561.906 192.264 35.5377 35.1527 0.836922
000233 375 1242 1 207.545 287.953 347.537 174.095 0.905226
000233 375 1242 1 462.538 226.574 112.025 81.3988 0.882503
000233 375 1242 1 600.53 198.589 45.261 48.7147 0.850573
000233 375 1242 1 562.48 192.644 36.5111 35.2663 0.835039
000234 375 1242 1 206.741 288.761 342.866 172.478 0.91168
000234 375 1242 1 457.788 226.709 111.413 76.6769 0.875615
000234 375 1242 1 600.076 198.468 45.9812 49.4337 0.853904
000234 375 1242 1 561.362 192.879 36.3572 35.5808 0.834101
000235 375 1242 1 206.269 287.71 343.183 174.58 0.92869
000235 375 1242 1 416.456 210.323 80.9124 52.0045 0.874641
000235 375 1242 1 456.3 227.881 112.162 79.3371 0.872938
000235 375 1242 1 599.089 198.616 45.7312 48.4181 0.869408
000235 375 1242 1 561.808 193.337 36.3147 34.4577 0.834115
000236 375 1242 1 205.586 287.381 343.15 175.238 0.919887
000236 375 1242 1 393.995 214.406 90.5541 60.6845 0.911875
000236 375 1242 1 457.863 228.082 109.671 79.8744 0.896898
000236 375 1242 1 599.382 198.895 45.6217 47.0005 0.853206
000236 375 1242 1 563.001 193.344 36.5813 34.1692 0.824315
000237 375 1242 1 368.332 216.765 99.772 65.8815 0.935261
000237 375 1242 1 205.463 288.304 347.473 173.392 0.934518
000237 375 1242 1 455.86 228.849 113.385 79.7049 0.906358
000237 375 1242 1 599.125 199.617 45.714 46.3146 0.845618
000237 375 1242 1 562.84 193.865 36.5197 33.7773 0.818246
000238 375 1242 1 193.622 288.932 361.006 172.137 0.946344
000238 375 1242 1 338.381 225.55 125.841 73.5163 0.934087
000238 375 1242 1 453.675 229.541 115.448 79.1078 0.918788
000238 375 1242 1 598.747 200.324 45.9451 45.7876 0.843155
000238 375 1242 1 563.373 194.01 37.8292 32.7285 0.826747
000239 375 1242 1 220.878 290.309 322.614 169.382 0.939039
000239 375 1242 1 292.87 233.192 153.468 86.4163 0.915354
000239 375 1242 1 452.838 229.813 116.371 81.0681 0.890889
000239 375 1242 1 564.472 195.418 39.6512 34.5509 0.832521
000239 375 1242 1 598.479 206.053 51.782 47.6357 0.802567
000240 375 1242 1 451.386 230.117 115.044 82.7343 0.907557
000240 375 1242 1 194.287 290.86 348.966 168.279 0.903803
000240 375 1242 1 563.96 195.337 39.8459 34.6231 0.836
000240 375 1242 1 598.492 207.683 47.5155 46.6739 0.802192
000241 375 1242 1 191.274 291.025 343.831 167.949 0.906098
000241 375 1242 1 451.364 230.983 121.963 87.9061 0.902961
000241 375 1242 1 562.024 195.56 37.0881 34.2867 0.828471
000241 375 1242 1 595.792 206.743 51.5542 47.8025 0.810265
000242 375 1242 1 163.215 290.651 326.43 168.698 0.931695
000242 375 1242 1 450.937 232.038 123.802 87.1629 0.906186
000242 375 1242 1 593.849 207.106 51.7849 47.2656 0.819819
000242 375 1242 1 562.29 196.096 37.1866 34.326 0.814282
000243 375 1242 1 162.447 293.864 324.894 162.273 0.946108
000243 375 1242 1 448.394 232.402 126.756 86.3974 0.931436
000243 375 1242 1 592.852 207.201 52.0815 47.1049 0.83123
000243 375 1242 1 562.294 196.541 39.5731 35.1638 0.813335
000244 375 1242 1 443.666 232.306 127.515 88.2593 0.937803
000244 375 1242 1 161.824 290.926 323.648 168.149 0.935525
000244 375 1242 1 589.736 206.37 51.358 46.8409 0.819279
000244 375 1242 1 561.621 197.256 38.698 35.054 0.786315
000244 375 1242 1 613.254 194.841 30.1896 32.0179 0.664792
000245 375 1242 1 437.043 232.043 124.536 90.0779 0.930415
000245 375 1242 1 160.829 291.33 321.658 167.34 0.922648
000245 375 1242 1 588.772 205.591 51.8184 48.1573 0.831856
000245 375 1242 1 555.408 193.211 36.1299 34.1605 0.820361
000245 375 1242 1 615.277 192.765 28.8175 30.409 0.667109
000246 375 1242 1 438.267 232.63 130.794 92.9019 0.923492
000246 375 1242 1 160.8 292.659 321.601 164.682 0.908525
000246 375 1242 1 588.644 201.018 53.1475 52.0918 0.827826
000246 375 1242 1 562.395 193.573 39.8168 35.7183 0.790395
000246 375 1242 1 616.803 190.486 27.6476 29.5649 0.626575
000247 375 1242 1 435.603 231.978 135.241 94.4732 0.931242
000247 375 1242 1 155.394 294.656 310.788 160.689 0.8783
000247 375 1242 1 562.075 192.309 43.3094 37.0806 0.829906
000247 375 1242 1 587.786 199.651 54.3369 49.5026 0.809716
000248 375 1242 1 138.727 296.173 271.757 157.654 0.955544
000248 375 1242 1 430.72 231.495 135.856 95.5554 0.929173
000248 375 1242 1 586.823 199.89 53.0703 50.5197 0.847835
000248 375 1242 1 562.307 192.414 42.7177 37.5536 0.814607
000248 375 1242 1 614.534 190.521 28.3672 31.2921 0.734587
000248 375 1242 1 532.476 188.906 31.4513 23.2603 0.639566
000249 375 1242 1 137.753 297.482 269.561 155.036 0.979647
000249 375 1242 1 425.14 232.259 137.063 96.9454 0.916427
000249 375 1242 1 588.505 199.585 54.0168 52.6536 0.84153
000249 375 1242 1 560.355 190.628 42.9869 37.2397 0.820937
000249 375 1242 1 613.709 190.014 28.1127 31.8299 0.72046
000249 375 1242 1 529.444 189.101 31.2872 23.2685 0.607516
000250 375 1242 1 134.733 294.575 269.466 160.85 0.98436
000250 375 1242 1 422.658 233.166 141.666 98.3643 0.926246
000250 375 1242 1 553.12 191.748 45.7009 37.5943 0.840201
000250 375 1242 1 609.609 189.458 31.5204 32.712 0.804778
000250 375 1242 1 523.205 189.424 30.7866 22.9596 0.622429
000251 375 1242 1 122.622 294.477 245.245 161.046 0.987875
000251 375 1242 1 418.331 233.869 136.947 98.6462 0.925596
000251 375 1242 1 551.672 191.055 43.3743 36.4491 0.853223
000251 375 1242 1 611.931 189.074 26.4333 28.9817 0.750284
000251 375 1242 1 517.575 189.867 31.3341 23.0014 0.619629
000252 375 1242 1 114.786 294.986 229.572 160.028 0.983834
000252 375 1242 1 411.334 233.866 142.176 101.454 0.911674
000252 375 1242 1 549.766 191.768 40.0911 35.4558 0.845593
000252 375 1242 1 579.784 199.981 55.2289 53.1207 0.843421
000252 375 1242 1 610.971 189.386 28.1162 31.1149 0.774907
000253 375 1242 1 406.702 240.62 145.599 105.472 0.92654
000253 375 1242 1 550.321 192.349 39.4091 36.3632 0.845663
000253 375 1242 1 578.182 200.658 55.801 53.9445 0.840427
000253 375 1242 1 102.878 308.099 205.756 133.803 0.838865
000253 375 1242 1 609.067 190.722 30.3096 32.1902 0.810565
000253 375 1242 1 505.318 184.18 34.502 23.0044 0.602131
000254 375 1242 1 403.258 241.579 153.777 105.641 0.950707
000254 375 1242 1 550.914 192.312 43.1682 37.4929 0.848158
000254 375 1242 1 577.216 200.968 60.2357 55.2067 0.830021
000254 375 1242 1 609.364 189.985 32.406 31.6948 0.815456
000254 375 1242 1 499.64 186.039 35.2728 25.5417 0.726362
000255 375 1242 1 398.631 243.538 161.281 108.631 0.92007
000255 375 1242 1 575.525 200.913 55.2303 55.8128 0.838855
000255 375 1242 1 550.249 193.808 42.3636 40.6051 0.834978
000255 375 1242 1 610.384 191.749 31.0103 32.6002 0.811321
000255 375 1242 1 495.509 187.519 39.2124 26.0467 0.752454
000256 375 1242 1 392.07 244.048 161.915 110.944 0.92308
000256 375 1242 1 568.246 198.522 58.7927 49.6925 0.830236
000256 375 1242 1 608.361 190.922 32.3295 33.2598 0.829782
000256 375 1242 1 485.261 187.697 39.6415 27.5746 0.811695
000257 375 1242 1 386.003 244.642 170.349 112.674 0.9379
000257 375 1242 1 570.967 199.619 58.3203 54.4693 0.845211
000257 375 1242 1 479.859 189.479 43.8348 30.938 0.8431
000257 375 1242 1 546.346 191.955 44.5348 39.2124 0.819226
000257 375 1242 1 607.952 189.166 30.3694 31.945 0.80775
000258 375 1242 1 381.623 246.441 175.866 120.48 0.925155
000258 375 1242 1 569.498 200.138 58.4879 54.905 0.867233
000258 375 1242 1 470.855 190.817 39.8413 30.1292 0.850506
000258 375 1242 1 546.235 192.648 45.2594 40.8243 0.828487
000258 375 1242 1 608.013 189.971 30.6836 32.5181 0.801659
000259 375 1242 1 369.767 245.812 178.467 121.774 0.935294
000259 375 1242 1 569.337 200.349 59.5609 56.337 0.868069
000259 375 1242 1 463.166 192.836 47.478 33.4951 0.84595
000259 375 1242 1 545.469 192.544 45.8083 41.9199 0.833144
000259 375 1242 1 607.691 188.877 32.2583 33.1785 0.8093
000260 375 1242 1 367.921 246.804 185.741 123.457 0.94369
000260 375 1242 1 570.896 200.39 60.8955 57.2402 0.863491
000260 375 1242 1 450.824 194.207 46.9791 35.4625 0.861115
000260 375 1242 1 544.546 191.007 45.6993 40.8567 0.81449
000260 375 1242 1 604.225 188.867 30.5344 30.6696 0.696736
000261 375 1242 1 362.274 250.287 185.33 129.334 0.943151
000261 375 1242 1 567.656 200.357 62.6969 59.5822 0.87387
000261 375 1242 1 438.132 197.08 63.6887 34.3406 0.862699
000261 375 1242 1 537.782 190.669 43.3064 41.3488 0.847815
000261 375 1242 1 605.668 188.637 32.0204 32.1882 0.774702
000262 375 1242 1 355.956 250.538 197.938 128.823 0.960771
000262 375 1242 1 563.86 199.95 63.6897 58.9717 0.862538
000262 375 1242 1 420.37 198.074 76.6353 36.0004 0.86062
000262 375 1242 1 536.38 192.123 44.9124 43.1732 0.82215
000262 375 1242 1 607.228 187.863 32.9076 32.5721 0.798774
000263 375 1242 1 350.381 256.66 203.735 133.786 0.933749
000263 375 1242 1 562.543 200.029 69.2505 60.5591 0.854428
000263 375 1242 1 406.977 201.064 65.6119 37.9291 0.824855
000263 375 1242 1 606.907 188.227 32.8508 33.0138 0.803103
000264 375 1242 1 339.965 258.454 208.783 132.609 0.949377
000264 375 1242 1 560.525 208.494 65.7126 61.1403 0.895079
000264 375 1242 1 533.401 193.967 44.0605 41.7519 0.829432
000264 375 1242 1 607.427 190.979 32.553 34.1634 0.827635
000264 375 1242 1 582.044 191.448 35.6324 36.9418 0.622759
000265 375 1242 1 338.205 262.175 215.305 133.889 0.945226
000265 375 1242 1 559.675 210.002 66.1711 62.8066 0.894055
000265 375 1242 1 607.021 191.597 33.4875 34.6359 0.838794
000265 375 1242 1 531.573 193.239 42.5447 40.9743 0.828166
000265 375 1242 1 581.607 191.946 34.929 37.2726 0.629632
000266 375 1242 1 558.819 210.507 68.1196 64.1885 0.890913
000266 375 1242 1 325.169 266.395 224.639 139.492 0.868953
000266 375 1242 1 607.227 191.934 33.1566 34.6985 0.843638
000266 375 1242 1 530.198 193.191 44.0844 41.122 0.822471
000267 375 1242 1 320.445 267.744 237.629 147.8 0.911122
000267 375 1242 1 554.791 209.856 69.5782 64.6837 0.904733
000267 375 1242 1 607.172 191.394 34.0966 35.3691 0.843538
000267 375 1242 1 530.559 195.326 45.1982 42.0118 0.803928
000267 375 1242 1 310.056 223.898 125.236 61.501 0.788272
000268 375 1242 1 311.18 266.443 247.787 151.858 0.915558
000268 375 1242 1 553.396 209.259 71.8743 67.0947 0.904046
000268 375 1242 1 607.257 191.385 34.6222 36.1418 0.850501
000268 375 1242 1 291.747 215.036 136.514 57.612 0.814381
000268 375 1242 1 514.323 185.661 38.8935 36.1503 0.716165
000268 375 1242 1 581.906 191.499 36.193 38.1755 0.625139
000269 375 1242 1 224.627 236.97 221.695 91.5509 0.896082
000269 375 1242 1 552.217 209.059 72.6899 67.2603 0.89073
000269 375 1242 1 607.443 190.238 35.5186 37.4118 0.8505
000269 375 1242 1 503.549 183.667 35.9709 35.7337 0.801131
000270 375 1242 1 293.953 274.871 270.61 170.078 0.952053
000270 375 1242 1 130.251 249.247 260.502 105.907 0.946431
000270 375 1242 1 551.346 209.174 75.8359 68.1786 0.889883
000270 375 1242 1 607.738 190.59 35.7347 37.5618 0.858779
000270 375 1242 1 499.312 182.578 43.7889 40.7784 0.813969
000271 375 1242 1 278.784 277.566 265.667 170.128 0.937914
000271 375 1242 1 90.1622 264.966 180.324 139.27 0.914829
000271 375 1242 1 551.649 209.649 75.6201 67.0971 0.894346
000271 375 1242 1 607.592 190.334 36.5004 37.6911 0.859925
000271 375 1242 1 488.838 181.367 42.9224 42.6839 0.77357
000272 375 1242 1 275.972 277.887 273.3 173.848 0.956435
000272 375 1242 1 551.283 209.629 76.3876 66.6107 0.877372
000272 375 1242 1 607.82 190.804 38.3083 40.1111 0.861129
000272 375 1242 1 487.974 182.018 54.6924 43.8105 0.857884
000272 375 1242 1 44.776 271.966 81.7944 142.688 0.823955
000273 375 1242 1 272.816 279.378 290.474 177.287 0.924638
000273 375 1242 1 550.847 210.151 76.0966 66.9613 0.879107
000273 375 1242 1 608.961 191.614 38.5393 40.3658 0.869602
000273 375 1242 1 484.224 181.709 65.1911 45.0496 0.86467
000274 375 1242 1 263.179 281.483 281.501 178.298 0.937996
000274 375 1242 1 551.289 210.027 76.5865 67.2934 0.888912
000274 375 1242 1 609.804 191.35 37.8414 38.5818 0.867415
000274 375 1242 1 479.142 181.353 70.9833 48.0358 0.856007
000275 375 1242 1 470.069 179.032 66.5295 52.2629 0.895123
000275 375 1242 1 267.986 279.159 336.361 183.623 0.884532
000275 375 1242 1 548.288 208.997 81.0524 72.3501 0.866705
000275 375 1242 1 610.112 189.556 38.2098 40.3735 0.861607
000276 375 1242 1 268.263 279.171 334.735 188.515 0.921542
000276 375 1242 1 610.773 189.654 42.0973 42.9935 0.875951
000276 375 1242 1 549.993 209.013 76.1277 69.6652 0.87454
000276 375 1242 1 461.87 179.507 67.9623 56.7576 0.833487
000277 375 1242 1 263.052 276.806 333.82 184.601 0.891509
000277 375 1242 1 611.821 190.621 40.5979 42.2815 0.871004
000277 375 1242 1 547.548 208.17 81.9761 71.4887 0.870225
000277 375 1242 1 451.955 180.967 76.7368 59.4874 0.855494
000278 375 1242 1 439.299 180.149 85.562 67.5693 0.9107
000278 375 1242 1 260.208 279.042 330.754 188.002 0.906365
000278 375 1242 1 546.826 208.005 81.3474 72.1035 0.881405
000278 375 1242 1 612.505 190.12 41.2549 42.4046 0.869758
000279 375 1242 1 261.487 278.183 327.221 189.673 0.912874
000279 375 1242 1 548.819 207.892 79.8788 73.4637 0.868242
000279 375 1242 1 612.653 189.098 43.4703 42.0023 0.86289
000279 375 1242 1 424.087 181.482 99.3681 67.2378 0.788632
000280 375 1242 1 258.921 277.212 325.851 189.141 0.915706
000280 375 1242 1 548.383 207.452 81.3915 74.5001 0.880935
000280 375 1242 1 612.269 186.144 41.8369 41.0616 0.862244
000280 375 1242 1 414.635 182.148 103.164 66.6392 0.758388
000281 375 1242 1 259.399 277.46 329.516 189.234 0.928421
000281 375 1242 1 550.325 207.781 80.5354 72.6262 0.871697
000281 375 1242 1 612.792 185.999 42.3568 40.5078 0.86577
000281 375 1242 1 400.451 182.421 116.482 73.1655 0.771053
000281 375 1242 1 515.756 185.306 39.5231 31.6628 0.768928
000282 375 1242 1 260.96 278.33 297.729 187.238 0.901314
000282 375 1242 1 549.579 208.377 81.0647 75.33 0.883123
000282 375 1242 1 615.19 189.192 43.408 42.3507 0.856951
000282 375 1242 1 513.138 183.417 40.714 29.5451 0.766518
000283 375 1242 1 261.005 279.173 298.581 184.847 0.914666
000283 375 1242 1 548.856 209.63 81.867 75.1644 0.897688
000283 375 1242 1 617.229 190.158 44.5388 45.667 0.857989
000283 375 1242 1 594.412 185.039 34.6127 33.6487 0.736799
000283 375 1242 1 506.753 186.267 38.6 29.1263 0.734076
000284 375 1242 1 264.89 278.588 289.38 184.768 0.907428
000284 375 1242 1 549.13 211.208 80.5931 73.2359 0.895974
000284 375 1242 1 617.314 192.961 42.9313 43.6342 0.862245
000284 375 1242 1 496.815 186.998 33.4371 26.8063 0.736599
000284 375 1242 1 593.957 187.008 31.6906 31.4491 0.710866
000285 375 1242 1 547.984 211.572 81.2705 74.7467 0.900049
000285 375 1242 1 275.795 277.832 317.268 189.098 0.895901
000285 375 1242 1 617.74 193.764 42.5529 43.1339 0.841272
000285 375 1242 1 492.188 188.301 34.1416 26.0826 0.749356
000285 375 1242 1 584.473 188.442 37.9406 33.4879 0.68148
000286 375 1242 1 276.222 278.114 292.609 192.808 0.897341
000286 375 1242 1 547.277 211.814 82.8547 74.0051 0.893986
000286 375 1242 1 486.482 190.754 38.0195 28.919 0.841024
000286 375 1242 1 617.34 194.757 41.4441 41.1985 0.826277
000286 375 1242 1 596.593 188.644 35.1576 32.7526 0.701603
000287 375 1242 1 288.311 279.185 281.596 186.732 0.920273
000287 375 1242 1 547.568 210.792 83.4546 72.3877 0.893847
000287 375 1242 1 482.238 192.516 43.7383 30.4103 0.8346
000287 375 1242 1 617.71 194.424 44.8358 44.2247 0.813852
000287 375 1242 1 597.197 189.634 40.4329 37.3304 0.759485
000288 375 1242 1 290.224 279.425 280.594 186.592 0.940534
000288 375 1242 1 549.287 210.992 82.1746 71.955 0.888441
000288 375 1242 1 473.775 194.286 44.1023 33.2273 0.852494
000288 375 1242 1 165.839 219.538 331.677 222.87 0.847081
000288 375 1242 1 617.496 194.458 45.5201 44.6857 0.809374
000289 375 1242 1 289.233 278.739 282.386 184.6 0.935685
000289 375 1242 1 549.986 210.917 83.2566 71.4191 0.878092
000289 375 1242 1 467.192 194.906 47.0206 34.1647 0.869582
000289 375 1242 1 596.813 190.573 40.8397 40.0683 0.805777
000289 375 1242 1 622.642 194.551 41.4086 42.4109 0.805776
000289 375 1242 1 96.4663 242.846 186.144 229.077 0.73345
000290 375 1242 1 290.228 279.274 292.761 180.839 0.926509
000290 375 1242 1 549.979 210.753 83.4974 71.4963 0.882651
000290 375 1242 1 456.378 196.613 52.7951 36.8844 0.842988
000290 375 1242 1 623.539 194.238 38.181 38.7991 0.838235
000290 375 1242 1 595.916 191.044 38.652 35.9522 0.822063
000291 375 1242 1 290.306 278.448 288.514 178.212 0.945617
000291 375 1242 1 445.429 198.423 57.1767 39.9472 0.888717
000291 375 1242 1 550.087 210.16 83.8822 70.6567 0.871531
000291 375 1242 1 623.492 194.589 38.834 39.0453 0.819489
000291 375 1242 1 597.916 191.636 38.8582 38.0803 0.816396
000291 375 1242 1 517.997 189.506 45.4392 30.3462 0.793161
000292 375 1242 1 292.396 278.04 290.124 176.36 0.937302
000292 375 1242 1 436.955 199.88 59.4701 43.0291 0.8993
000292 375 1242 1 550.3 210.06 83.484 71.7628 0.881431
000292 375 1242 1 623.879 195.23 41.3066 41.0271 0.830012
000292 375 1242 1 598.184 191.586 39.3647 38.3891 0.823107
000292 375 1242 1 515.52 188.606 45.0553 31.77 0.762332
000293 375 1242 1 300.582 276.527 282.452 172.826 0.949996
000293 375 1242 1 548.229 210.347 82.7091 72.9562 0.900363
000293 375 1242 1 424.068 201.37 68.741 43.0671 0.892471
000293 375 1242 1 598.304 191.43 40.6241 38.0224 0.834164
000293 375 1242 1 623.487 195.298 41.9338 40.1168 0.799653
000293 375 1242 1 504.66 188.919 36.647 28.4447 0.759534
000294 375 1242 1 302.782 276.716 281.883 175.169 0.956046
000294 375 1242 1 549.162 211.155 83.0805 74.0288 0.897902
000294 375 1242 1 404.51 206.888 78.7236 45.9752 0.836057
000294 375 1242 1 623.001 194.928 41.2506 41.7016 0.831106
000294 375 1242 1 500.885 190.226 40.1423 29.6329 0.827171
000294 375 1242 1 597.522 190.944 39.2426 36.9988 0.816482
000295 375 1242 1 302.081 276.418 282.619 172.99 0.950509
000295 375 1242 1 547.754 211.389 81.38 74.4685 0.896857
000295 375 1242 1 383.781 213.244 96.4686 62.4053 0.838634
000295 375 1242 1 623.993 194.873 42.3579 41.7718 0.834457
000295 375 1242 1 597.896 190.315 39.1653 36.0294 0.818815
000295 375 1242 1 496.11 190.856 43.2845 31.3542 0.815787
000296 375 1242 1 302.952 277.268 285.985 173.578 0.959884
000296 375 1242 1 547.499 211.832 80.4825 74.6253 0.895983
000296 375 1242 1 486.57 190.193 44.6536 31.0424 0.84955
000296 375 1242 1 624.19 194.157 38.7522 39.7888 0.823549
000296 375 1242 1 597.801 190.583 39.168 36.9529 0.819589
000297 375 1242 1 302.091 276.694 281.7 172.989 0.948089
000297 375 1242 1 545.872 212.012 82.3593 74.2715 0.899063
000297 375 1242 1 624.205 194.573 40.6688 39.8906 0.840219
000297 375 1242 1 597.839 190.293 39.8452 36.1647 0.827598
000297 375 1242 1 481.397 193.198 57.4543 36.162 0.780756
000298 375 1242 1 304.888 276.766 276.323 173.649 0.961484
000298 375 1242 1 546.472 212.305 83.2662 72.6201 0.891563
000298 375 1242 1 471.547 194.751 52.2366 36.0947 0.845859
000298 375 1242 1 623.664 195.359 43.0702 40.7716 0.823422
000298 375 1242 1 597.572 190.476 39.8103 36.2126 0.816737
000299 375 1242 1 304.948 276.767 276.602 179.176 0.95583
000299 375 1242 1 545.509 212.709 80.9965 74.9951 0.8986
000299 375 1242 1 460.502 196.936 57.482 37.9605 0.865065
000299 375 1242 1 598.003 191.493 40.2935 36.8115 0.822521
000299 375 1242 1 623.711 195.854 43.7394 41.3215 0.792404
000300 375 1242 1 307.596 276.283 275.077 175.205 0.965725
000300 375 1242 1 229.279 243.289 174.985 89.4683 0.928294
000300 375 1242 1 544.234 212.957 79.9164 73.9403 0.894014
000300 375 1242 1 451.168 198.396 65.1213 38.7695 0.891776
000300 375 1242 1 624.317 196.584 44.2307 40.9285 0.831053
000300 375 1242 1 597.2 191.364 40.7913 36.2374 0.827776
000301 375 1242 1 308.16 276.765 272.483 173.382 0.96142
000301 375 1242 1 181.105 245.863 234.586 110.219 0.956165
000301 375 1242 1 544.969 212.727 79.7479 74.7764 0.908066
000301 375 1242 1 439.539 200.358 68.4784 44.1455 0.90243
000301 375 1242 1 596.533 191.609 40.6882 36.4024 0.834285
000301 375 1242 1 624.154 196.228 44.8278 40.8876 0.825317
000302 375 1242 1 308.129 276.617 273.787 170.221 0.960596
000302 375 1242 1 115.941 260.185 231.881 129.487 0.951799
000302 375 1242 1 544.498 212.883 78.9583 75.1462 0.898501
000302 375 1242 1 424.643 201.249 73.1838 44.125 0.881087
000302 375 1242 1 596.417 191.597 40.76 36.4135 0.833391
000302 375 1242 1 624.235 195.708 45.0941 41.7258 0.810247
000303 375 1242 1 307.883 276.453 268.826 170.483 0.958298
000303 375 1242 1 543.819 213.213 80.0155 75.4449 0.910165
000303 375 1242 1 595.887 191.542 40.4038 36.3428 0.830908
000303 375 1242 1 624.574 195.841 44.8203 41.7572 0.830447
000303 375 1242 1 404.978 201.619 86.0339 47.3911 0.819797
000303 375 1242 1 71.7395 266.234 143.479 137.901 0.768778
000304 375 1242 1 309.101 276.035 273.5 170.28 0.957011
000304 375 1242 1 542.315 212.773 81.1141 75.5446 0.91514
000304 375 1242 1 624.471 195.753 44.255 42.9551 0.836394
000304 375 1242 1 595.8 191.648 39.3956 36.9056 0.83299
000304 375 1242 1 383.794 209.867 103.175 63.1574 0.809255
000305 375 1242 1 309.39 276.726 272.908 171.06 0.957881
000305 375 1242 1 541.832 213.007 82.8304 74.9516 0.91266
000305 375 1242 1 624.669 195.671 45.0215 42.7479 0.829439
000305 375 1242 1 596.427 191.998 40.6729 38.0391 0.826438
000305 375 1242 1 355.137 225.865 119.649 69.9607 0.753482
000306 375 1242 1 308.995 275.189 260.641 171.479 0.946332
000306 375 1242 1 542.12 213.334 83.7085 74.7921 0.917604
000306 375 1242 1 338.227 225.419 152.462 78.6293 0.860622
000306 375 1242 1 597.143 192.173 41.1069 38.3332 0.829727
000306 375 1242 1 624.822 195.644 44.7966 41.7815 0.827368
000306 375 1242 1 517.552 190.092 44.8837 28.5641 0.78327
000307 375 1242 1 307.989 273.955 256.409 171.706 0.953112
000307 375 1242 1 541.046 213.675 85.5533 77.4216 0.917291
000307 375 1242 1 597.694 192.575 41.552 39.1022 0.819647
000307 375 1242 1 624.321 195.957 45.1832 42.3299 0.804257
000307 375 1242 1 504.267 190.102 39.6727 27.3349 0.773783
000307 375 1242 1 308.311 224.908 127.067 61.805 0.761988
000308 375 1242 1 312.599 274.493 269.018 175.327 0.948492
000308 375 1242 1 540.374 213.395 85.3496 74.8995 0.911107
000308 375 1242 1 625.49 196.008 42.1792 42.4568 0.84082
000308 375 1242 1 597.556 193.073 41.0386 39.5011 0.824497
000308 375 1242 1 499.054 192.27 41.8912 28.9066 0.817069
000309 375 1242 1 313.122 275.075 270.505 175.134 0.938507
000309 375 1242 1 539.972 215.146 88.9061 81.4339 0.918414
000309 375 1242 1 207.727 244.183 184.456 90.4507 0.872188
000309 375 1242 1 625.805 196.353 41.7953 41.7888 0.842223
000309 375 1242 1 598.363 193.2 41.3954 39.7008 0.819946
000309 375 1242 1 496.981 192.621 47.0583 32.3491 0.798036
000310 375 1242 1 311.608 276.244 270.258 172.946 0.947889
000310 375 1242 1 132.941 246.452 262.659 119.034 0.933258
000310 375 1242 1 539.136 213.782 87.1194 75.0709 0.898837
000310 375 1242 1 597.752 192.237 41.2179 38.1806 0.83306
000310 375 1242 1 487.484 194.436 46.7337 32.5288 0.833055
000310 375 1242 1 625.614 196.196 43.3143 41.3445 0.827167
000311 375 1242 1 310.1 276.664 269.706 173.261 0.954723
000311 375 1242 1 541.635 214.846 87.3184 79.356 0.916366
000311 375 1242 1 110.67 264.099 221.34 150.316 0.904491
000311 375 1242 1 626.034 196.022 42.9991 40.9637 0.833526
000311 375 1242 1 597.811 193.025 41.4385 38.5136 0.830879
000311 375 1242 1 481.667 195.063 46.8176 33.3303 0.816946
000312 375 1242 1 310.563 276.376 270.261 175.269 0.959886
000312 375 1242 1 540.792 215.01 87.5455 79.8892 0.911896
000312 375 1242 1 470.666 196.901 48.8505 36.1025 0.873975
000312 375 1242 1 627.207 196.357 41.1494 40.9312 0.836652
000312 375 1242 1 598.06 193.513 41.6104 38.4977 0.820422
000312 375 1242 1 76.8873 274.418 153.775 171.329 0.751365
000313 375 1242 1 310.215 277.302 275.97 172.633 0.962231
000313 375 1242 1 539.07 215.157 89.9736 80.6306 0.920861
000313 375 1242 1 461.318 198.041 56.8856 38.4033 0.870521
000313 375 1242 1 626.353 197.338 42.0297 43.0771 0.845153
000313 375 1242 1 597.419 193.44 40.4482 37.4963 0.815095
000314 375 1242 1 309.296 277.528 279.027 174.585 0.955535
000314 375 1242 1 538.836 215.894 90.1374 84.3287 0.916209
000314 375 1242 1 455.646 199.983 64.6552 39.0729 0.889898
000314 375 1242 1 626.845 196.91 42.4867 42.9277 0.83728
000314 375 1242 1 596.91 193.106 40.6239 37.8265 0.808532
000315 375 1242 1 307.863 278.312 284.153 175.576 0.947605
000315 375 1242 1 538.096 215.449 90.1806 82.5941 0.915122
000315 375 1242 1 440.634 201.376 70.4894 42.12 0.895135
000315 375 1242 1 626.034 197.316 43.2288 44.2942 0.845457
000315 375 1242 1 596.807 192.742 39.3625 36.8591 0.807757
000316 375 1242 1 308.289 280.468 289.243 176.421 0.92907
000316 375 1242 1 537.321 216.311 92.9516 86.4883 0.919484
000316 375 1242 1 431.613 202.478 78.9667 42.3063 0.870606
000316 375 1242 1 626.24 197.209 42.8966 42.9856 0.846225
000316 375 1242 1 596.536 192.503 39.3909 35.8423 0.815221
000317 375 1242 1 537.044 216.164 93.3097 84.74 0.925827
000317 375 1242 1 304.599 280.072 290.819 176.821 0.909407
000317 375 1242 1 418.853 207.107 85.0299 45.2326 0.883896
000317 375 1242 1 625.755 198.473 43.225 44.9318 0.859342
000317 375 1242 1 595.952 193.629 39.0062 35.9351 0.805935
000318 375 1242 1 536.965 215.805 93.4487 85.1006 0.926262
000318 375 1242 1 296.701 281.886 285.775 178.874 0.911198
000318 375 1242 1 391.983 209.836 97.3751 52.9281 0.885482
000318 375 1242 1 625.98 198.746 43.7368 45.3485 0.848534
000318 375 1242 1 596.582 193.432 39.9677 36.8577 0.803886
000319 375 1242 1 536.444 215.438 94.052 83.2075 0.927629
000319 375 1242 1 295.908 281.102 291.748 180.684 0.915631
000319 375 1242 1 372.923 210.622 113.12 59.1193 0.884933
000319 375 1242 1 626.491 197.606 43.7697 43.5413 0.832974
000319 375 1242 1 596.562 192.882 39.7891 36.8103 0.813987
000320 375 1242 1 532.775 214.452 93.0104 80.5706 0.925116
000320 375 1242 1 293.119 278.795 293.169 184.662 0.922649
000320 375 1242 1 626.236 197.229 44.0031 43.8701 0.843359
000320 375 1242 1 594.999 191.836 39.1721 35.2776 0.816501
000320 375 1242 1 338.879 226.466 155.815 79.0843 0.805648
000321 375 1242 1 531.686 214.954 94.6309 86.9416 0.92155
000321 375 1242 1 292.454 279.215 293.552 187.293 0.917489
000321 375 1242 1 625.964 196.843 44.1985 43.1104 0.837091
000321 375 1242 1 594.515 190.721 40.5304 34.6674 0.812261
000322 375 1242 1 530.361 214.402 94.7478 84.4314 0.92009
000322 375 1242 1 290.633 278.666 288.275 188.599 0.888819
000322 375 1242 1 292.083 225.353 169.023 73.6244 0.848806
000322 375 1242 1 626.533 196.357 45.5308 43.2971 0.832786
000322 375 1242 1 594.011 190.417 41.942 35.2711 0.819954
000323 375 1242 1 529.784 213.955 94.4442 83.1299 0.917085
000323 375 1242 1 291.572 277.653 320.998 190.46 0.893886
000323 375 1242 1 626.794 196.308 44.819 43.232 0.839433
000323 375 1242 1 594.735 190.454 43.0994 36.3432 0.830537
000323 375 1242 1 243.574 232.332 171.444 77.0674 0.736524
000324 375 1242 1 176.96 245.797 247.098 107.859 0.944498
000324 375 1242 1 529.59 213.625 95.9182 84.6882 0.908066
000324 375 1242 1 291.584 276.968 328.493 189.721 0.904248
000324 375 1242 1 626.914 195.657 45.1692 45.7011 0.8388
000324 375 1242 1 594.767 190.028 42.7665 37.2287 0.807269
000325 375 1242 1 290.758 277.872 334.901 189.075 0.914625
000325 375 1242 1 120.897 253.428 241.793 149.996 0.907178
000325 375 1242 1 527.89 213.563 95.2894 85.4389 0.902509
000325 375 1242 1 626.808 195.307 44.2438 46.3144 0.845064
000325 375 1242 1 593.398 190.146 42.2974 36.5497 0.796902
000326 375 1242 1 97.4736 262.908 194.947 143.052 0.939392
000326 375 1242 1 289.671 277.468 336.906 188.936 0.927497
000326 375 1242 1 528.245 213.105 96.4164 83.566 0.907325
000326 375 1242 1 627.011 194.988 43.3043 45.4916 0.844558
000326 375 1242 1 593.727 189.735 42.2968 36.2251 0.79687
000326 375 1242 1 28.2345 256.281 56.4691 148.793 0.645768
000327 375 1242 1 528.041 213.362 96.8131 84.4029 0.91124
000327 375 1242 1 288.258 277.951 329.909 189.387 0.905591
000327 375 1242 1 627.071 195.051 44.5167 46.3433 0.835971
000327 375 1242 1 595.03 189.462 41.5302 35.9195 0.781677
000327 375 1242 1 51.9217 262.639 100.174 163.594 0.774342
000328 375 1242 1 287.478 277.773 332.197 189.486 0.922158
000328 375 1242 1 526.474 213.784 95.6343 85.7267 0.912159
000328 375 1242 1 626.876 195.537 44.2645 45.4558 0.844347
000328 375 1242 1 593.888 189.156 39.9941 33.6547 0.791833
000329 375 1242 1 288.535 277.785 331.526 189.121 0.918956
000329 375 1242 1 527.953 213.707 96.7682 86.0405 0.910703
000329 375 1242 1 620.527 197.204 50.3688 47.5094 0.842123
000329 375 1242 1 594.27 189.414 43.1302 35.4224 0.805972
000330 375 1242 1 528.735 214.165 97.4601 83.8507 0.916002
000330 375 1242 1 293.714 277.315 324.741 187.657 0.902439
000330 375 1242 1 626.559 196.666 45.7477 43.7157 0.838097
000330 375 1242 1 595.22 190.505 43.9641 35.9159 0.809005
000331 375 1242 1 528.759 214.161 97.7369 85.9588 0.911
000331 375 1242 1 290.52 278.976 296.69 185.653 0.887994
000331 375 1242 1 626.23 197.261 45.1014 42.3914 0.842717
000331 375 1242 1 595.852 190.848 43.4985 36.3369 0.815846
000332 375 1242 1 529.745 214.154 98.5596 86.1808 0.916042
000332 375 1242 1 293.411 278.515 300.021 184.801 0.913315
000332 375 1242 1 625.979 197.593 44.9973 42.2824 0.833219
000332 375 1242 1 596.281 190.698 44.0684 35.5882 0.802844
000333 375 1242 1 294.676 278.269 293.036 182.203 0.92545
000333 375 1242 1 529.434 214.578 97.3156 84.8016 0.919023
000333 375 1242 1 626.569 196.863 44.8224 44.3694 0.844008
000333 375 1242 1 594.693 189.674 42.5609 35.309 0.799586
000334 375 1242 1 303.408 276.947 287.381 180.024 0.937837
000334 375 1242 1 530.689 214.696 96.44 84.7129 0.923244
000334 375 1242 1 626.56 197.251 44.4191 43.4044 0.847283
000334 375 1242 1 594.82 189.659 41.6442 35.0782 0.812147
000335 375 1242 1 306.107 275.516 290.128 176.255 0.928987
000335 375 1242 1 530.714 214.392 95.4689 85.6666 0.918305
000335 375 1242 1 626.934 196.569 44.0828 44.0157 0.852156
000335 375 1242 1 593.568 189.539 41.5215 34.3984 0.809349
000336 375 1242 1 309.893 275.968 281.106 178.038 0.945408
000336 375 1242 1 530.024 213.991 93.9343 84.8452 0.919609
000336 375 1242 1 626.452 196.395 45.2948 44.5234 0.842689
000336 375 1242 1 593.624 189.537 41.8416 35.0038 0.794131
000337 375 1242 1 312.731 274.674 275.759 176.115 0.942438
000337 375 1242 1 531.646 215.34 92.359 84.6597 0.917178
000337 375 1242 1 626.771 197.262 43.9138 42.4964 0.854234
000337 375 1242 1 595.284 190.824 41.1708 34.4004 0.815808
000338 375 1242 1 321.596 274.383 272.671 173.477 0.939087
000338 375 1242 1 531.706 215.942 91.2738 85.7059 0.920581
000338 375 1242 1 626.772 197.235 44.0872 46.1353 0.86822
000338 375 1242 1 594.103 191.883 37.7252 34.3761 0.797222
