000000 375 1242 1 316.281 174.399 350.352 195.382 0.935757
000000 375 1242 1 870.258 204.412 1242.0 375.0 0.701041
000001 375 1242 1 852.951 202.831 1242.0 375.0 0.974914
000001 375 1242 1 289.21 174.71 336.419 196.228 0.89046
000002 375 1242 1 852.772 196.479 1242.0 373.492 0.882098
000002 375 1242 1 283.749 175.282 325.419 198.121 0.867383
000003 375 1242 1 275.958 176.205 325.904 200.639 0.992889
000003 375 1242 1 865.791 194.062 1242.0 375.0 0.926932
000004 375 1242 1 267.755 177.406 317.909 199.961 0.995573
000004 375 1242 1 838.372 194.143 1242.0 375.0 0.934465
000005 375 1242 1 837.38 190.632 1242.0 375.0 0.994841
000005 375 1242 1 256.109 176.455 310.838 200.682 0.988438
000006 375 1242 1 246.37 177.49 304.88 202.633 0.999722
000006 375 1242 1 827.366 193.15 1242.0 375.0 0.99702
000007 375 1242 1 823.448 191.792 1242.0 375.0 0.999669
000007 375 1242 1 239.215 178.519 300.761 205.481 0.999391
000008 375 1242 1 817.295 193.757 1218.6 375.0 0.999862
000008 375 1242 1 226.614 179.935 287.233 206.009 0.999813
000009 375 1242 1 800.648 194.364 1175.39 375.0 0.999951
000009 375 1242 1 215.993 177.499 278.108 206.153 0.999911
000010 375 1242 1 804.046 194.373 1146.72 372.079 0.999825
000010 375 1242 1 205.15 177.651 260.62 203.466 0.994428
000010 375 1242 1 249.874 173.711 292.693 199.019 0.918379
000011 375 1242 1 799.825 195.796 1118.5 364.813 0.999725
000011 375 1242 1 237.763 173.398 284.543 200.379 0.99864
000012 375 1242 1 772.605 187.406 1092.56 356.317 0.999889
000012 375 1242 1 187.977 175.124 248.523 206.163 0.998573
000013 375 1242 1 171.39 177.833 243.372 208.509 0.999845
000013 375 1242 1 774.251 190.076 1058.6 346.056 0.999812
000013 375 1242 1 226.828 175.11 273.598 203.509 0.97394
000014 375 1242 1 764.501 186.654 1039.41 336.422 0.99993
000014 375 1242 1 159.548 180.396 230.931 213.242 0.999599
000014 375 1242 1 218.17 177.847 266.743 207.055 0.945081
000015 375 1242 1 147.156 182.414 222.152 214.503 0.99997
000015 375 1242 1 770.112 188.702 1019.23 331.519 0.999956
000015 375 1242 1 205.224 180.798 260.93 209.244 0.881724
000016 375 1242 1 132.557 183.589 210.38 217.229 0.999954
000016 375 1242 1 763.021 184.66 1010.83 327.737 0.999944
000016 375 1242 1 193.816 181.028 250.723 211.759 0.997604
000017 375 1242 1 761.871 180.748 986.021 320.676 0.999834
000017 375 1242 1 115.45 180.949 202.205 216.852 0.999373
000018 375 1242 1 98.7222 182.037 184.865 219.902 0.999826
000018 375 1242 1 743.308 183.181 973.654 314.617 0.999796
000018 375 1242 1 163.202 179.375 232.911 212.198 0.995621
000019 375 1242 1 78.1943 182.724 170.392 220.853 0.999955
000019 375 1242 1 151.292 179.361 221.612 213.258 0.999838
000019 375 1242 1 742.262 186.694 968.389 316.537 0.999569
000020 375 1242 1 56.0722 185.175 155.599 224.063 0.999942
000020 375 1242 1 739.765 182.604 945.319 304.302 0.99979
000020 375 1242 1 134.326 180.615 207.743 215.16 0.99974
000021 375 1242 1 738.75 187.342 934.222 298.165 0.999958
000021 375 1242 1 35.0564 185.352 139.762 227.096 0.999926
000021 375 1242 1 115.593 181.079 197.841 219.906 0.999406
000022 375 1242 1 723.487 183.545 921.545 298.4 0.999967
000022 375 1242 1 12.1675 186.934 124.615 230.42 0.999949
000022 375 1242 1 96.2876 183.059 181.486 222.827 0.9979
000023 375 1242 1 727.396 188.379 909.376 293.848 0.999995
000023 375 1242 1 0.0 186.973 111.389 233.351 0.999638
000024 375 1242 1 724.133 186.056 895.831 288.277 0.999993
000024 375 1242 1 58.2384 183.259 117.205 225.455 0.928504
000025 375 1242 1 717.332 185.479 888.899 282.299 0.999998
000025 375 1242 1 58.9394 179.675 131.952 220.417 0.971369
000026 375 1242 1 717.236 187.051 871.543 280.414 0.999997
000026 375 1242 1 3.61111 181.347 113.23 224.661 0.999799
000027 375 1242 1 714.224 185.984 863.123 275.589 0.999998
000027 375 1242 1 0.0 183.872 100.687 228.809 0.999809
000028 375 1242 1 709.851 185.678 851.779 276.169 1.0
000028 375 1242 1 0.0 184.003 78.9758 229.426 0.928155
000029 375 1242 1 707.476 186.238 844.284 271.418 1.0
000030 375 1242 1 700.782 185.163 833.313 268.068 0.999998
000031 375 1242 1 695.363 183.89 822.716 264.992 0.999998
000032 375 1242 1 687.892 181.673 809.1 262.499 0.999999
000032 375 1242 1 866.846 186.343 1242.0 375.0 0.51587
000033 375 1242 1 679.381 184.125 800.964 258.52 0.999997
000033 375 1242 1 877.914 185.51 1242.0 374.688 0.75071
000034 375 1242 1 672.656 182.044 791.166 256.629 0.999991
000034 375 1242 1 872.107 170.375 1242.0 375.0 0.803883
000035 375 1242 1 667.711 182.424 779.639 254.207 0.999996
000035 375 1242 1 868.522 164.991 1242.0 375.0 0.96777
000036 375 1242 1 661.485 181.812 764.132 251.711 0.999986
000036 375 1242 1 827.981 169.695 1242.0 375.0 0.7438
000037 375 1242 1 656.911 181.64 754.536 248.66 0.999997
000037 375 1242 1 827.019 163.533 1242.0 372.241 0.934285
000038 375 1242 1 647.19 181.22 746.686 247.344 0.999997
000038 375 1242 1 806.432 164.518 1237.81 375.0 0.952833
000039 375 1242 1 639.034 181.485 734.369 246.04 0.999997
000039 375 1242 1 792.483 167.587 1178.09 375.0 0.996684
000040 375 1242 1 635.033 180.442 725.67 243.686 0.999999
000040 375 1242 1 781.929 160.12 1129.18 375.0 0.995226
000041 375 1242 1 627.491 181.129 712.548 242.04 1.0
000041 375 1242 1 752.388 165.887 1066.08 375.0 0.998063
000042 375 1242 1 621.391 181.674 706.347 242.544 0.999999
000042 375 1242 1 735.764 162.789 1032.45 363.427 0.995938
000043 375 1242 1 614.504 182.389 695.997 240.331 0.999999
000043 375 1242 1 715.436 168.469 1012.8 354.362 0.989628
000044 375 1242 1 608.17 181.405 687.818 239.312 0.999999
000044 375 1242 1 698.171 166.006 967.515 345.317 0.999427
000045 375 1242 1 603.058 182.59 679.386 238.573 0.999997
000045 375 1242 1 688.431 166.727 927.123 340.189 0.999821
000046 375 1242 1 596.736 182.665 669.878 236.95 0.999998
000046 375 1242 1 677.51 170.034 908.495 328.244 0.99969
000046 375 1242 1 262.361 178.899 303.224 201.811 0.610482
000047 375 1242 1 594.267 185.488 661.316 237.268 0.999997
000047 375 1242 1 668.919 169.987 877.396 324.391 0.999957
000048 375 1242 1 585.955 185.962 655.083 237.723 0.999997
000048 375 1242 1 658.303 170.088 861.04 319.182 0.99979
000048 375 1242 1 284.144 180.341 322.262 201.503 0.611464
000048 375 1242 1 248.056 180.495 291.411 203.208 0.542349
000049 375 1242 1 583.032 184.159 647.992 233.947 0.999994
000049 375 1242 1 653.149 173.08 835.399 315.011 0.99989
000049 375 1242 1 244.031 179.745 283.43 202.365 0.89594
000049 375 1242 1 278.244 179.129 329.536 200.719 0.659411
000050 375 1242 1 577.987 181.673 643.743 230.576 0.999998
000050 375 1242 1 637.878 167.94 810.871 310.716 0.999998
000050 375 1242 1 235.159 177.43 277.391 201.193 0.961592
000051 375 1242 1 575.581 179.969 640.232 225.338 0.999998
000051 375 1242 1 632.352 166.768 796.577 297.359 0.999845
000051 375 1242 1 223.965 175.464 273.495 200.544 0.957305
000052 375 1242 1 568.112 176.75 634.721 227.268 0.999985
000052 375 1242 1 629.295 167.296 776.52 290.611 0.999568
000052 375 1242 1 217.402 177.232 268.328 202.129 0.852764
000053 375 1242 1 568.252 179.337 627.828 225.582 0.999978
000053 375 1242 1 622.179 165.79 764.394 285.382 0.999967
000053 375 1242 1 257.07 176.738 298.149 197.184 0.809356
000054 375 1242 1 562.487 180.632 623.792 225.388 0.999996
000054 375 1242 1 610.674 168.26 750.624 286.099 0.999989
000054 375 1242 1 253.294 179.252 294.61 199.12 0.996551
000055 375 1242 1 561.709 181.973 618.933 226.307 0.999994
000055 375 1242 1 608.655 168.984 738.495 283.311 0.999989
000055 375 1242 1 245.741 180.95 288.936 200.893 0.995016
000056 375 1242 1 557.199 184.481 615.737 227.985 0.99999
000056 375 1242 1 597.934 169.756 729.225 280.273 0.999931
000056 375 1242 1 236.959 182.313 283.905 202.003 0.996044
000056 375 1242 1 189.447 181.679 236.171 208.354 0.910081
000057 375 1242 1 554.51 184.162 609.938 226.242 0.999991
000057 375 1242 1 600.055 171.73 720.878 276.676 0.99992
000057 375 1242 1 232.473 181.571 278.58 203.438 0.997649
000057 375 1242 1 179.824 182.257 232.189 208.214 0.985731
000058 375 1242 1 553.924 182.152 609.083 224.37 0.999864
000058 375 1242 1 592.453 171.277 708.973 272.869 0.999499
000058 375 1242 1 228.59 181.911 274.411 203.644 0.999451
000058 375 1242 1 173.815 179.117 223.356 207.911 0.849612
000059 375 1242 1 590.217 170.651 701.969 268.2 0.999951
000059 375 1242 1 552.332 180.503 603.799 223.214 0.999812
000059 375 1242 1 222.807 180.546 271.167 202.756 0.998591
000059 375 1242 1 165.838 181.094 218.638 208.965 0.907635
000060 375 1242 1 587.795 172.394 693.345 268.602 0.999864
000060 375 1242 1 219.405 179.946 268.619 202.338 0.999429
000060 375 1242 1 552.873 182.661 603.686 224.08 0.996089
000060 375 1242 1 160.505 180.497 212.017 209.585 0.864156
000061 375 1242 1 587.411 171.84 685.868 267.606 0.999844
000061 375 1242 1 212.834 179.091 267.185 205.213 0.999635
000061 375 1242 1 551.698 184.898 608.749 224.664 0.991036
000061 375 1242 1 142.218 180.026 207.877 210.08 0.960789
000062 375 1242 1 581.392 171.961 680.641 263.897 0.999972
000062 375 1242 1 209.221 179.229 258.172 202.451 0.998776
000062 375 1242 1 550.493 183.333 598.976 224.643 0.99551
000062 375 1242 1 138.474 179.244 197.688 209.365 0.975777
000063 375 1242 1 575.455 170.817 674.957 262.602 0.999985
000063 375 1242 1 196.915 178.261 252.901 202.873 0.999392
000063 375 1242 1 548.705 181.843 601.995 223.496 0.999355
000063 375 1242 1 125.451 178.437 189.506 209.767 0.973948
000064 375 1242 1 573.932 172.565 669.111 259.051 0.999918
000064 375 1242 1 191.254 180.217 246.765 202.718 0.999021
000064 375 1242 1 110.117 179.234 180.377 210.195 0.99848
000064 375 1242 1 360.57 168.43 388.257 190.639 0.950518
000064 375 1242 1 545.55 182.466 601.13 221.246 0.932547
000065 375 1242 1 570.607 173.915 660.016 259.089 0.999966
000065 375 1242 1 96.8677 181.317 171.013 214.802 0.997892
000065 375 1242 1 179.46 182.144 240.335 205.396 0.997446
000065 375 1242 1 354.866 170.131 383.168 195.621 0.937729
000065 375 1242 1 542.387 183.362 595.841 221.707 0.700567
000066 375 1242 1 570.076 177.124 656.687 260.688 0.999957
000066 375 1242 1 172.314 185.67 232.997 210.092 0.999742
000066 375 1242 1 88.1973 183.462 159.016 217.344 0.993684
000066 375 1242 1 350.267 175.816 376.027 198.999 0.615618
000066 375 1242 1 540.403 186.469 591.262 225.221 0.567195
000067 375 1242 1 564.168 178.261 646.04 259.633 0.999973
000067 375 1242 1 162.089 188.76 226.617 214.699 0.999889
000067 375 1242 1 71.4053 187.708 147.637 221.377 0.998928
000067 375 1242 1 542.71 188.797 587.698 227.819 0.728528
000068 375 1242 1 560.736 176.64 645.099 255.88 0.99999
000068 375 1242 1 152.3 185.103 216.58 212.826 0.999759
000068 375 1242 1 54.1638 186.209 135.759 221.138 0.994018
000068 375 1242 1 338.731 172.123 368.392 197.54 0.867605
000068 375 1242 1 544.612 187.191 586.848 223.019 0.748568
000069 375 1242 1 559.604 173.572 638.217 248.677 0.999991
000069 375 1242 1 144.64 180.854 204.368 209.7 0.99982
000069 375 1242 1 35.629 181.336 120.888 218.309 0.998496
000069 375 1242 1 330.445 166.951 362.834 194.747 0.984225
000070 375 1242 1 129.142 176.172 206.509 206.671 0.999965
000070 375 1242 1 557.829 170.241 634.69 245.939 0.99985
000070 375 1242 1 16.2999 179.614 105.765 214.952 0.997566
000070 375 1242 1 322.467 164.981 355.851 192.989 0.854634
000071 375 1242 1 552.902 170.459 629.848 244.931 0.999964
000071 375 1242 1 119.878 177.902 180.956 208.452 0.996514
000071 375 1242 1 4.40751 179.166 96.6243 218.904 0.995124
000071 375 1242 1 312.555 165.242 352.475 193.213 0.758402
000072 375 1242 1 551.453 171.641 626.303 244.644 0.999978
000072 375 1242 1 0.0 180.043 78.9501 218.879 0.992851
000072 375 1242 1 107.288 178.171 185.329 210.906 0.99077
000072 375 1242 1 307.463 169.375 342.468 195.482 0.624805
000073 375 1242 1 549.56 176.422 622.164 244.807 0.99998
000073 375 1242 1 105.659 181.175 172.462 210.737 0.996589
000073 375 1242 1 0.0 180.358 59.7963 221.939 0.975111
000073 375 1242 1 297.485 168.097 340.045 198.815 0.719253
000074 375 1242 1 548.585 176.022 622.487 243.94 0.999998
000074 375 1242 1 76.9639 181.195 161.596 214.404 0.999928
000075 375 1242 1 549.173 175.373 621.736 241.205 0.999983
000075 375 1242 1 64.5022 178.905 154.167 212.502 0.999879
000076 375 1242 1 546.811 174.682 617.719 241.049 0.999982
000076 375 1242 1 51.4129 177.879 144.863 214.25 0.999821
000076 375 1242 1 263.109 163.174 314.911 202.807 0.730475
000077 375 1242 1 36.7565 177.701 133.451 214.394 0.999935
000077 375 1242 1 549.712 175.347 616.309 239.878 0.999898
000078 375 1242 1 549.679 177.871 617.727 239.513 0.999982
000078 375 1242 1 16.0949 177.418 119.992 216.336 0.999933
000079 375 1242 1 548.903 176.973 617.778 240.079 0.999911
000079 375 1242 1 5.96019 177.112 108.151 214.469 0.999708
000080 375 1242 1 550.996 174.49 618.199 239.067 0.999986
000080 375 1242 1 0.0 176.602 108.83 215.606 0.999296
000081 375 1242 1 553.843 174.642 616.685 236.886 0.999922
000081 375 1242 1 0.0 173.896 95.3538 213.256 0.968158
000082 375 1242 1 557.207 174.956 617.917 236.893 0.999996
000082 375 1242 1 0.0 174.746 77.9933 215.555 0.976948
000083 375 1242 1 555.801 178.575 619.205 239.328 0.999989
000084 375 1242 1 556.775 177.857 618.798 236.298 0.999987
000085 375 1242 1 557.928 174.365 617.253 235.35 0.999941
000085 375 1242 1 37.1971 154.811 158.681 217.517 0.617245
000086 375 1242 1 558.456 172.393 617.816 232.803 0.99999
000087 375 1242 1 557.97 171.295 617.07 231.694 0.999965
000088 375 1242 1 558.182 171.46 617.612 229.618 0.999951
000089 375 1242 1 559.1 171.887 616.903 228.557 0.99991
000090 375 1242 1 559.841 173.042 616.844 227.999 0.999764
000091 375 1242 1 561.291 172.862 616.418 228.114 0.999934
000092 375 1242 1 562.943 174.185 617.483 228.68 0.999985
000093 375 1242 1 563.541 173.304 618.275 228.381 0.999998
000094 375 1242 1 563.701 174.867 617.849 227.451 0.999961
000094 375 1242 1 301.933 170.706 346.073 191.801 0.705263
000095 375 1242 1 564.319 174.296 617.719 226.995 0.999731
000096 375 1242 1 566.371 171.16 618.599 224.335 0.999993
000096 375 1242 1 293.395 169.22 336.939 189.801 0.876812
000097 375 1242 1 564.277 168.721 619.141 220.746 0.999865
000097 375 1242 1 283.742 167.67 324.235 187.559 0.990039
000098 375 1242 1 564.26 168.906 619.146 221.808 0.999955
000098 375 1242 1 280.089 167.077 324.068 188.101 0.987364
000099 375 1242 1 566.477 172.778 618.41 222.819 0.999982
000099 375 1242 1 270.122 170.424 316.986 192.096 0.998703
000100 375 1242 1 568.689 175.421 619.289 226.768 0.999953
000100 375 1242 1 265.485 173.28 314.337 194.749 0.997194
000101 375 1242 1 567.477 177.99 618.378 224.478 0.999993
000101 375 1242 1 257.048 172.603 306.007 196.225 0.998365
000102 375 1242 1 566.808 177.804 616.684 224.506 0.999854
000102 375 1242 1 248.054 174.154 298.416 197.38 0.998715
000103 375 1242 1 568.637 180.641 618.883 224.88 0.999493
000103 375 1242 1 239.059 174.918 298.463 199.19 0.997001
000104 375 1242 1 569.022 178.578 621.28 225.657 0.999778
000104 375 1242 1 232.49 176.604 282.536 203.621 0.989674
000105 375 1242 1 568.657 178.877 619.727 223.231 0.999739
000105 375 1242 1 269.773 178.165 310.939 201.084 0.97727
000105 375 1242 1 221.966 175.168 278.44 205.991 0.899696
000106 375 1242 1 570.891 177.133 617.622 221.421 0.999762
000106 375 1242 1 260.935 178.048 306.232 199.476 0.993819
000106 375 1242 1 213.087 174.276 269.937 201.3 0.801169
000106 375 1242 1 296.678 176.087 335.563 196.128 0.592606
000107 375 1242 1 573.523 176.088 619.615 220.504 0.999911
000107 375 1242 1 253.3 175.953 299.881 200.593 0.994684
000107 375 1242 1 293.379 176.271 329.646 196.556 0.946173
000107 375 1242 1 215.016 174.414 257.65 201.83 0.847753
000108 375 1242 1 572.554 177.349 620.047 220.395 0.999899
000108 375 1242 1 197.631 175.138 252.848 203.402 0.997552
000108 375 1242 1 241.869 177.01 299.51 199.315 0.987758
000109 375 1242 1 178.01 175.877 242.776 202.948 0.999712
000109 375 1242 1 574.844 176.433 619.459 219.825 0.999548
000109 375 1242 1 232.507 176.057 285.442 200.405 0.998476
000109 375 1242 1 275.212 177.103 316.27 197.143 0.964
000110 375 1242 1 166.503 174.056 235.096 203.295 0.999584
000110 375 1242 1 574.275 177.501 616.846 219.732 0.998879
000110 375 1242 1 223.14 175.971 277.962 200.38 0.984782
000110 375 1242 1 265.359 175.242 311.891 196.521 0.95642
000111 375 1242 1 575.853 175.684 619.722 217.991 0.999968
000111 375 1242 1 147.213 176.857 226.253 203.366 0.999902
000111 375 1242 1 212.602 177.362 271.861 201.291 0.998505
000111 375 1242 1 259.591 176.386 304.995 198.708 0.996282
000112 375 1242 1 576.927 177.46 619.857 220.712 0.99997
000112 375 1242 1 138.208 178.412 213.562 206.028 0.999838
000112 375 1242 1 200.944 178.296 264.211 204.22 0.99902
000112 375 1242 1 251.389 177.377 298.828 200.611 0.995342
000113 375 1242 1 578.509 179.855 618.869 220.865 0.999927
000113 375 1242 1 188.183 178.043 254.529 206.831 0.999207
000113 375 1242 1 121.434 180.701 202.607 209.57 0.998993
000113 375 1242 1 244.332 179.83 292.289 202.66 0.997644
000114 375 1242 1 578.097 179.551 618.713 221.308 0.999961
000114 375 1242 1 176.936 179.399 245.635 209.446 0.999748
000114 375 1242 1 97.3546 181.736 191.878 211.512 0.999395
000114 375 1242 1 236.065 178.751 284.086 204.759 0.997439
000115 375 1242 1 579.711 180.616 621.138 223.353 0.999953
000115 375 1242 1 84.8445 180.817 176.353 214.033 0.999882
000115 375 1242 1 162.031 180.503 235.418 208.127 0.99945
000115 375 1242 1 226.742 179.747 276.24 204.837 0.997995
000116 375 1242 1 578.431 179.559 619.676 219.339 0.999956
000116 375 1242 1 149.061 179.737 227.925 207.242 0.999915
000116 375 1242 1 61.637 178.351 157.549 212.346 0.999695
000116 375 1242 1 211.463 176.714 268.544 205.151 0.975554
000117 375 1242 1 137.817 176.332 213.191 206.56 0.999917
000117 375 1242 1 44.9732 176.262 142.176 211.079 0.999428
000117 375 1242 1 579.095 177.903 620.811 217.493 0.999266
000117 375 1242 1 204.092 174.254 249.9 204.085 0.912623
000118 375 1242 1 580.414 176.597 621.073 215.545 0.999974
000118 375 1242 1 116.905 176.279 200.779 206.855 0.999743
000118 375 1242 1 19.1899 176.796 124.28 212.213 0.999633
000118 375 1242 1 190.997 177.58 234.206 205.19 0.874954
000119 375 1242 1 98.8761 180.176 194.156 211.81 0.999864
000119 375 1242 1 0.0 179.341 107.809 219.334 0.99951
000119 375 1242 1 580.237 176.329 622.104 217.809 0.991582
000120 375 1242 1 579.982 180.432 620.239 216.762 0.998954
000120 375 1242 1 0.0 182.407 82.4627 221.315 0.99628
000120 375 1242 1 76.84 182.805 173.883 214.883 0.984195
000120 375 1242 1 184.315 182.544 232.21 207.908 0.832084
000121 375 1242 1 153.504 183.036 220.788 210.649 0.999927
000121 375 1242 1 581.53 180.82 622.127 220.018 0.996577
000121 375 1242 1 0.0 183.861 64.6239 224.057 0.933278
000122 375 1242 1 132.279 179.967 212.562 209.514 0.999946
000122 375 1242 1 581.158 180.419 620.428 218.045 0.999714
000122 375 1242 1 86.8036 181.179 139.141 215.573 0.78534
000123 375 1242 1 117.146 180.099 195.739 210.164 0.999942
000123 375 1242 1 580.403 178.531 618.885 214.195 0.998937
000123 375 1242 1 47.1735 178.764 123.411 217.3 0.997018
000124 375 1242 1 581.645 178.655 619.413 216.143 0.999977
000124 375 1242 1 0.0 180.089 105.868 218.451 0.99974
000124 375 1242 1 93.2706 182.059 184.021 210.634 0.99962
000125 375 1242 1 580.516 180.927 618.108 217.396 0.999889
000125 375 1242 1 78.7108 180.541 165.193 213.967 0.999138
000125 375 1242 1 0.0 181.153 89.3323 223.115 0.996127
000126 375 1242 1 52.3416 181.604 151.503 216.27 0.999976
000126 375 1242 1 580.607 183.664 619.16 215.426 0.998433
000126 375 1242 1 0.0 180.727 63.9524 223.141 0.906196
000127 375 1242 1 23.4532 181.21 134.141 218.01 0.999799
000127 375 1242 1 579.558 181.714 619.917 214.869 0.997501
000128 375 1242 1 2.27075 179.701 112.39 218.299 0.999191
000128 375 1242 1 581.379 179.315 620.222 213.271 0.988985
000129 375 1242 1 0.0 179.332 112.565 217.048 0.990549
000129 375 1242 1 581.494 180.064 620.208 212.358 0.965344
000130 375 1242 1 583.46 180.402 619.762 212.075 0.967228
000130 375 1242 1 0.0 180.621 86.6332 215.826 0.833886
000131 375 1242 1 583.934 177.936 621.37 213.192 0.99273
000132 375 1242 1 584.981 177.687 621.919 211.448 0.973811
000133 375 1242 1 585.511 175.942 624.042 215.92 0.992107
000134 375 1242 1 585.347 175.882 624.076 211.492 0.9999
000134 375 1242 1 310.821 177.142 348.651 196.597 0.582481
000135 375 1242 1 587.559 175.278 623.913 210.691 0.99208
000136 375 1242 1 588.061 173.3 623.644 206.43 0.998883
000136 375 1242 1 301.968 174.859 341.158 193.991 0.996257
000137 375 1242 1 588.266 171.11 624.184 203.108 0.998282
000137 375 1242 1 294.829 172.358 334.138 191.589 0.947406
000138 375 1242 1 587.633 170.786 624.53 203.112 0.99755
000138 375 1242 1 287.013 171.006 327.874 192.16 0.985061
000139 375 1242 1 588.386 174.842 623.465 209.332 0.998207
000139 375 1242 1 278.975 176.012 321.28 196.775 0.997986
000140 375 1242 1 271.436 180.347 313.369 202.376 0.993199
000140 375 1242 1 587.873 180.769 623.503 214.678 0.909434
000141 375 1242 1 587.658 182.231 623.457 216.429 0.998556
000142 375 1242 1 587.968 178.912 623.917 212.999 0.999651
000142 375 1242 1 251.369 179.917 302.503 203.408 0.587518
000143 375 1242 1 588.722 178.653 623.065 212.622 0.99656
