000000 375 1242 1 643.075 207.174 82.9756 64.7076 0.89129
000000 375 1242 1 371.021 196.55 50.961 32.1801 0.870893
000000 375 1242 1 442.022 191.814 40.3016 27.179 0.785338
000001 375 1242 1 360.295 196.25 53.4091 32.3753 0.872862
000001 375 1242 1 639.951 207.507 82.2228 64.3941 0.870172
000001 375 1242 1 436.404 194.629 43.0698 28.8187 0.846091
000002 375 1242 1 638.552 208.045 81.2687 62.5469 0.887119
000002 375 1242 1 349.072 198.5 57.4942 34.7827 0.864197
000002 375 1242 1 424.425 197.887 49.4391 31.5457 0.807801
000003 375 1242 1 337.533 202.336 59.9843 36.0193 0.873617
000003 375 1242 1 630.977 210.814 76.899 61.3557 0.872908
000003 375 1242 1 419.389 200.989 56.5004 36.223 0.833644
000004 375 1242 1 325.789 204.195 66.39 39.3413 0.883649
000004 375 1242 1 629.477 211.838 75.1936 63.4248 0.880589
000004 375 1242 1 408.971 202.887 63.7246 39.3126 0.85845
000005 375 1242 1 626.516 211.851 81.2264 63.6003 0.896848
000005 375 1242 1 310.544 204.135 70.5909 39.8659 0.883585
000005 375 1242 1 392.563 205.146 70.9904 43.7555 0.874966
000006 375 1242 1 292.944 206.38 80.7755 45.6089 0.913145
000006 375 1242 1 372.424 208.872 79.5484 47.3503 0.904366
000006 375 1242 1 624.235 211.478 73.6813 61.283 0.892841
000007 375 1242 1 270.143 209.515 94.9562 49.0046 0.898754
000007 375 1242 1 620.019 211.891 70.8263 62.1154 0.893771
000007 375 1242 1 348.914 213.469 100.719 53.4371 0.891526
000007 375 1242 2 757.727 240.402 20.0923 43.0547 0.661097
000008 375 1242 1 240.899 211.684 101.688 52.8972 0.926443
000008 375 1242 1 618.235 212.64 70.8285 63.2148 0.905887
000008 375 1242 1 312.746 219.333 114.721 61.038 0.901849
000009 375 1242 1 617.932 212.567 71.032 62.9373 0.912288
000009 375 1242 1 267.35 224.935 141.209 73.9817 0.889191
000009 375 1242 1 204.453 216.345 118.027 60.2543 0.886693
000010 375 1242 1 615.011 211.604 72.0242 61.8745 0.913613
000010 375 1242 1 198.096 233.462 208.519 90.3675 0.912098
000011 375 1242 1 117.223 244.83 230.982 115.739 0.922216
000011 375 1242 1 613.567 210.396 69.0439 63.1978 0.894326
000012 375 1242 1 610.576 210.401 67.5876 63.0632 0.891436
000012 375 1242 1 68.2175 257.504 136.435 132.3 0.868734
000013 375 1242 1 607.846 211.09 69.625 61.0319 0.902349
000013 375 1242 1 17.6782 229.777 35.3564 118.267 0.760162
000014 375 1242 1 603.67 209.833 68.3634 59.5553 0.902543
000015 375 1242 1 599.598 208.364 66.8151 62.292 0.900152
000016 375 1242 1 597.12 207.686 64.9862 62.137 0.881454
000017 375 1242 1 596.641 208.177 64.6476 62.8219 0.866971
000018 375 1242 1 595.776 208.8 66.7279 61.4937 0.873337
000019 375 1242 1 594.414 209.027 66.9403 59.994 0.882327
000020 375 1242 1 591.862 208.48 64.2682 60.0332 0.888896
000021 375 1242 1 591.866 208.967 63.8228 58.9122 0.897899
000022 375 1242 1 592.253 209.85 63.5906 60.0062 0.902499
000023 375 1242 1 592.674 210.058 63.9274 59.2679 0.905683
000024 375 1242 1 592.398 210.0 64.2167 59.3558 0.901014
000025 375 1242 1 592.996 208.942 62.1598 59.0142 0.899883
000026 375 1242 1 593.638 208.451 61.827 59.9226 0.893391
000027 375 1242 1 593.489 201.612 62.91 59.0835 0.883011
000028 375 1242 1 593.712 201.603 60.3911 60.0086 0.892375
000029 375 1242 1 595.184 201.852 59.4741 59.128 0.895643
000030 375 1242 1 594.805 201.531 62.411 58.1539 0.907614
000031 375 1242 1 597.819 207.417 60.7526 57.9087 0.889785
000032 375 1242 1 598.881 208.692 59.4911 59.0841 0.906645
000033 375 1242 1 601.364 208.196 60.7511 57.5038 0.901582
000034 375 1242 1 602.581 208.465 62.55 57.9944 0.900224
000035 375 1242 1 604.713 207.979 62.1475 56.2204 0.894869
000036 375 1242 1 605.106 207.194 61.2762 57.1188 0.891691
000037 375 1242 1 603.287 201.982 63.0537 58.1606 0.89545
000038 375 1242 1 605.599 206.446 61.1508 57.1186 0.883719
000039 375 1242 1 606.008 206.429 62.8501 57.4948 0.878124
000040 375 1242 1 606.482 207.565 58.7603 57.0074 0.894518
000041 375 1242 1 606.636 207.1 59.9291 54.7108 0.898543
000042 375 1242 1 605.794 206.731 59.4292 52.8875 0.888888
000043 375 1242 1 605.3 206.77 60.2567 54.7028 0.883009
000044 375 1242 1 606.247 207.855 59.2344 54.7783 0.887827
000045 375 1242 1 605.386 208.602 57.9109 57.1166 0.902374
000046 375 1242 1 605.159 208.439 57.6667 56.0383 0.908792
000047 375 1242 1 605.081 207.697 57.6 54.3668 0.888142
000048 375 1242 1 606.361 206.686 60.2483 53.7292 0.880953
000049 375 1242 1 605.836 207.093 58.8317 53.2603 0.881746
000050 375 1242 1 605.944 208.269 57.6493 53.9261 0.864214
000051 375 1242 1 604.526 208.578 57.0956 53.7478 0.869005
000052 375 1242 1 604.314 208.569 58.0217 54.6909 0.867516
000053 375 1242 1 603.887 208.13 56.8318 53.33 0.881123
000053 375 1242 1 1209.65 297.434 64.7087 155.132 0.684818
000054 375 1242 1 602.451 207.781 58.7494 53.7286 0.872922
000055 375 1242 1 600.369 206.907 56.7756 52.3205 0.88253
000056 375 1242 1 598.578 201.126 58.4938 54.5225 0.909266
000057 375 1242 1 596.551 200.882 58.1387 55.672 0.909583
000058 375 1242 1 595.907 206.698 57.1655 53.0937 0.876991
000059 375 1242 1 594.489 209.911 57.4012 51.8041 0.895686
000060 375 1242 1 593.795 212.54 56.9755 54.2412 0.904018
000061 375 1242 1 592.322 208.541 58.1273 51.242 0.891689
000062 375 1242 1 590.446 200.116 56.1749 52.4943 0.916354
000063 375 1242 1 590.526 196.134 57.7788 51.9083 0.906182
000064 375 1242 1 589.706 197.426 55.7236 50.9916 0.914374
000064 375 1242 1 1101.62 185.054 99.1526 32.5828 0.713633
000065 375 1242 1 591.342 202.773 55.0323 49.5892 0.881143
000065 375 1242 1 1117.0 188.365 91.0315 37.8008 0.813342
000066 375 1242 1 590.767 206.434 56.8743 51.0201 0.887885
000066 375 1242 1 1143.22 188.076 114.946 44.3981 0.847647
000066 375 1242 1 526.376 189.611 25.3134 17.4044 0.624588
000066 375 1242 1 922.761 180.178 72.8317 29.0217 0.600542
000067 375 1242 1 590.393 205.938 58.9207 50.2115 0.878023
000067 375 1242 1 1164.04 188.757 121.341 41.7602 0.840817
000067 375 1242 1 522.291 188.793 24.4062 18.1774 0.672991
000067 375 1242 3 400.434 197.156 21.9771 28.0811 0.717286
000068 375 1242 1 590.6 202.535 53.1274 51.6071 0.875074
000068 375 1242 1 1179.86 185.967 118.256 41.2892 0.807997
000068 375 1242 3 389.689 195.927 21.4102 29.7737 0.652672
000069 375 1242 1 591.001 201.62 52.6382 49.8205 0.891954
000069 375 1242 1 1194.59 184.993 90.7642 39.566 0.782768
000069 375 1242 3 379.38 194.117 25.0485 30.6264 0.62464
000070 375 1242 1 591.526 199.748 54.755 49.0414 0.904709
000070 375 1242 1 1205.64 187.399 72.7247 37.5688 0.84629
000070 375 1242 1 507.883 185.102 30.9785 21.0105 0.621324
000070 375 1242 3 365.324 192.877 24.9341 33.9447 0.726717
000071 375 1242 1 590.909 199.875 55.6467 49.1241 0.908947
000071 375 1242 1 501.483 186.417 34.9358 23.2177 0.722631
000071 375 1242 3 352.35 193.611 29.535 36.375 0.755104
000072 375 1242 1 591.453 200.375 55.7509 51.6125 0.903738
000072 375 1242 1 494.469 189.807 36.2391 24.3843 0.799838
000072 375 1242 3 339.485 197.182 32.3037 38.5729 0.785293
000073 375 1242 1 592.197 200.564 54.1769 51.6861 0.903713
000073 375 1242 1 489.942 194.244 37.5643 24.734 0.837384
000073 375 1242 3 323.438 199.086 34.8094 40.1366 0.791283
000074 375 1242 1 592.54 200.562 53.3174 53.418 0.902171
000074 375 1242 1 481.671 197.397 41.1293 28.5783 0.840816
000074 375 1242 3 309.61 200.683 39.271 45.1236 0.784813
000075 375 1242 1 592.806 200.605 52.5233 51.3031 0.899051
000075 375 1242 1 472.006 199.339 45.0705 28.2722 0.834619
000075 375 1242 1 545.967 185.287 31.324 22.3889 0.639305
000075 375 1242 3 289.104 211.559 25.9003 37.7579 0.757755
000076 375 1242 1 592.628 200.801 54.3468 50.2575 0.906038
000076 375 1242 1 463.738 201.226 51.1144 31.3664 0.820032
000076 375 1242 1 540.451 188.087 33.4847 25.3017 0.793599
000076 375 1242 3 263.33 212.396 34.957 46.9883 0.72897
000077 375 1242 1 591.73 200.495 54.0664 51.2093 0.903136
000077 375 1242 1 448.639 204.537 56.7197 35.6494 0.860387
000077 375 1242 1 537.188 190.326 36.733 27.3966 0.851546
000077 375 1242 3 229.97 208.103 48.0301 61.8177 0.740122
000078 375 1242 1 433.325 209.02 68.3784 40.8573 0.904676
000078 375 1242 1 590.469 206.372 56.3737 52.2733 0.891297
000078 375 1242 1 531.371 197.412 41.9474 30.5945 0.859854
000078 375 1242 3 196.794 220.496 53.1436 63.2499 0.832401
000079 375 1242 1 414.583 218.329 75.0175 45.3229 0.906472
000079 375 1242 1 592.548 210.439 54.5162 51.2883 0.89796
000079 375 1242 1 527.706 203.775 48.0597 35.0762 0.860999
000079 375 1242 3 161.605 229.566 64.6456 65.0262 0.896447
000080 375 1242 1 386.218 222.712 91.9503 53.5437 0.914474
000080 375 1242 1 593.528 210.846 54.5986 51.7592 0.888616
000080 375 1242 1 518.474 207.347 50.5377 38.2249 0.88166
000080 375 1242 3 106.499 233.309 80.3505 77.938 0.945214
000081 375 1242 1 353.466 229.239 106.8 60.938 0.909965
000081 375 1242 1 593.805 208.431 55.4767 52.3556 0.896517
000081 375 1242 1 508.448 207.244 58.3079 40.7723 0.896343
000081 375 1242 3 48.2094 238.737 86.5303 86.5167 0.958622
000082 375 1242 1 305.761 237.148 140.963 72.974 0.921632
000082 375 1242 1 593.265 208.439 54.0319 50.6897 0.899787
000082 375 1242 1 497.273 210.883 67.2647 46.1925 0.895111
000083 375 1242 1 238.054 247.464 185.504 85.8465 0.938306
000083 375 1242 1 481.323 212.977 80.8493 55.6451 0.919269
000083 375 1242 1 593.64 207.265 53.8186 49.2265 0.901043
000083 375 1242 1 822.527 182.202 46.5813 23.2364 0.617411
000084 375 1242 1 130.65 264.796 251.147 123.682 0.943826
000084 375 1242 1 457.097 216.101 93.7426 65.9057 0.932415
000084 375 1242 1 593.18 206.283 54.1019 50.8156 0.882329
000085 375 1242 1 421.12 227.539 116.91 79.7766 0.923123
000085 375 1242 1 592.714 200.885 53.7705 49.9494 0.89205
000085 375 1242 1 79.0313 287.308 158.063 149.593 0.749233
000086 375 1242 1 368.302 242.71 168.583 113.694 0.941089
000086 375 1242 1 593.341 201.237 54.5531 48.3895 0.893706
000087 375 1242 1 258.047 281.053 288.66 170.068 0.941193
000087 375 1242 1 594.753 202.434 53.255 49.6669 0.868491
000088 375 1242 1 162.321 288.909 324.643 172.182 0.928403
000088 375 1242 1 595.103 205.741 53.4088 50.5191 0.871633
000088 375 1242 1 792.361 184.042 40.4412 22.2119 0.655662
000089 375 1242 1 594.277 202.261 52.0513 47.9978 0.859324
000089 375 1242 1 64.5273 294.11 129.055 161.78 0.853528
000090 375 1242 1 594.442 202.013 53.2776 48.2336 0.859666
000091 375 1242 1 594.095 201.329 53.7015 46.741 0.879841
000092 375 1242 1 594.193 200.296 53.8181 48.827 0.893647
000093 375 1242 1 594.496 200.077 55.0939 48.0275 0.897897
000094 375 1242 1 593.775 201.26 52.4406 47.0158 0.871768
000094 375 1242 1 807.72 179.119 40.069 19.5405 0.660312
000095 375 1242 1 593.635 201.903 52.5101 48.3322 0.872696
000095 375 1242 1 888.743 174.232 65.946 35.0051 0.744718
000095 375 1242 1 836.489 177.325 42.2061 24.1137 0.692452
000096 375 1242 1 592.932 201.992 53.6522 49.4175 0.860063
000097 375 1242 1 590.962 201.898 53.2284 47.1556 0.876624
000097 375 1242 1 840.802 174.283 42.7078 22.8348 0.678674
000098 375 1242 1 590.786 201.027 53.9259 48.799 0.89454
000099 375 1242 1 589.04 200.621 53.7587 49.982 0.904308
000099 375 1242 1 854.734 172.848 43.1774 21.0827 0.675218
000100 375 1242 1 588.655 201.629 54.4229 49.8052 0.874261
000100 375 1242 1 837.546 177.612 42.2867 19.9778 0.729418
000101 375 1242 1 586.882 202.588 53.2253 49.2982 0.838389
000101 375 1242 1 842.386 178.074 44.3081 20.0896 0.707765
000102 375 1242 1 591.132 206.575 52.8611 50.8642 0.82361
000102 375 1242 1 885.928 178.087 43.2092 24.359 0.716656
000103 375 1242 1 590.352 206.054 51.9224 51.4341 0.836722
000103 375 1242 1 885.794 177.905 44.474 24.954 0.723026
000103 375 1242 1 855.201 180.82 39.9733 19.627 0.678645
000104 375 1242 1 590.277 206.148 54.9038 50.2865 0.837974
000104 375 1242 1 901.835 175.677 46.2986 30.1968 0.734343
000104 375 1242 1 860.087 178.374 42.4288 22.1095 0.727472
000105 375 1242 1 587.422 201.614 56.7545 52.6855 0.853895
000105 375 1242 1 869.229 178.15 46.0554 22.8686 0.762355
000106 375 1242 1 587.918 202.109 55.8258 52.7234 0.845665
000106 375 1242 1 876.326 179.971 48.8531 23.6941 0.742106
000106 375 1242 1 921.113 174.034 59.512 32.5751 0.651751
000107 375 1242 1 589.798 201.732 56.1401 52.1499 0.889251
000107 375 1242 1 888.664 177.573 48.2708 24.3508 0.764141
000108 375 1242 1 588.972 201.863 55.2887 51.5031 0.86298
000108 375 1242 1 902.474 181.757 52.4738 24.9295 0.778001
000109 375 1242 1 589.515 202.153 55.7429 52.1784 0.860272
000109 375 1242 1 907.002 182.442 56.3246 25.0694 0.804537
000110 375 1242 1 590.057 200.983 58.0787 50.9256 0.883749
000110 375 1242 1 920.301 180.954 63.2111 25.5444 0.796342
000110 375 1242 1 971.417 174.115 72.6392 35.8498 0.772866
000110 375 1242 1 526.545 187.554 30.6725 22.429 0.681453
000111 375 1242 1 591.689 201.138 56.6606 53.1815 0.89644
000111 375 1242 1 933.714 181.841 65.3452 27.4952 0.821783
000111 375 1242 1 521.726 188.19 32.8361 24.3138 0.789136
000111 375 1242 1 986.801 172.785 77.1037 39.8037 0.627264
000112 375 1242 1 590.947 205.51 56.5784 51.7731 0.858267
000112 375 1242 1 1005.26 174.538 77.9604 42.1018 0.853042
000112 375 1242 1 948.794 182.858 70.7006 27.1998 0.821006
000112 375 1242 1 517.414 190.677 32.7723 26.4357 0.813155
000113 375 1242 1 1027.34 176.521 79.0388 45.5775 0.868735
000113 375 1242 1 593.066 206.189 56.2457 53.4366 0.860654
000113 375 1242 1 964.671 184.922 78.0645 27.4367 0.821896
000113 375 1242 1 511.134 194.406 37.161 28.7439 0.804228
000114 375 1242 1 592.86 206.449 55.9852 51.8033 0.864408
000114 375 1242 1 504.461 196.662 38.6044 28.757 0.858318
000114 375 1242 1 1048.08 179.252 84.8914 48.9258 0.823362
000114 375 1242 1 982.655 188.647 82.54 28.3762 0.726667
000115 375 1242 1 592.474 201.036 54.2191 52.0677 0.870725
000115 375 1242 1 999.675 184.147 90.2533 34.73 0.866949
000115 375 1242 1 497.789 194.819 41.5905 32.3752 0.854139
000115 375 1242 1 1073.76 175.472 98.25 51.105 0.685029
000116 375 1242 1 486.505 194.63 45.5054 35.9991 0.881344
000116 375 1242 1 593.639 199.658 53.9629 52.6974 0.881011
000116 375 1242 1 1016.65 179.647 98.3549 30.7315 0.818232
000117 375 1242 1 593.472 200.197 54.5441 53.242 0.88519
000117 375 1242 1 1033.41 176.14 98.947 29.9264 0.84995
000117 375 1242 1 473.859 199.688 51.7173 39.8368 0.845041
000117 375 1242 1 1124.91 169.216 118.75 58.24 0.740279
000118 375 1242 1 593.916 201.428 56.207 53.3265 0.896618
000118 375 1242 1 463.482 204.448 60.5164 43.3761 0.890963
000118 375 1242 1 1050.82 179.505 93.9358 31.0469 0.816416
000119 375 1242 1 446.6 211.097 69.624 48.3332 0.908932
000119 375 1242 1 1180.48 181.667 119.778 72.6854 0.881718
000119 375 1242 1 595.702 207.583 53.9523 54.0443 0.868219
000119 375 1242 1 532.916 191.138 30.3149 21.0015 0.760783
000119 375 1242 1 1096.17 186.3 105.871 35.1648 0.675472
000120 375 1242 1 424.0 214.683 77.4723 54.2361 0.91265
000120 375 1242 1 595.842 207.766 53.1553 53.701 0.871698
000120 375 1242 1 1191.71 184.025 100.572 65.8569 0.810915
000120 375 1242 1 529.081 191.966 31.256 21.9267 0.788384
000120 375 1242 1 1137.48 259.482 140.115 118.606 0.667243
000120 375 1242 1 1096.79 189.606 87.0544 32.76 0.640729
000121 375 1242 1 396.097 215.449 94.8431 64.0466 0.915633
000121 375 1242 1 594.136 200.524 54.4269 54.0635 0.900533
000121 375 1242 1 1209.77 183.218 64.4532 53.8367 0.841715
000121 375 1242 1 1131.18 192.176 115.94 39.9853 0.82691
000121 375 1242 1 524.562 184.639 34.0573 22.7483 0.640452
000122 375 1242 1 354.049 218.443 123.261 75.9642 0.929115
000122 375 1242 1 595.049 198.304 54.2059 54.8929 0.897223
000122 375 1242 1 1165.37 188.029 130.864 43.3798 0.821843
000122 375 1242 1 518.946 185.42 37.8806 26.1552 0.745288
000123 375 1242 1 294.37 232.956 155.798 95.6766 0.922238
000123 375 1242 1 594.905 198.339 54.9034 53.5717 0.893572
000123 375 1242 1 1182.89 182.193 111.235 49.6071 0.833912
000123 375 1242 1 513.933 187.162 40.3623 26.1131 0.795078
000124 375 1242 1 196.232 259.774 234.232 128.619 0.935993
000124 375 1242 1 595.504 197.869 55.5953 54.4061 0.897776
000124 375 1242 1 1205.67 179.841 72.6561 52.4116 0.872326
000124 375 1242 1 505.478 191.086 45.4441 30.012 0.870788
000124 375 1242 1 642.102 176.398 20.4601 16.1987 0.604779
000125 375 1242 1 110.22 288.583 220.065 172.833 0.964086
000125 375 1242 1 594.571 200.158 57.4109 54.5747 0.907319
000125 375 1242 1 497.943 197.06 53.0075 32.4327 0.857783
000126 375 1242 1 595.11 202.183 58.455 59.1417 0.896533
000126 375 1242 1 490.548 202.867 55.3467 34.5509 0.828326
000127 375 1242 1 596.723 206.745 58.3522 57.2208 0.892204
000127 375 1242 1 476.444 205.977 56.8817 38.7996 0.866923
000127 375 1242 1 808.635 174.133 35.6191 20.8685 0.682358
000128 375 1242 1 461.869 209.291 63.2042 42.5585 0.888186
000128 375 1242 1 596.729 205.936 57.621 55.0843 0.877643
000128 375 1242 1 821.294 176.126 33.8334 21.451 0.714665
000129 375 1242 1 442.826 212.708 75.2886 47.6326 0.905107
000129 375 1242 1 595.231 201.849 57.3672 55.8037 0.889428
000129 375 1242 1 823.346 177.211 30.5481 20.1691 0.601278
000130 375 1242 1 594.043 201.352 57.6716 55.5419 0.904576
000130 375 1242 1 419.428 216.792 91.1742 55.4695 0.896264
000130 375 1242 1 820.836 171.169 39.6733 21.7195 0.645432
000131 375 1242 1 593.599 200.465 57.0988 53.2161 0.912237
000131 375 1242 1 388.162 222.796 109.245 64.7728 0.908861
000132 375 1242 1 343.825 234.4 143.341 78.2729 0.942777
000132 375 1242 1 594.114 201.932 58.6875 57.0359 0.909898
000132 375 1242 1 817.738 171.728 32.6553 20.0661 0.605915
000133 375 1242 1 277.825 249.547 200.89 100.807 0.91312
000133 375 1242 1 593.72 202.368 58.8962 57.0901 0.898473
000133 375 1242 1 816.642 176.253 30.6827 18.0383 0.626384
000134 375 1242 1 163.472 280.49 290.671 136.391 0.887127
000134 375 1242 1 595.123 207.158 59.1511 55.1998 0.884282
000134 375 1242 1 821.458 176.735 34.4235 20.0387 0.712467
000134 375 1242 1 853.685 176.333 37.8785 22.9286 0.692429
000135 375 1242 1 117.764 294.042 235.528 159.122 0.98087
000135 375 1242 1 594.97 208.167 57.5699 54.646 0.899104
000135 375 1242 1 854.939 181.358 38.7908 21.6973 0.668855
000135 375 1242 1 825.553 184.98 37.1018 19.9035 0.657082
000136 375 1242 1 595.229 208.594 57.0105 54.3846 0.892324
000136 375 1242 1 31.3147 291.126 62.6294 167.748 0.811926
000136 375 1242 1 837.924 183.207 36.2715 22.2885 0.708668
000137 375 1242 1 595.84 207.99 57.5457 57.1824 0.892291
000137 375 1242 1 855.278 180.127 39.4471 23.3015 0.729769
000137 375 1242 1 653.034 186.772 25.8203 21.7576 0.643533
000138 375 1242 1 596.198 206.586 57.4902 56.581 0.878257
000138 375 1242 1 869.796 179.921 44.8292 26.2174 0.767705
000138 375 1242 1 656.088 185.943 26.9592 22.2602 0.644685
000139 375 1242 1 594.67 201.76 60.3712 59.9403 0.905529
000139 375 1242 1 852.489 176.294 44.3827 23.047 0.718466
000139 375 1242 1 806.296 172.869 30.7775 17.4717 0.600985
000140 375 1242 1 597.434 200.636 60.119 55.7899 0.909405
000140 375 1242 1 887.206 177.124 37.6481 28.9143 0.79524
000140 375 1242 1 852.98 175.736 34.7506 22.8882 0.764382
000140 375 1242 1 661.634 189.905 28.9777 24.1714 0.646831
000141 375 1242 1 601.055 200.358 60.4261 57.4872 0.902526
000141 375 1242 1 889.068 176.206 47.248 25.4126 0.750975
000141 375 1242 1 666.189 188.132 31.8735 25.531 0.732669
000142 375 1242 1 601.223 200.603 60.1423 58.7599 0.906114
000142 375 1242 1 904.99 175.902 46.8975 27.6722 0.817206
000142 375 1242 1 869.835 176.296 40.8755 23.0771 0.788719
000142 375 1242 1 669.316 184.319 27.1885 23.5367 0.652291
000143 375 1242 1 603.624 200.932 60.2028 57.4488 0.894524
000143 375 1242 1 919.722 177.321 52.6859 27.0921 0.804635
000143 375 1242 1 875.812 177.214 42.7452 23.027 0.777255
000143 375 1242 1 669.622 186.534 29.2391 26.475 0.760548
000144 375 1242 1 604.045 201.804 62.0907 56.1161 0.870881
000144 375 1242 1 888.433 177.942 52.2698 25.3238 0.821662
000144 375 1242 1 935.236 177.868 62.4797 31.1034 0.814089
000144 375 1242 1 671.191 187.661 32.687 26.9263 0.792155
000145 375 1242 1 605.733 206.356 60.8037 57.9728 0.887423
000145 375 1242 1 677.392 189.96 36.3267 29.0355 0.853172
000145 375 1242 1 891.784 179.655 51.6873 25.3703 0.78407
000145 375 1242 1 837.638 172.241 39.3361 23.2685 0.753192
000145 375 1242 1 937.089 179.746 54.1898 27.2676 0.751024
000146 375 1242 1 606.951 207.027 60.5291 58.6327 0.897368
000146 375 1242 1 678.517 192.132 38.189 31.0356 0.850875
000146 375 1242 1 954.391 181.437 73.3079 34.0967 0.788138
000146 375 1242 1 916.263 179.044 50.2758 27.9309 0.670273
000147 375 1242 1 609.679 207.172 59.8115 56.8376 0.897775
000147 375 1242 1 681.735 193.502 34.2815 30.7594 0.82284
000147 375 1242 1 966.732 183.191 89.1504 37.4243 0.800295
000147 375 1242 1 850.98 173.318 37.329 22.4098 0.696912
000147 375 1242 1 915.444 180.779 53.6174 26.3351 0.65218
000148 375 1242 1 611.58 207.095 59.7972 58.7571 0.89335
000148 375 1242 1 686.55 193.695 37.4365 32.5592 0.837876
000148 375 1242 1 854.598 175.056 45.2856 24.1895 0.768232
000148 375 1242 1 922.877 182.655 54.1119 27.1167 0.764402
000149 375 1242 1 613.946 207.946 58.405 59.6529 0.894618
000149 375 1242 1 690.478 195.462 38.2128 32.2914 0.84154
000149 375 1242 1 988.913 186.492 77.7209 36.2599 0.802075
000149 375 1242 1 857.262 179.596 40.7089 23.2186 0.729151
000149 375 1242 1 935.431 189.047 62.4371 28.0268 0.70645
000150 375 1242 1 614.493 209.406 60.2666 58.9439 0.903361
000150 375 1242 1 693.647 200.428 39.5178 33.5382 0.873067
000150 375 1242 1 1004.25 189.071 78.6693 37.3264 0.827018
000150 375 1242 1 947.418 185.893 62.7069 26.7402 0.753783
000150 375 1242 1 867.862 183.949 45.9995 24.8527 0.742392
000151 375 1242 1 615.366 208.68 62.454 58.0502 0.901838
000151 375 1242 1 694.528 198.816 43.1926 36.7279 0.883276
000151 375 1242 1 1019.31 187.018 79.9962 39.3644 0.792515
000151 375 1242 1 871.373 178.804 44.1637 24.1498 0.706302
000151 375 1242 1 962.42 189.531 71.5426 27.4061 0.68227
000152 375 1242 1 614.551 200.687 60.9182 57.717 0.90308
000152 375 1242 1 698.331 195.376 47.6425 38.3683 0.87431
000152 375 1242 1 972.766 183.404 77.0347 28.9414 0.822788
000152 375 1242 1 1037.69 181.756 91.1187 41.8984 0.741015
000153 375 1242 1 617.201 200.743 62.629 55.6219 0.895277
000153 375 1242 1 706.266 196.197 49.3501 40.1008 0.845519
000153 375 1242 1 989.095 180.065 71.799 27.8949 0.844383
000153 375 1242 1 1054.18 178.995 86.5266 41.8412 0.791762
000154 375 1242 1 620.247 201.898 61.627 56.6154 0.87477
000154 375 1242 1 711.038 196.559 47.9373 40.8971 0.868559
000154 375 1242 1 1080.46 178.385 103.51 48.564 0.85077
000154 375 1242 1 1011.14 180.226 78.5565 30.6906 0.749629
000155 375 1242 1 620.851 207.39 59.8007 58.813 0.885684
000155 375 1242 1 718.018 201.106 60.5823 40.7816 0.881355
000155 375 1242 1 1102.07 180.341 105.38 50.8766 0.846484
000155 375 1242 1 1018.29 178.942 84.0068 30.6482 0.828326
000156 375 1242 1 723.483 201.609 62.7245 47.2206 0.898699
000156 375 1242 1 622.498 207.163 62.261 58.5478 0.895351
000156 375 1242 1 1035.11 184.141 89.9434 31.5753 0.830357
000157 375 1242 1 729.199 206.48 69.6976 48.1034 0.889018
000157 375 1242 1 622.028 206.338 60.9645 57.3279 0.884149
000157 375 1242 1 1062.44 184.423 102.596 34.3888 0.857692
000157 375 1242 1 1159.64 181.463 134.304 59.5069 0.816857
000158 375 1242 1 624.868 201.933 61.5739 58.59 0.893826
000158 375 1242 1 1178.42 183.358 119.43 60.9929 0.892278
000158 375 1242 1 736.241 206.638 71.459 51.3737 0.833934
000158 375 1242 1 1081.78 187.37 118.873 35.8941 0.808539
000159 375 1242 1 744.495 209.64 76.3649 51.3598 0.900439
000159 375 1242 1 625.078 202.215 63.3124 59.3904 0.899346
000159 375 1242 1 1192.27 182.388 97.2781 55.1373 0.801501
000160 375 1242 1 754.082 211.33 91.1877 60.8221 0.896194
000160 375 1242 1 628.124 207.136 59.8073 60.3711 0.888689
000160 375 1242 1 1225.71 179.98 31.012 96.5479 0.865357
000160 375 1242 1 1111.29 184.607 99.1792 34.8669 0.854989
000161 375 1242 1 629.465 207.628 60.8214 61.9409 0.890969
000161 375 1242 1 1160.48 187.171 149.507 43.7235 0.851953
000161 375 1242 1 766.844 212.435 96.8046 67.3054 0.817752
000161 375 1242 1 1228.72 182.756 26.5574 69.4539 0.743857
000161 375 1242 2 754.071 209.985 24.8101 78.157 0.667914
000162 375 1242 1 630.242 208.081 60.1608 61.5814 0.897452
000162 375 1242 1 1174.94 187.374 134.115 43.2811 0.836105
000162 375 1242 1 783.835 214.009 100.846 70.2002 0.806145
000162 375 1242 2 762.005 214.509 25.2585 81.8294 0.831862
000163 375 1242 1 630.745 207.32 60.6487 61.0047 0.888283
000163 375 1242 1 1191.4 188.264 101.192 44.5349 0.834659
000163 375 1242 1 792.319 225.777 114.901 78.8625 0.720867
000163 375 1242 2 779.097 218.064 28.7089 94.9959 0.773846
000164 375 1242 1 631.672 207.415 60.9487 60.2608 0.89727
000164 375 1242 1 1209.29 182.874 65.4271 46.6812 0.879563
000164 375 1242 1 813.803 230.43 133.376 92.7705 0.856227
000164 375 1242 2 799.88 226.541 27.8711 105.872 0.76871
000165 375 1242 1 835.538 240.07 156.294 101.669 0.926413
000165 375 1242 1 631.779 208.659 62.6968 60.9863 0.896709
000165 375 1242 2 825.096 232.525 31.7297 113.162 0.783788
000166 375 1242 1 633.099 209.565 61.8134 61.5338 0.896236
000166 375 1242 1 867.71 245.227 195.11 117.782 0.866774
000166 375 1242 2 854.616 244.127 38.551 131.853 0.733819
000167 375 1242 1 633.018 209.919 60.5531 62.5617 0.897319
000167 375 1242 1 916.628 257.965 220.831 133.729 0.741563
000167 375 1242 2 900.234 259.984 45.7192 178.105 0.722166
000168 375 1242 1 940.042 275.358 246.698 184.03 0.938515
000168 375 1242 1 631.834 208.065 60.6632 59.7653 0.897367
000168 375 1242 2 965.718 266.214 52.118 195.659 0.672596
000169 375 1242 1 1014.37 277.516 356.543 190.318 0.908557
000169 375 1242 1 632.502 208.544 61.7546 59.5231 0.890643
000170 375 1242 1 1061.31 281.078 361.388 182.763 0.942833
000170 375 1242 1 633.23 209.287 62.7684 60.2037 0.900735
000171 375 1242 1 1108.21 288.37 267.584 173.26 0.951705
000171 375 1242 1 632.218 210.985 61.5216 60.1052 0.908994
000172 375 1242 1 634.091 211.038 63.3566 60.4849 0.897462
000173 375 1242 1 632.995 211.494 64.4314 62.0743 0.91029
000174 375 1242 1 632.735 211.334 65.1107 62.274 0.905598
000175 375 1242 1 632.046 210.905 63.2064 62.5779 0.907615
000176 375 1242 1 632.695 210.596 66.4791 63.7377 0.911246
000177 375 1242 1 633.01 210.203 68.8176 64.7936 0.890546
000178 375 1242 1 632.781 209.763 68.0311 65.9206 0.888894
000179 375 1242 1 633.753 209.33 66.3429 65.92 0.895857
000180 375 1242 1 632.517 209.575 65.349 65.1402 0.892031
000181 375 1242 1 631.68 209.493 66.2812 65.5665 0.887549
000182 375 1242 1 631.768 209.503 66.3563 68.1504 0.893038
000183 375 1242 1 631.97 207.969 69.759 67.5314 0.87406
000184 375 1242 1 630.945 201.395 70.4851 66.1258 0.878726
000185 375 1242 1 631.51 200.771 68.8051 63.1378 0.892306
000186 375 1242 1 629.984 201.12 68.947 64.7827 0.902343
000187 375 1242 1 630.166 201.046 69.7584 64.4521 0.903838
000188 375 1242 1 629.25 201.562 69.2744 65.2186 0.891849
000189 375 1242 1 630.382 201.649 72.7411 67.3459 0.846641
000190 375 1242 1 629.941 207.503 71.7773 68.8126 0.846729
000191 375 1242 1 630.497 208.137 71.015 70.3445 0.87618
000192 375 1242 1 630.487 209.248 69.0858 69.0287 0.892031
000193 375 1242 1 630.989 210.208 69.6808 68.0138 0.894127
000194 375 1242 1 631.213 210.489 70.0068 68.3492 0.890519
000195 375 1242 1 630.804 210.426 69.4877 68.2715 0.904992
000196 375 1242 1 630.971 209.908 69.0847 67.3464 0.890155
000197 375 1242 1 630.665 210.199 68.1863 68.4336 0.881693
000198 375 1242 1 631.522 209.691 70.2433 68.1555 0.874666
000199 375 1242 1 630.844 208.82 69.722 67.7202 0.890547
000200 375 1242 1 631.241 208.649 66.1296 66.2274 0.89452
000201 375 1242 1 631.456 208.988 66.4922 67.1864 0.903623
000202 375 1242 1 631.132 208.617 66.3086 68.1768 0.894801
000203 375 1242 1 630.985 208.931 68.1996 67.463 0.888128
000204 375 1242 1 631.1 209.729 67.7004 66.9143 0.888708
000205 375 1242 1 630.375 209.565 67.2197 65.6195 0.89009
000206 375 1242 1 630.574 209.628 67.165 67.3673 0.890338
000207 375 1242 1 630.914 209.815 67.7966 66.2457 0.894906
000208 375 1242 1 630.544 209.222 67.1886 66.0408 0.897437
000209 375 1242 1 629.719 209.213 66.0266 66.499 0.898635
000209 375 1242 2 344.238 202.179 17.6777 43.9207 0.614153
000210 375 1242 1 627.917 209.763 66.1848 66.4846 0.904925
000210 375 1242 2 324.507 207.401 17.1024 42.9843 0.610518
000211 375 1242 1 627.742 209.392 66.4854 64.7494 0.903805
000211 375 1242 2 302.123 208.615 18.5822 51.4111 0.63471
000212 375 1242 1 626.825 209.554 65.6504 64.3236 0.908992
000213 375 1242 1 625.251 209.571 67.0963 63.2198 0.904994
000213 375 1242 2 252.739 209.63 21.6374 54.5666 0.695209
000214 375 1242 1 624.048 210.009 65.7922 63.2982 0.908036
000214 375 1242 2 223.18 209.607 26.4684 57.6298 0.757875
000215 375 1242 1 620.978 209.536 64.5479 62.3915 0.881561
000215 375 1242 2 182.197 215.691 34.7728 66.7222 0.819346
000216 375 1242 1 620.244 208.7 65.8672 65.564 0.884771
000216 375 1242 2 146.443 220.234 40.6021 73.2062 0.777062
000216 375 1242 3 145.97 223.644 66.0277 67.2054 0.601971
000217 375 1242 1 618.886 208.472 65.343 65.3182 0.895173
000217 375 1242 2 96.9725 218.974 41.9462 72.7994 0.800463
000218 375 1242 1 617.209 208.154 65.8179 64.7173 0.896565
000218 375 1242 2 34.3099 225.893 44.3525 84.9767 0.871217
000219 375 1242 1 615.648 208.031 67.2161 65.3736 0.892728
000220 375 1242 1 614.398 208.481 65.4797 64.0805 0.897725
000221 375 1242 1 614.258 207.929 66.7312 64.1413 0.896541
000222 375 1242 1 613.832 207.744 64.6239 62.5389 0.896056
000223 375 1242 1 613.53 208.657 64.103 61.9248 0.901861
000224 375 1242 1 613.014 209.301 63.8115 62.5612 0.900302
000225 375 1242 1 612.638 209.262 64.5219 62.0256 0.90038
000226 375 1242 1 612.5 209.06 64.4844 61.0837 0.901284
000227 375 1242 1 611.257 208.671 63.6963 60.774 0.909369
000228 375 1242 1 610.487 209.154 64.4338 61.7103 0.90752
000229 375 1242 1 609.867 209.657 65.4861 59.8579 0.913048
000230 375 1242 1 609.225 209.561 63.8726 60.1193 0.903328
000231 375 1242 1 607.745 209.556 63.155 58.5032 0.911572
000232 375 1242 1 607.186 209.18 62.0031 59.4476 0.904725
000233 375 1242 1 606.783 208.663 62.1295 59.6361 0.892215
000234 375 1242 1 605.557 208.708 61.3628 57.4061 0.874441
000235 375 1242 1 605.218 208.892 61.1024 58.1776 0.87092
000236 375 1242 1 604.768 208.608 60.7974 57.8051 0.863973
000237 375 1242 1 605.462 208.413 60.4722 58.1724 0.874804
000238 375 1242 1 605.859 208.666 60.4154 58.6791 0.873814
000239 375 1242 1 605.992 207.704 60.9359 58.9407 0.86776
000240 375 1242 1 606.052 207.023 60.5199 56.8218 0.867683
000241 375 1242 1 606.19 206.956 60.0431 56.8401 0.867923
000242 375 1242 1 606.325 207.315 59.6521 57.4727 0.872641
000243 375 1242 1 606.748 206.736 60.7687 57.7185 0.877879
000244 375 1242 1 608.313 201.436 61.3203 56.4103 0.902337
000245 375 1242 1 608.644 201.373 59.5449 56.035 0.901067
000246 375 1242 1 609.973 201.09 60.7405 55.6426 0.902509
000247 375 1242 1 610.286 201.193 59.1943 56.2295 0.902209
000248 375 1242 1 611.161 201.488 59.3718 56.6172 0.900037
000249 375 1242 1 611.676 201.428 58.4717 54.3882 0.89495
000250 375 1242 1 611.547 201.596 58.8198 55.1256 0.882952
000251 375 1242 1 612.448 201.136 58.3458 56.1416 0.893924
000252 375 1242 1 612.936 201.179 59.8966 56.9281 0.896236
000253 375 1242 1 613.088 201.587 58.8059 57.1973 0.877539
000254 375 1242 1 615.591 205.941 58.5916 56.4956 0.845142
000255 375 1242 1 618.428 206.499 57.6925 54.4182 0.847753
000256 375 1242 1 620.881 206.399 57.9833 54.4345 0.827589
000257 375 1242 1 621.805 202.088 57.2096 54.2572 0.810825
000258 375 1242 1 621.349 205.947 59.0856 54.3723 0.83834
000259 375 1242 1 623.047 206.182 59.2522 55.1097 0.848194
000260 375 1242 1 623.742 201.29 60.0989 54.4428 0.878769
000261 375 1242 1 625.264 200.919 60.8247 54.8158 0.895812
000262 375 1242 1 626.963 201.372 56.5095 53.3636 0.875958
000263 375 1242 1 627.832 201.283 57.4514 53.6509 0.849839
000264 375 1242 1 628.135 206.563 56.813 51.9723 0.814463
000265 375 1242 1 628.474 206.716 58.452 52.6747 0.835679
000266 375 1242 1 629.952 206.604 58.666 53.5615 0.831111
000267 375 1242 1 630.821 206.398 58.197 53.1702 0.84083
000267 375 1242 1 1224.19 175.545 28.5745 32.5034 0.634522
000268 375 1242 1 632.417 206.318 57.0811 51.6394 0.848357
000269 375 1242 1 632.445 206.316 57.6869 52.3365 0.842736
000270 375 1242 1 634.213 206.463 58.5121 54.2523 0.850675
000271 375 1242 1 634.288 206.954 58.7357 54.4547 0.862849
000272 375 1242 1 636.403 206.651 57.9182 53.7846 0.857737
000272 375 1242 1 556.211 185.964 36.1941 22.3887 0.693878
000272 375 1242 1 589.535 186.088 31.7367 22.5138 0.669461
000273 375 1242 1 637.057 206.852 58.1974 53.3603 0.855982
000273 375 1242 1 578.82 187.247 36.0178 22.6274 0.691248
000273 375 1242 1 545.623 185.54 37.225 20.5567 0.656084
000274 375 1242 1 637.937 206.556 58.0154 53.2392 0.84032
000274 375 1242 1 574.773 190.15 36.8632 25.5094 0.818732
000274 375 1242 1 538.954 189.088 39.3309 23.3817 0.779513
000275 375 1242 1 638.52 201.781 58.4039 55.2005 0.850065
000275 375 1242 1 564.181 191.897 46.2506 27.2846 0.840346
000275 375 1242 1 528.982 189.637 45.4824 23.667 0.778183
000276 375 1242 1 636.493 199.725 57.8318 54.3837 0.885517
000276 375 1242 1 560.261 191.261 44.8444 30.2169 0.852873
000276 375 1242 1 518.752 191.214 48.7253 27.3967 0.822058
000277 375 1242 1 637.624 199.534 59.9174 53.319 0.908966
000277 375 1242 1 505.327 193.207 48.9766 31.639 0.854996
000277 375 1242 1 547.838 194.733 53.5385 32.8752 0.831097
000278 375 1242 1 638.093 199.515 58.1508 52.9134 0.903934
000278 375 1242 1 537.767 196.342 58.3929 37.3476 0.822998
000278 375 1242 1 493.09 195.697 57.9532 35.1226 0.799324
000279 375 1242 1 638.714 199.614 57.4714 52.8221 0.908063
000279 375 1242 1 526.129 200.737 61.4429 41.5332 0.894922
000279 375 1242 1 478.561 199.348 63.5395 36.5744 0.859766
000280 375 1242 1 639.775 199.39 56.8097 54.0031 0.90622
000280 375 1242 1 510.712 205.918 72.3195 45.3869 0.889767
000280 375 1242 1 462.658 201.501 71.3488 37.9293 0.825797
000281 375 1242 1 641.772 199.413 57.8651 52.7879 0.912517
000281 375 1242 1 435.716 205.174 73.5502 43.4048 0.873045
000281 375 1242 1 491.325 210.285 89.291 54.5878 0.863813
000282 375 1242 1 465.03 216.05 101.942 64.9762 0.931598
000282 375 1242 1 642.384 199.71 57.1628 53.6303 0.911947
000282 375 1242 1 405.057 210.469 86.9333 48.3275 0.881721
000283 375 1242 1 428.006 226.718 136.383 77.7972 0.920486
000283 375 1242 1 361.027 216.658 105.009 61.8724 0.912903
000283 375 1242 1 643.005 200.042 58.3083 53.714 0.907822
000284 375 1242 1 371.708 240.013 173.684 103.858 0.951538
000284 375 1242 1 644.398 199.585 55.6392 53.8343 0.903005
000285 375 1242 1 276.333 263.584 276.232 153.171 0.961117
000285 375 1242 1 644.463 199.61 56.3248 53.6501 0.907669
000286 375 1242 1 159.108 288.341 318.216 173.318 0.912173
000286 375 1242 1 644.931 198.793 57.494 52.7508 0.909799
000287 375 1242 1 646.328 199.107 56.0859 52.7553 0.905273
000287 375 1242 1 62.2703 289.415 124.541 165.778 0.875399
000288 375 1242 1 647.595 199.524 56.5878 52.2486 0.906319
000289 375 1242 1 648.318 199.451 56.5469 50.8126 0.902626
000290 375 1242 1 648.131 199.451 57.0056 50.5262 0.904216
000291 375 1242 1 646.814 199.369 55.8702 51.8958 0.900432
000292 375 1242 1 645.85 199.389 55.6842 51.0523 0.8977
000293 375 1242 1 645.519 199.337 56.7483 52.0196 0.906129
